35052.30859375
35075.98046875
35073.21875
35092.80859375
35078.2890625
35065.87109375
35047.69921875
35031.51953125
35078.359375
35067.83984375
35047.16015625
35058.25
35031.48046875
35026.83984375
35086.80859375
35083.421875
35127.83984375
35138.23828125
35135.25
35166.859375
35150.8515625
35133.21875
35135.7109375
35125.26953125
35121.87890625
35120.6796875
35096.109375
35116.23828125
35109.328125
35068.66015625
35074.2890625
35051.73828125
35045.859375
35040.5703125
35061.7890625
35061.7890625
35055.12109375
35064.37890625
35036.58984375
35012.2109375
35035.140625
35049.01171875
35043.28125
35041.25
35072.4609375
35062.16015625
35028.58984375
35016.37890625
35019.2890625
35044.328125
35039.48828125
35051.5390625
35045.5
35027.58984375
35024.328125
35035.859375
35030.828125
35029.75
34989.21875
34971.94921875
34986.8515625
35007.41015625
35009.390625
35042.328125
35072.48046875
35074.87890625
35106.73046875
35117.6015625
35112.62109375
35122.859375
35096.390625
35097.73046875
35108.421875
35096.640625
35096.328125
35108.3515625
35111.33984375
35098.78125
35082.578125
35086.8984375
35074.828125
35069.1796875
35069.19921875
35074.9296875
35065.12890625
35066.12109375
35055.21875
35046.6796875
35014.359375
34963.609375
34959.12109375
34967.390625
34977.44140625
34981.05859375
34959.3984375
34963.03125
34950.12109375
34944.26171875
34909.0390625
34893.16015625
34897.30078125
34883.37109375
34861.26953125
34845.7890625
34862.08984375
34861.33984375
34869.37109375
34886.76171875
34882.3515625
34869.83984375
34869.66015625
34874.69921875
34840.69921875
34825.66015625
34815.66015625
34813.33984375
34807.98046875
34819.78125
34804.01171875
34823.4609375
34820.171875
34810.55859375
34830.6796875
34831.55078125
34841.3515625
34865.4296875
34861.3984375
34858.66015625
34868.83984375
34873.51171875
34865.75
34842.87890625
34855.37890625
34847.6015625
34832.8984375
34843.46875
34862.859375
34863.80859375
34868.01171875
34853.94921875
34844.7109375
34863.5390625
34859.8515625
34837.328125
34843.48046875
34838.140625
34840.76171875
34847.80078125
34852.1796875
34845.48046875
34819.37890625
34799.80859375
34803.73046875
34818.53125
34823.5390625
34850.1015625
34831.80859375
34826.5703125
34814.58984375
34846.87109375
34863.3984375
34858.44921875
34845.4296875
34857.078125
34861.05078125
34860.87109375
34841.109375
34843.4296875
34852.2109375
34851.58984375
34877.23828125
34869.23046875
34886.26171875
34907.828125
34923.76953125
34950.828125
34946.01171875
34921.44140625
34916.46875
34916.21875
34928.30859375
34921.4296875
34942.87890625
34950.73828125
34966.5703125
34958.08984375
34982.80859375
35012.78125
35014.9609375
35005.51953125
35012.98046875
35015.66015625
34994.3984375
34995.140625
34999.73828125
35005.48828125
35007.0390625
34997.578125
34989.1484375
34999.03125
34998.078125
35014.73046875
35013.1015625
35009.46875
35029.48828125
35046.26171875
35036.55859375
35031.66015625
35020.05078125
35016.48046875
35015.66015625
35011.46875
35006.76171875
35004.0
34997.9609375
35002.75
35000.37109375
35013.26171875
35028.78125
35030.51171875
35040.37890625
35047.44140625
35032.21875
35018.9609375
35020.58984375
35022.71875
34995.828125
34983.83984375
34982.98046875
34996.78125
34996.859375
35014.23046875
35008.91015625
35007.12109375
35010.26171875
35008.5390625
35008.671875
34993.26953125
34987.12890625
34988.5390625
34997.44140625
35019.80078125
35018.3203125
34999.890625
34982.80859375
34991.75
35003.73828125
35004.73046875
35029.6796875
35041.140625
35029.98046875
35044.3984375
35032.671875
35036.94140625
35043.23828125
35035.30859375
35038.3984375
35021.05859375
35030.28125
35033.28125
35029.73828125
35024.83984375
35032.21875
35020.83984375
35024.8984375
35028.6015625
35034.80078125
35044.8984375
35046.5390625
35044.51953125
35056.390625
35037.62890625
35035.98046875
35048.859375
35050.5
35077.671875
35068.12109375
35045.6015625
35033.44140625
35026.58984375
35019.69921875
35029.8203125
35036.5703125
35045.03125
35037.28125
35037.12109375
35043.12890625
35049.890625
35056.19921875
35055.91015625
35063.1484375
35077.671875
35077.91015625
35067.23828125
35068.21875
35062.6015625
35048.8515625
35051.109375
35067.6015625
35059.16015625
35052.19921875
35054.19140625
35051.75
35059.921875
35058.5390625
35048.859375
35052.78125
35066.359375
35057.609375
35058.171875
35058.48046875
35059.48828125
35059.53125
35072.5
35070.66015625
35062.6015625
35051.75
35061.3515625
35064.4609375
35071.359375
35088.828125
35075.3203125
35081.640625
35082.26171875
35100.7109375
35122.62890625
35110.33984375
35109.80859375
35104.578125
35133.7109375
35148.0390625
35155.53125
35146.58984375
35154.1484375
35152.76953125
35169.6796875
35167.75
35169.73828125
35175.44921875
35177.44921875
35170.671875
35187.05859375
35179.48828125
35180.98046875
35180.26171875
35153.7890625
35158.91015625
35156.640625
35158.98828125
35165.828125
35161.62890625
35151.58984375
35140.25
35144.12109375
35143.51953125
35146.01171875
35141.73046875
35155.3515625
35163.171875
35161.0703125
35157.6484375
35167.62109375
35167.9296875
35162.76953125
35174.578125
35168.8203125
35154.5703125
35149.87890625
35152.078125
35142.37109375
35133.73828125
35142.48828125
35134.62890625
35131.87890625
35136.83984375
35132.62109375
35135.640625
35135.8515625
35146.5703125
35143.6484375
35152.5703125
35151.96875
35147.109375
35143.1484375
35144.671875
35142.671875
35130.609375
35137.98828125
35140.41015625
35152.640625
35155.6796875
35152.26953125
35160.1015625
35163.96875
35198.66015625
35199.87890625
35199.33984375
35198.62890625
35165.4609375
35178.78125
35154.6015625
35166.2109375
35173.890625
35169.5703125
35164.0703125
35172.7109375
35170.921875
35166.44140625
35172.7109375
35166.62109375
35174.9609375
35158.109375
35162.28125
35169.078125
35163.1796875
35153.80859375
35153.609375
35157.76953125
35173.3515625
35168.41015625
35170.671875
35177.5390625
35167.921875
35173.30078125
35173.390625
35169.94921875
35179.94140625
35169.1484375
35171.19140625
35165.33984375
35149.01171875
35168.26171875
35168.109375
35154.46875
35153.2109375
35173.25
35163.76171875
35166.8203125
35168.3203125
35160.7890625
35145.48828125
35149.96875
35135.0390625
35139.0703125
35132.94140625
35144.62109375
35154.76953125
35152.87890625
35154.421875
35148.6484375
35147.73828125
35142.2890625
35139.48046875
35135.48046875
35124.19921875
35126.26171875
35131.6796875
35128.01171875
35140.87109375
35147.98828125
35144.71875
35135.73046875
35134.890625
35144.01953125
35153.87109375
35161.76953125
35157.91015625
35161.9609375
35158.421875
35160.69140625
35151.28125
35163.4609375
35162.359375
35157.80078125
35162.01171875
35168.37109375
35188.26171875
35181.46875
35182.8515625
35187.109375
35189.83984375
35182.640625
35195.0390625
35214.08984375
35194.75
35201.98828125
35208.23828125
35217.109375
35218.41015625
35210.53125
35195.23046875
35199.23046875
35187.921875
35184.8515625
35178.69140625
35181.44140625
35172.55078125
35167.578125
35158.30859375
35173.12890625
35175.6484375
35173.30078125
35183.19140625
35192.01171875
35196.26953125
35197.51953125
35192.671875
35180.609375
35187.3515625
35188.62109375
35208.921875
35219.6015625
35208.41015625
35215.37890625
35210.55078125
35210.66015625
35210.75
35208.62890625
35218.25
35231.359375
35238.140625
35240.1015625
35236.390625
35243.1484375
35246.03125
35252.62890625
35258.328125
35244.171875
35252.671875
35260.8203125
35264.87109375
35268.98046875
35278.62890625
35279.01171875
35281.51953125
35292.9609375
35300.3515625
35301.73828125
35311.96875
35314.91015625
35332.73046875
35322.69140625
35322.91015625
35311.1484375
35304.921875
35303.21875
35303.62109375
35305.03125
35296.76953125
35276.01171875
35275.96875
35277.3984375
35285.80859375
35283.48046875
35287.609375
35295.33984375
35287.30078125
35292.26171875
35292.71875
35305.921875
35309.109375
35303.80078125
35303.28125
35303.51953125
35290.140625
35280.16015625
35293.109375
35304.2109375
35307.4609375
35305.71875
35298.71875
35299.94140625
35328.23828125
35325.94140625
35331.80859375
35315.8515625
35314.03125
35305.87109375
35316.19921875
35317.01171875
35310.890625
35296.87109375
35295.6015625
35276.359375
35273.87109375
35241.30078125
35247.8515625
35255.859375
35262.58984375
35251.91015625
35259.6015625
35227.2890625
35197.01171875
35215.9609375
35241.828125
35223.5703125
35199.23828125
35200.58984375
35176.96875
35204.87890625
35215.1015625
35184.578125
35175.75
35177.01953125
35172.05859375
35162.5
35165.05078125
35183.0
35157.26171875
35138.890625
35131.5390625
35141.671875
35125.80078125
35135.6796875
35110.23046875
35101.16015625
35089.1484375
