171.11000061035156
171.82000732421875
171.33999633789062
171.32000732421875
171.17999267578125
171.1300048828125
171.02000427246094
170.85000610351562
170.9600067138672
171.22000122070312
171.0399932861328
171.0
171.19000244140625
171.0800018310547
171.08999633789062
171.08999633789062
171.1699981689453
171.47000122070312
171.33999633789062
171.64999389648438
171.3000030517578
171.5800018310547
171.52000427246094
171.5800018310547
171.47999572753906
171.6300048828125
171.5
171.85000610351562
171.75999450683594
171.4199981689453
171.47000122070312
171.25
171.24000549316406
171.1999969482422
171.36500549316406
171.27000427246094
171.36000061035156
171.75999450683594
171.75
171.75120544433594
172.21929931640625
172.2971954345703
172.19000244140625
172.32139587402344
172.4008026123047
172.52000427246094
172.24000549316406
172.25
172.43099975585938
172.6300048828125
172.5500030517578
172.60000610351562
172.61000061035156
172.3350067138672
172.25999450683594
172.52999877929688
172.5601043701172
172.52000427246094
172.23989868164062
172.0
172.0050048828125
172.08999633789062
172.08999633789062
172.27999877929688
172.32000732421875
172.30999755859375
172.5
172.5386962890625
172.49000549316406
172.7198944091797
172.58999633789062
172.57000732421875
172.7451934814453
172.55999755859375
172.49000549316406
172.61000061035156
172.5749969482422
172.6199951171875
172.5
172.51499938964844
172.3300018310547
172.25
172.27340698242188
172.47999572753906
172.60000610351562
172.42999267578125
172.3699951171875
172.3665008544922
172.1300048828125
171.8271026611328
171.8000030517578
171.88999938964844
171.85000610351562
171.9600067138672
171.8800048828125
171.86000061035156
171.72340393066406
171.71499633789062
171.64300537109375
171.38999938964844
171.57000732421875
171.47999572753906
171.5133056640625
171.55999755859375
171.6815948486328
171.6300048828125
171.5399932861328
171.77000427246094
171.6199951171875
171.63119506835938
171.63119506835938
171.60000610351562
171.36000061035156
171.14999389648438
171.0500030517578
171.1999969482422
171.1199951171875
171.19000244140625
171.24000549316406
171.37010192871094
171.1699981689453
171.14999389648438
171.17999267578125
171.25999450683594
171.22000122070312
171.3800048828125
171.3267059326172
171.35330200195312
171.50689697265625
171.55999755859375
171.33999633789062
171.36000061035156
171.32000732421875
171.32000732421875
171.1300048828125
171.3800048828125
171.38999938964844
171.36000061035156
171.47000122070312
171.36500549316406
171.33999633789062
171.44000244140625
171.38999938964844
171.22999572753906
171.3350067138672
171.1199951171875
171.3699951171875
171.39669799804688
171.25
171.14999389648438
171.05999755859375
170.99000549316406
171.00010681152344
171.01260375976562
170.8699951171875
170.9810028076172
170.9949951171875
170.91000366210938
170.868896484375
171.03790283203125
171.00999450683594
170.91000366210938
170.9801025390625
171.08999633789062
171.05999755859375
171.08999633789062
170.9199981689453
170.91940307617188
170.83999633789062
170.94000244140625
171.1699981689453
171.1750030517578
171.27920532226562
171.4499969482422
171.49000549316406
171.61000061035156
171.61500549316406
171.50999450683594
171.44000244140625
171.47500610351562
171.6199951171875
171.61000061035156
171.75999450683594
171.90499877929688
171.9600067138672
171.88009643554688
172.02999877929688
172.1894989013672
172.2100067138672
172.1300048828125
172.14010620117188
172.1699981689453
172.01499938964844
172.02999877929688
172.02560424804688
172.0850067138672
172.07000732421875
171.99169921875
171.91000366210938
171.95010375976562
171.94500732421875
172.14999389648438
172.2449951171875
172.25
172.4600067138672
172.56500244140625
172.55999755859375
172.41000366210938
172.3800048828125
172.35989379882812
172.30999755859375
172.22500610351562
172.32000732421875
172.25
172.32000732421875
172.14450073242188
172.17999267578125
172.17999267578125
172.32000732421875
172.39999389648438
172.47860717773438
172.4499969482422
172.3300018310547
172.22999572753906
172.2698974609375
172.21600341796875
171.99000549316406
171.83999633789062
171.83999633789062
171.8498992919922
171.8665008544922
172.00999450683594
171.97000122070312
171.92999267578125
172.00999450683594
171.96499633789062
171.860107421875
171.72999572753906
171.7301025390625
171.7899932861328
171.82000732421875
172.02999877929688
172.04550170898438
171.84500122070312
171.7133026123047
171.8280029296875
171.89999389648438
171.82969665527344
171.9718017578125
172.11000061035156
172.0740966796875
172.1750030517578
172.07000732421875
172.10000610351562
172.13999938964844
172.0417938232422
172.0500030517578
171.8699951171875
172.02999877929688
172.05999755859375
171.91000366210938
171.94009399414062
172.0399932861328
171.97000122070312
171.81500244140625
171.8968048095703
171.8800048828125
171.96499633789062
171.94000244140625
171.94000244140625
172.0800018310547
171.88999938964844
171.875
172.0
172.0
172.19000244140625
172.1300048828125
171.91000366210938
171.81260681152344
171.8699951171875
171.6999969482422
171.8800048828125
171.94000244140625
172.05279541015625
171.93499755859375
171.94000244140625
172.00999450683594
172.08999633789062
172.1199951171875
172.1199951171875
172.22999572753906
172.3699951171875
172.41000366210938
172.32000732421875
172.2949981689453
172.25999450683594
172.25
172.3341064453125
172.4499969482422
172.37010192871094
172.38999938964844
172.43899536132812
172.3800048828125
172.44000244140625
172.3582000732422
172.2082977294922
172.36000061035156
172.49819946289062
172.36500549316406
172.28500366210938
172.30999755859375
172.25
172.38999938964844
172.4199981689453
172.31500244140625
172.26499938964844
172.2899932861328
172.36000061035156
172.3249969482422
172.44000244140625
172.5675048828125
172.4499969482422
172.47000122070312
172.4600067138672
172.74000549316406
172.75999450683594
172.7050018310547
172.69000244140625
172.6699981689453
172.8350067138672
172.83999633789062
172.9398956298828
172.8000030517578
172.85000610351562
172.85899353027344
172.92999267578125
172.86000061035156
172.889892578125
172.92010498046875
172.97000122070312
172.9600067138672
173.11500549316406
172.97999572753906
173.01499938964844
173.02999877929688
172.9199981689453
172.9499969482422
172.91600036621094
172.9499969482422
172.9499969482422
172.9250030517578
172.88999938964844
172.85499572753906
172.9600067138672
173.02000427246094
173.06300354003906
173.07000732421875
173.13999938964844
173.17999267578125
173.13999938964844
173.1750030517578
173.27000427246094
173.35000610351562
173.33999633789062
173.3800048828125
173.33999633789062
173.24000549316406
173.23190307617188
173.16900634765625
173.0500030517578
172.99009704589844
173.0
173.02000427246094
172.9600067138672
172.99000549316406
173.0
172.9698028564453
172.99000549316406
173.05999755859375
173.16600036621094
173.22999572753906
173.14500427246094
173.14999389648438
173.05259704589844
173.11000061035156
173.02000427246094
172.9499969482422
173.05999755859375
173.11000061035156
173.16000366210938
173.1999969482422
173.27000427246094
173.24729919433594
173.28500366210938
173.6199951171875
173.69000244140625
173.65499877929688
173.58009338378906
173.4600067138672
173.5299072265625
173.38499450683594
173.44119262695312
173.44000244140625
173.4499969482422
173.4029998779297
173.52000427246094
173.5
173.44009399414062
173.5449981689453
173.49000549316406
173.5030059814453
173.39500427246094
173.41000366210938
173.44000244140625
173.42999267578125
173.3699951171875
173.27999877929688
173.30279541015625
173.4499969482422
173.34500122070312
173.27999877929688
173.39500427246094
173.21499633789062
173.29539489746094
173.32899475097656
173.25
173.35000610351562
173.30999755859375
173.31500244140625
173.27000427246094
173.1750030517578
173.25950622558594
173.2449951171875
173.18150329589844
173.24000549316406
173.31500244140625
173.3249969482422
173.3699951171875
173.3300018310547
173.25
173.05990600585938
173.07000732421875
172.92999267578125
172.94000244140625
172.85000610351562
172.8699951171875
172.89500427246094
172.82029724121094
172.875
172.8300018310547
172.75999450683594
172.73899841308594
172.69000244140625
172.69009399414062
172.63999938964844
172.66000366210938
172.72999572753906
172.76499938964844
172.8699951171875
172.95440673828125
172.84500122070312
172.81570434570312
172.75999450683594
172.8249969482422
172.875
172.92999267578125
172.82000732421875
172.7949981689453
172.9001007080078
172.84010314941406
172.7899932861328
172.98989868164062
173.01499938964844
172.95590209960938
172.97000122070312
173.0699005126953
173.11839294433594
173.10000610351562
173.0399932861328
173.11000061035156
172.9998016357422
173.0050048828125
173.06680297851562
173.32000732421875
173.02000427246094
173.16000366210938
173.1699981689453
173.23989868164062
173.19009399414062
173.02000427246094
173.02000427246094
173.06399536132812
173.02000427246094
172.99000549316406
173.0399932861328
173.0
172.97000122070312
172.97000122070312
172.9199981689453
173.0800018310547
173.0
173.02000427246094
173.12939453125
173.19000244140625
173.25999450683594
173.1885986328125
173.10000610351562
173.05990600585938
173.08999633789062
173.0800018310547
173.27999877929688
173.29769897460938
173.22999572753906
173.1699981689453
173.1300048828125
173.14999389648438
173.11000061035156
173.1300048828125
173.2899932861328
173.4199981689453
173.5
173.38999938964844
173.36000061035156
173.3800048828125
173.5
173.5218048095703
173.56500244140625
173.5050048828125
173.55999755859375
173.5449981689453
173.55999755859375
173.5449981689453
173.60000610351562
173.55999755859375
173.55999755859375
173.69000244140625
173.65499877929688
173.73500061035156
173.82000732421875
173.80999755859375
173.8699951171875
173.8000030517578
173.7899932861328
173.80999755859375
173.7949981689453
173.77999877929688
173.7200927734375
173.75
173.66000366210938
173.41000366210938
173.36900329589844
173.4499969482422
173.4550018310547
173.46409606933594
173.47000122070312
173.57000732421875
173.5800018310547
173.63999938964844
173.66000366210938
173.74000549316406
173.80999755859375
173.76499938964844
173.7449951171875
173.6750030517578
173.50999450683594
173.47999572753906
173.5500030517578
173.6199951171875
173.6750030517578
173.63999938964844
173.6627960205078
173.77000427246094
174.00999450683594
173.97000122070312
173.97000122070312
173.82000732421875
173.82000732421875
173.85000610351562
173.89500427246094
173.93499755859375
173.9799041748047
173.80999755859375
173.78199768066406
173.65499877929688
173.72999572753906
173.4199981689453
173.4149932861328
173.49000549316406
173.52000427246094
173.39999389648438
173.41000366210938
173.1750030517578
173.0050048828125
173.08999633789062
173.2949981689453
173.210205078125
173.05999755859375
173.02499389648438
172.85499572753906
172.9174041748047
173.02999877929688
172.8300018310547
172.75
172.91990661621094
172.8300018310547
172.6699981689453
172.6699981689453
172.92999267578125
172.72999572753906
172.60000610351562
172.58999633789062
172.7200927734375
172.60000610351562
172.75999450683594
172.51499938964844
172.38999938964844
172.38999938964844
