222.67999267578125
222.8800048828125
223.16000366210938
223.67999267578125
223.89999389648438
224.125
224.13999938964844
224.13999938964844
224.38670349121094
224.30999755859375
224.1649932861328
224.30250549316406
223.6750030517578
223.92999267578125
224.11000061035156
224.27999877929688
224.76339721679688
224.5500030517578
224.4199981689453
224.3699951171875
224.3000030517578
223.88999938964844
223.72999572753906
224.0
224.15499877929688
223.99000549316406
223.9257049560547
223.8800048828125
223.88999938964844
223.6649932861328
223.52499389648438
223.4499969482422
223.4199981689453
223.47999572753906
223.8800048828125
223.77499389648438
223.77499389648438
223.6699981689453
223.72500610351562
223.58999633789062
223.44000244140625
223.3699951171875
223.5050048828125
223.33999633789062
223.29269409179688
223.19000244140625
223.11160278320312
223.16000366210938
223.0
223.08999633789062
223.0800018310547
222.75
222.67999267578125
222.63650512695312
222.3699951171875
222.2449951171875
222.02000427246094
221.97999572753906
221.7100067138672
221.7100067138672
221.92999267578125
222.10879516601562
222.2373046875
222.08999633789062
222.58999633789062
222.77999877929688
222.8000030517578
222.91000366210938
222.97999572753906
222.97000122070312
222.81500244140625
222.8000030517578
222.77749633789062
222.7949981689453
222.85000610351562
222.6999969482422
222.94000244140625
222.8000030517578
222.7050018310547
222.68499755859375
222.41000366210938
222.22000122070312
222.0
221.91000366210938
221.97500610351562
221.99000549316406
221.8699951171875
221.77000427246094
221.8000030517578
221.6199951171875
221.52999877929688
221.6199951171875
221.6300048828125
221.9600067138672
222.02999877929688
221.97000122070312
221.99899291992188
221.75999450683594
221.67930603027344
221.6649932861328
221.65499877929688
221.42999267578125
221.3800048828125
221.3350067138672
221.44000244140625
221.52999877929688
221.57000732421875
221.66209411621094
221.8000030517578
221.77999877929688
221.77999877929688
221.69000244140625
221.41000366210938
221.30999755859375
221.25999450683594
221.25999450683594
221.2346954345703
221.1300048828125
221.1300048828125
221.25
221.09500122070312
221.16000366210938
221.30499267578125
221.32000732421875
221.4949951171875
221.39999389648438
221.3000030517578
221.3300018310547
221.3000030517578
221.17999267578125
221.25
221.27000427246094
221.375
221.3300018310547
221.36000061035156
221.19000244140625
221.27999877929688
221.33999633789062
221.35000610351562
221.3000030517578
221.1999969482422
221.36000061035156
221.4199981689453
221.3699951171875
221.52000427246094
221.4550018310547
221.32000732421875
221.28500366210938
221.4199981689453
221.36000061035156
221.27000427246094
221.11000061035156
221.07000732421875
221.0500030517578
221.43499755859375
221.6300048828125
221.60000610351562
221.52000427246094
221.3000030517578
221.38999938964844
221.375
221.375
221.4199981689453
221.38999938964844
221.4600067138672
221.39999389648438
221.42999267578125
221.6699981689453
221.7550048828125
221.72500610351562
221.7899932861328
221.85000610351562
221.85499572753906
221.8699951171875
222.02000427246094
222.13499450683594
222.1199951171875
222.07000732421875
221.8699951171875
222.05499267578125
222.14999389648438
222.18499755859375
222.13999938964844
222.13999938964844
222.0399932861328
222.07049560546875
222.47000122070312
222.5500030517578
222.8249969482422
222.66000366210938
222.63499450683594
222.47999572753906
222.47000122070312
222.32000732421875
222.33999633789062
222.3300018310547
222.3300018310547
222.32000732421875
222.3350067138672
222.47000122070312
222.47500610351562
222.50999450683594
222.58999633789062
222.60000610351562
222.55999755859375
222.5500030517578
222.55499267578125
222.60000610351562
222.51499938964844
222.52000427246094
222.55499267578125
222.5800018310547
222.60499572753906
222.5500030517578
222.5449981689453
222.3699951171875
222.35000610351562
222.38999938964844
222.25999450683594
222.22000122070312
222.3800048828125
222.52000427246094
222.52000427246094
222.3699951171875
222.39999389648438
222.3000030517578
222.1199951171875
222.03500366210938
222.09249877929688
222.16000366210938
222.16000366210938
222.2899932861328
222.3000030517578
222.30999755859375
222.30999755859375
222.24000549316406
222.36000061035156
222.3800048828125
222.39999389648438
222.34500122070312
222.28500366210938
222.47000122070312
222.36000061035156
222.2449951171875
222.13999938964844
222.13999938964844
222.10499572753906
222.14500427246094
222.05999755859375
222.05999755859375
222.0500030517578
222.35000610351562
222.35000610351562
222.5
222.64999389648438
222.61000061035156
222.74989318847656
222.63499450683594
222.77000427246094
222.7550048828125
222.77999877929688
222.66000366210938
222.61000061035156
222.6300048828125
222.48500061035156
222.47000122070312
222.42999267578125
222.41000366210938
222.5050048828125
222.47000122070312
222.6199951171875
222.47000122070312
222.4499969482422
222.45339965820312
222.19000244140625
222.22000122070312
222.27499389648438
222.1649932861328
222.21499633789062
222.13999938964844
222.1999969482422
222.22999572753906
222.27529907226562
222.35000610351562
222.25999450683594
222.27999877929688
222.27000427246094
222.34030151367188
222.375
222.375
222.4600067138672
222.5500030517578
222.5449981689453
222.58999633789062
222.6300048828125
222.6300048828125
222.5399932861328
222.5399932861328
222.57049560546875
222.49000549316406
222.44000244140625
222.52499389648438
222.5050048828125
222.39999389648438
222.44500732421875
222.4199981689453
222.40750122070312
222.50999450683594
222.46519470214844
222.44000244140625
222.4429931640625
222.51870727539062
222.52000427246094
222.5800018310547
222.52000427246094
222.51499938964844
222.51499938964844
222.5500030517578
222.54739379882812
222.54739379882812
222.625
222.55499267578125
222.6300048828125
222.58999633789062
222.77999877929688
222.9199981689453
222.8300018310547
222.8249969482422
222.94000244140625
223.05999755859375
223.17999267578125
223.25999450683594
223.14999389648438
223.24000549316406
223.23500061035156
223.23500061035156
223.36000061035156
223.3365936279297
223.3300018310547
223.2740936279297
223.24000549316406
223.19000244140625
223.0500030517578
223.05999755859375
222.94000244140625
222.88999938964844
222.94000244140625
222.97320556640625
222.89999389648438
222.94349670410156
222.97000122070312
222.84500122070312
222.80929565429688
222.74000549316406
222.89999389648438
222.82000732421875
222.8249969482422
222.88999938964844
223.0500030517578
223.02999877929688
222.97000122070312
223.0050048828125
222.97999572753906
222.8249969482422
222.8300018310547
222.68499755859375
222.68499755859375
222.7050018310547
222.74000549316406
222.76499938964844
222.63499450683594
222.69500732421875
222.67999267578125
222.72000122070312
222.7449951171875
222.7550048828125
222.75999450683594
222.76499938964844
222.74000549316406
222.69000244140625
222.63999938964844
222.64500427246094
222.57000732421875
222.5500030517578
222.44000244140625
222.3699951171875
222.27499389648438
222.375
222.38999938964844
222.5399932861328
222.51499938964844
222.55499267578125
222.50999450683594
222.4499969482422
222.58999633789062
222.60499572753906
222.58999633789062
222.6300048828125
222.4499969482422
222.4499969482422
222.47000122070312
222.5
222.50059509277344
222.5500030517578
222.5
222.5749969482422
222.57000732421875
222.49000549316406
222.4156036376953
222.39999389648438
222.3000030517578
222.23500061035156
222.19500732421875
222.27999877929688
222.27000427246094
222.14999389648438
222.1300048828125
222.0449981689453
222.1699981689453
222.1199951171875
222.32000732421875
222.32000732421875
222.33489990234375
222.33489990234375
222.2863006591797
222.22500610351562
222.24000549316406
222.16000366210938
222.13999938964844
222.16000366210938
222.1199951171875
222.18980407714844
222.14999389648438
222.14999389648438
222.17999267578125
222.19000244140625
222.17999267578125
222.1750030517578
222.27999877929688
222.2550048828125
222.24000549316406
222.2425994873047
222.2899932861328
222.33999633789062
222.44500732421875
222.44000244140625
222.4600067138672
222.57220458984375
222.57000732421875
222.52000427246094
222.47799682617188
222.54910278320312
222.50999450683594
222.42999267578125
222.40499877929688
222.3000030517578
222.47000122070312
222.4250030517578
222.5800018310547
222.5749969482422
222.57000732421875
222.42999267578125
222.41000366210938
222.44500732421875
222.47000122070312
222.52000427246094
222.52999877929688
222.49000549316406
222.4949951171875
222.5399932861328
222.41000366210938
222.41000366210938
222.42999267578125
222.48399353027344
222.49000549316406
222.47999572753906
222.4499969482422
222.52999877929688
222.4949951171875
222.47000122070312
222.49000549316406
222.50999450683594
222.49000549316406
222.47999572753906
222.45700073242188
222.35499572753906
222.41000366210938
222.47999572753906
222.47999572753906
222.5800018310547
222.59500122070312
222.66000366210938
222.55999755859375
222.49200439453125
222.52999877929688
222.55999755859375
222.5364990234375
222.5399932861328
222.47000122070312
222.5399932861328
222.55499267578125
222.51499938964844
222.5
222.63999938964844
222.6699981689453
222.63720703125
222.63499450683594
222.52000427246094
222.5500030517578
222.52999877929688
222.58999633789062
222.5800018310547
222.50999450683594
222.47999572753906
222.47000122070312
222.50999450683594
222.55999755859375
222.52999877929688
222.52999877929688
222.52999877929688
222.50999450683594
222.50999450683594
222.51499938964844
222.5399932861328
222.52000427246094
222.50999450683594
222.52000427246094
222.52999877929688
222.5500030517578
222.57000732421875
222.50999450683594
222.5399932861328
222.6750030517578
222.64999389648438
222.66000366210938
222.72999572753906
222.86000061035156
223.00999450683594
223.07000732421875
223.00979614257812
223.00999450683594
222.88499450683594
222.92999267578125
222.83999633789062
222.77000427246094
222.8300018310547
222.82000732421875
222.8300018310547
222.85000610351562
222.7899932861328
222.7899932861328
222.7899932861328
222.8300018310547
222.8300018310547
222.8300018310547
222.91000366210938
222.85000610351562
222.8300018310547
222.81500244140625
222.80999755859375
222.85499572753906
222.77999877929688
222.8249969482422
222.82000732421875
222.72999572753906
222.66099548339844
222.6999969482422
222.6999969482422
222.66000366210938
222.5500030517578
222.58999633789062
222.625
222.7028045654297
222.69000244140625
222.6999969482422
222.69000244140625
222.63999938964844
222.64999389648438
222.69000244140625
222.7949981689453
222.69000244140625
222.63999938964844
222.61500549316406
222.52999877929688
222.42999267578125
222.2946014404297
222.27999877929688
222.24000549316406
222.30999755859375
222.32000732421875
222.41000366210938
222.30999755859375
222.1999969482422
222.25
222.3300018310547
222.25999450683594
222.25999450683594
222.17999267578125
222.1300048828125
222.1699981689453
222.39999389648438
222.22000122070312
222.27999877929688
222.35499572753906
222.2899932861328
222.27999877929688
222.2050018310547
222.44500732421875
222.27999877929688
222.22000122070312
222.2449951171875
222.3000030517578
222.25999450683594
222.33999633789062
222.3000030517578
222.25999450683594
222.11000061035156
