186.17999267578125
185.88499450683594
186.2593994140625
185.82000732421875
185.7899932861328
185.91000366210938
185.8000030517578
186.0
186.1750030517578
186.36000061035156
186.60000610351562
186.6699981689453
186.5198974609375
186.72999572753906
186.9949951171875
187.05999755859375
187.17999267578125
187.2899932861328
187.23330688476562
187.08009338378906
187.14669799804688
187.3000030517578
187.41000366210938
187.34500122070312
187.2362060546875
187.3000030517578
187.2899932861328
187.48989868164062
187.22999572753906
186.7550048828125
187.22000122070312
186.89349365234375
187.0196990966797
186.6199951171875
186.88999938964844
187.0800018310547
186.77999877929688
186.7061004638672
186.65969848632812
186.34500122070312
186.5399932861328
186.5749969482422
186.44000244140625
186.47999572753906
186.6699981689453
186.72000122070312
186.91000366210938
187.3249969482422
187.11990356445312
187.19000244140625
187.10499572753906
187.3800048828125
187.32000732421875
187.10000610351562
187.27999877929688
187.30499267578125
187.3000030517578
187.6300048828125
187.0399932861328
187.13999938964844
187.19000244140625
187.14999389648438
187.19500732421875
187.57000732421875
187.58999633789062
187.6699981689453
187.81500244140625
188.08999633789062
188.0301971435547
188.16000366210938
188.02999877929688
188.13999938964844
188.28500366210938
188.27000427246094
188.26499938964844
188.1699981689453
188.41000366210938
188.3800048828125
188.57000732421875
188.52000427246094
188.5800018310547
188.5
188.19500732421875
188.1999969482422
188.0850067138672
188.2384033203125
188.0800018310547
188.14500427246094
188.1405029296875
187.8300018310547
187.99000549316406
187.9499969482422
187.8000030517578
187.60000610351562
187.7100067138672
187.8300018310547
187.8000030517578
187.6999969482422
187.58999633789062
187.42999267578125
187.44000244140625
187.55499267578125
187.2899932861328
187.19970703125
187.36000061035156
187.38999938964844
187.40499877929688
187.375
187.32000732421875
187.27499389648438
186.99000549316406
186.97000122070312
186.8699951171875
186.6999969482422
186.5
186.38999938964844
186.30999755859375
186.36000061035156
186.36000061035156
186.18490600585938
186.26400756835938
186.26400756835938
186.375
186.3699951171875
186.30999755859375
186.42999267578125
186.40989685058594
186.35000610351562
186.2899932861328
186.41000366210938
186.439697265625
186.39999389648438
186.52999877929688
186.4550018310547
186.52090454101562
186.5399932861328
186.5800018310547
186.60499572753906
186.63499450683594
186.55999755859375
186.55999755859375
186.55999755859375
186.5800018310547
186.60000610351562
186.60499572753906
186.61000061035156
186.75
186.82000732421875
186.75999450683594
186.5
186.4600067138672
186.4499969482422
186.39999389648438
186.38499450683594
186.4199981689453
186.47000122070312
186.3800048828125
186.23500061035156
186.00050354003906
186.1699981689453
186.22000122070312
186.17559814453125
186.0500030517578
186.1999969482422
186.2100067138672
186.0850067138672
185.97999572753906
185.8000030517578
185.86000061035156
185.85000610351562
186.10000610351562
186.0399932861328
186.11500549316406
186.22000122070312
186.16000366210938
186.1999969482422
186.0800018310547
186.0800018310547
186.19000244140625
186.125
186.00999450683594
185.8300018310547
185.92999267578125
185.97500610351562
186.11000061035156
186.11500549316406
186.24819946289062
186.38999938964844
186.33999633789062
186.44000244140625
186.5
186.5800018310547
186.5
186.41000366210938
186.4600067138672
186.5399932861328
186.5399932861328
186.42999267578125
186.53500366210938
186.6199951171875
186.64999389648438
186.67999267578125
186.625
186.6613006591797
186.61000061035156
186.9600067138672
186.9550018310547
186.89999389648438
186.87069702148438
186.85960388183594
186.6999969482422
186.72000122070312
186.68499755859375
186.63999938964844
186.50999450683594
186.5041046142578
186.50999450683594
186.47999572753906
186.6300048828125
186.55999755859375
186.61000061035156
186.6790008544922
186.69000244140625
186.61000061035156
186.66000366210938
186.7093048095703
186.64999389648438
186.5399932861328
186.42999267578125
186.50999450683594
186.38999938964844
186.4499969482422
186.44000244140625
186.3699951171875
186.39999389648438
186.30999755859375
186.3000030517578
186.14999389648438
186.10499572753906
186.10000610351562
186.10000610351562
186.22999572753906
186.2899932861328
186.2209930419922
186.18499755859375
186.2487030029297
186.2100067138672
186.2100067138672
186.27999877929688
186.35000610351562
186.3300018310547
186.36000061035156
186.3300018310547
186.3300018310547
186.40499877929688
186.3800048828125
186.375
186.25
186.27999877929688
186.2899932861328
186.27029418945312
186.27999877929688
186.2550048828125
186.2050018310547
186.27999877929688
186.2949981689453
186.27999877929688
186.35000610351562
186.35960388183594
186.31700134277344
186.3800048828125
186.3350067138672
186.27999877929688
186.30999755859375
186.4499969482422
186.5500030517578
186.49000549316406
186.50999450683594
186.4199981689453
186.36000061035156
186.35000610351562
186.42999267578125
186.4600067138672
186.61000061035156
186.47500610351562
186.5
186.5
186.5
186.5399932861328
186.57000732421875
186.69000244140625
186.60000610351562
186.63999938964844
186.63999938964844
186.69000244140625
186.63999938964844
186.60000610351562
186.61000061035156
186.64999389648438
186.6699981689453
186.57000732421875
186.52999877929688
186.52999877929688
186.6199951171875
186.57000732421875
186.52049255371094
186.51499938964844
186.6300048828125
186.6300048828125
186.5399932861328
186.5399932861328
186.52999877929688
186.46800231933594
186.5399932861328
186.5399932861328
186.49000549316406
186.4550018310547
186.50999450683594
186.52000427246094
186.52000427246094
186.6300048828125
186.69000244140625
186.6699981689453
186.63499450683594
186.79220581054688
186.89999389648438
186.85000610351562
186.82460021972656
186.75999450683594
186.97000122070312
187.0399932861328
187.02000427246094
186.97000122070312
186.97000122070312
186.9199981689453
187.05999755859375
187.0399932861328
187.0
187.05999755859375
187.05999755859375
186.9499969482422
187.02000427246094
187.05999755859375
187.08999633789062
187.00999450683594
186.91490173339844
186.93499755859375
186.84010314941406
186.84010314941406
186.9197998046875
186.92999267578125
186.80999755859375
186.72999572753906
186.63999938964844
186.61000061035156
186.69000244140625
186.61000061035156
186.63999938964844
186.6999969482422
186.6999969482422
186.78460693359375
186.6999969482422
186.8000030517578
186.91000366210938
186.94400024414062
186.88999938964844
186.82000732421875
186.8000030517578
186.82000732421875
186.85000610351562
186.75999450683594
186.75999450683594
186.75909423828125
186.6999969482422
186.73500061035156
186.69000244140625
186.63999938964844
186.77000427246094
186.7550048828125
186.6999969482422
186.8000030517578
186.77000427246094
186.7550048828125
186.7899932861328
186.82000732421875
186.80999755859375
186.68499755859375
186.69000244140625
186.60000610351562
186.77999877929688
186.85000610351562
186.8699951171875
186.8699951171875
186.9499969482422
186.94000244140625
186.97000122070312
186.9499969482422
186.89999389648438
186.82000732421875
186.91000366210938
186.72999572753906
186.80999755859375
186.9250030517578
186.92999267578125
186.8699951171875
186.6999969482422
186.69000244140625
186.77499389648438
186.72999572753906
186.69320678710938
186.75
186.72500610351562
186.72500610351562
186.72500610351562
186.83749389648438
186.66000366210938
186.6199951171875
186.6999969482422
186.6999969482422
186.60499572753906
186.61000061035156
186.57000732421875
186.4499969482422
186.52000427246094
186.56500244140625
186.6300048828125
186.72999572753906
186.69000244140625
186.625
186.6199951171875
186.49000549316406
186.61000061035156
186.5399932861328
186.5500030517578
186.47000122070312
186.50999450683594
186.47000122070312
186.4199981689453
186.38999938964844
186.39500427246094
186.39999389648438
186.35000610351562
186.22999572753906
186.22000122070312
186.25
186.3000030517578
186.33999633789062
186.38999938964844
186.39999389648438
186.38900756835938
186.41000366210938
186.3925018310547
186.39999389648438
186.39999389648438
186.39999389648438
186.35000610351562
186.27999877929688
186.2100067138672
186.30999755859375
186.38999938964844
186.30999755859375
186.26919555664062
186.31089782714844
186.35499572753906
186.3300018310547
186.33999633789062
186.1999969482422
186.1697998046875
186.2100067138672
186.24000549316406
186.07000732421875
186.02000427246094
186.02000427246094
185.98719787597656
186.02000427246094
186.11000061035156
186.22000122070312
186.30540466308594
186.3300018310547
186.36000061035156
186.39999389648438
186.33999633789062
186.42999267578125
186.52999877929688
186.42999267578125
186.50559997558594
186.53810119628906
186.6750030517578
186.72999572753906
186.65499877929688
186.48500061035156
186.48500061035156
186.4550018310547
186.3800048828125
186.38999938964844
186.39999389648438
186.39999389648438
186.2899932861328
186.31900024414062
186.3699951171875
186.3800048828125
186.4199981689453
186.4199981689453
186.56500244140625
186.6300048828125
186.5749969482422
186.53970336914062
186.48609924316406
186.53309631347656
186.5399932861328
186.63999938964844
186.63999938964844
186.72000122070312
186.77000427246094
186.7449951171875
186.60000610351562
186.58999633789062
186.55999755859375
186.71499633789062
186.74000549316406
186.8000030517578
186.77999877929688
186.7550048828125
186.75999450683594
186.75599670410156
186.7550048828125
186.80999755859375
186.75
186.77999877929688
186.83999633789062
186.88819885253906
186.97999572753906
187.0399932861328
187.0800018310547
187.1199951171875
187.08999633789062
187.06100463867188
187.08999633789062
187.1699981689453
187.19000244140625
187.32000732421875
187.19000244140625
187.19000244140625
187.1300048828125
187.10389709472656
187.1199951171875
187.1300048828125
187.05999755859375
186.99000549316406
186.93499755859375
187.02000427246094
186.9600067138672
187.05999755859375
187.11000061035156
187.13999938964844
187.202392578125
187.24000549316406
187.30999755859375
187.36000061035156
187.35000610351562
187.36000061035156
187.36000061035156
187.3300018310547
187.3699951171875
187.32000732421875
187.27000427246094
187.35000610351562
187.41000366210938
187.38499450683594
187.39999389648438
187.3000030517578
187.3800048828125
187.4199981689453
187.47000122070312
187.33999633789062
187.27000427246094
187.27000427246094
187.2100067138672
187.32000732421875
187.3112030029297
187.33999633789062
187.19000244140625
187.13999938964844
187.07000732421875
187.02999877929688
186.82000732421875
186.89999389648438
186.98500061035156
186.97999572753906
186.9499969482422
186.89999389648438
186.72000122070312
186.5800018310547
186.70899963378906
186.55999755859375
186.63999938964844
186.4600067138672
186.52999877929688
186.4199981689453
186.55999755859375
186.5800018310547
186.41749572753906
186.35000610351562
186.52999877929688
186.55999755859375
186.43499755859375
186.30999755859375
186.38900756835938
186.21800231933594
186.2100067138672
186.10000610351562
186.05999755859375
185.99000549316406
186.02999877929688
185.97500610351562
185.77999877929688
185.82000732421875
