205.44000244140625
205.43499755859375
205.22830200195312
205.34500122070312
204.5
203.97999572753906
203.2899932861328
204.16000366210938
204.30999755859375
204.5
204.28500366210938
204.49000549316406
204.0
203.9250030517578
205.02999877929688
204.5399932861328
204.8300018310547
204.91769409179688
205.02000427246094
205.20880126953125
204.63999938964844
205.02499389648438
205.19000244140625
205.40499877929688
205.27000427246094
205.39500427246094
205.08999633789062
205.39480590820312
205.10000610351562
204.69000244140625
204.69500732421875
204.49989318847656
204.17999267578125
204.10000610351562
204.13999938964844
204.35000610351562
204.1999969482422
204.8000030517578
204.33999633789062
204.21539306640625
204.6300048828125
204.60000610351562
204.7899932861328
204.875
205.41000366210938
205.44400024414062
205.04989624023438
204.66000366210938
204.68980407714844
205.03939819335938
204.8800048828125
205.26499938964844
205.0399932861328
204.90040588378906
205.07029724121094
205.1699981689453
205.26499938964844
204.9600067138672
204.35499572753906
204.16000366210938
204.1999969482422
204.2480926513672
204.41000366210938
205.1999969482422
205.4582977294922
205.36500549316406
205.67999267578125
205.83999633789062
205.82919311523438
205.94000244140625
205.80999755859375
205.55999755859375
205.85000610351562
205.8249969482422
205.76499938964844
206.13999938964844
206.3300018310547
206.22000122070312
206.0800018310547
206.1719970703125
206.06500244140625
206.02999877929688
205.8300018310547
205.91000366210938
206.10000610351562
206.19500732421875
206.02000427246094
205.97000122070312
205.64999389648438
205.13999938964844
205.14500427246094
205.0399932861328
205.3249969482422
205.21499633789062
205.1750030517578
205.28500366210938
205.2899932861328
205.6699981689453
205.4600067138672
205.0399932861328
205.06500244140625
204.78970336914062
204.5800018310547
204.3350067138672
204.50469970703125
204.47000122070312
204.44020080566406
204.49000549316406
204.36000061035156
204.07000732421875
204.14010620117188
204.17990112304688
203.78500366210938
203.9158935546875
203.752197265625
203.72999572753906
203.77000427246094
204.08999633789062
203.97000122070312
203.9300994873047
204.02450561523438
203.94000244140625
203.83999633789062
204.07000732421875
204.0749969482422
204.19000244140625
204.25
204.02000427246094
204.16000366210938
204.14999389648438
204.13999938964844
203.97000122070312
203.9499969482422
203.7550048828125
203.69000244140625
203.7449951171875
203.92039489746094
204.02999877929688
204.47000122070312
204.35000610351562
204.35000610351562
204.39649963378906
204.30999755859375
204.13999938964844
204.08999633789062
204.26499938964844
204.22500610351562
204.32000732421875
204.19500732421875
204.19500732421875
203.88999938964844
203.6699981689453
203.5500030517578
203.49000549316406
203.64999389648438
203.94000244140625
203.78289794921875
203.57000732421875
203.50999450683594
203.74000549316406
204.0500030517578
204.125
203.91000366210938
203.97999572753906
204.11160278320312
204.125
203.92999267578125
203.78909301757812
203.6300048828125
203.6750030517578
203.99000549316406
203.9333953857422
203.9199981689453
204.39999389648438
204.22999572753906
204.57009887695312
204.6649932861328
204.44000244140625
204.4429931640625
204.22999572753906
204.2899932861328
204.2073974609375
204.44960021972656
204.75
205.0050048828125
204.81500244140625
204.98500061035156
205.27999877929688
205.30999755859375
205.18499755859375
205.1414031982422
205.35980224609375
205.25
205.39999389648438
205.5
205.58999633789062
205.71499633789062
205.74000549316406
205.4600067138672
205.46170043945312
205.5399932861328
205.60000610351562
205.52000427246094
205.4199981689453
205.8000030517578
205.8249969482422
205.77720642089844
205.63499450683594
205.4250030517578
205.47999572753906
205.25999450683594
205.34500122070312
205.38999938964844
205.3249969482422
205.22390747070312
205.1699981689453
205.19000244140625
205.2949981689453
205.41009521484375
205.46499633789062
205.35499572753906
205.59500122070312
205.47169494628906
205.39999389648438
205.31500244140625
205.35000610351562
205.27000427246094
205.05999755859375
205.01539611816406
204.91490173339844
204.88499450683594
205.1300048828125
205.01499938964844
205.0
205.11000061035156
205.2061004638672
205.24989318847656
205.17999267578125
205.02000427246094
204.90939331054688
204.99000549316406
205.30999755859375
205.18539428710938
205.0782928466797
204.89500427246094
205.0050048828125
205.1199951171875
205.2100067138672
205.4499969482422
205.64999389648438
205.55999755859375
205.59500122070312
205.55999755859375
205.5050048828125
205.52000427246094
205.5500030517578
205.49000549316406
205.2194061279297
205.23170471191406
205.35000610351562
205.25999450683594
205.24000549316406
205.4241943359375
205.3800048828125
205.49949645996094
205.52999877929688
205.55999755859375
205.65589904785156
205.7050018310547
205.65499877929688
205.78909301757812
205.75
205.7241973876953
205.75999450683594
205.88729858398438
206.09890747070312
206.02999877929688
205.74679565429688
205.67999267578125
205.5500030517578
205.5399932861328
205.66000366210938
205.64500427246094
205.75999450683594
205.5500030517578
205.57000732421875
205.69000244140625
205.8592987060547
205.82000732421875
205.84500122070312
205.99000549316406
206.06500244140625
206.13999938964844
206.0
206.0800018310547
205.85000610351562
205.74000549316406
205.7050018310547
205.81039428710938
205.75999450683594
205.7100067138672
205.64999389648438
205.7100067138672
205.6750030517578
205.59190368652344
205.52999877929688
205.74099731445312
205.70809936523438
205.57000732421875
205.6199951171875
205.52000427246094
205.4044952392578
205.4199981689453
205.6199951171875
205.53990173339844
205.41419982910156
205.375
205.50999450683594
205.58999633789062
205.69500732421875
205.94000244140625
205.9499969482422
205.97999572753906
206.02020263671875
206.2899932861328
206.514892578125
206.4801025390625
206.54110717773438
206.42999267578125
206.6649932861328
206.74000549316406
206.8896026611328
206.7449951171875
206.6699981689453
206.69000244140625
206.80599975585938
206.7949981689453
206.75819396972656
206.777099609375
206.8632049560547
206.872802734375
207.1199951171875
207.39999389648438
207.57000732421875
207.4600067138672
207.11000061035156
206.97000122070312
206.8699951171875
206.8699951171875
206.86500549316406
206.8000030517578
206.6300048828125
206.5399932861328
206.58999633789062
206.55230712890625
206.47000122070312
206.52999877929688
206.67999267578125
206.72549438476562
206.75999450683594
206.76499938964844
206.84500122070312
206.89990234375
206.97500610351562
206.9600067138672
206.89109802246094
206.625
206.66000366210938
206.67990112304688
206.6300048828125
206.50999450683594
206.5832977294922
206.52999877929688
206.46499633789062
206.39999389648438
206.4499969482422
206.21859741210938
206.35000610351562
206.39700317382812
206.4199981689453
206.57000732421875
206.60000610351562
206.6699981689453
206.5399932861328
206.56500244140625
206.49000549316406
206.44500732421875
206.4600067138672
206.5
206.61700439453125
206.647705078125
206.5500030517578
206.61000061035156
206.5399932861328
206.8800048828125
206.89999389648438
206.88499450683594
206.94000244140625
206.6300048828125
206.875
206.42999267578125
206.47500610351562
206.52499389648438
206.32000732421875
206.4250030517578
206.6199951171875
206.58999633789062
206.67999267578125
206.6613006591797
206.69090270996094
206.74000549316406
206.73939514160156
206.73500061035156
206.74920654296875
206.8000030517578
206.75819396972656
206.7899932861328
206.81500244140625
207.02000427246094
206.92080688476562
206.94000244140625
207.01499938964844
207.00999450683594
207.0093994140625
207.0438995361328
207.0438995361328
207.19000244140625
207.0800018310547
207.1300048828125
207.1199951171875
207.125
207.36000061035156
207.31500244140625
207.1750030517578
207.1750030517578
207.19000244140625
207.15499877929688
207.1699981689453
207.1199951171875
207.08140563964844
206.89999389648438
206.9499969482422
206.74000549316406
206.64999389648438
206.5491943359375
206.64999389648438
206.75999450683594
206.9149932861328
206.82000732421875
206.92100524902344
206.83999633789062
206.8406982421875
206.73899841308594
206.589599609375
206.51499938964844
206.6300048828125
206.6199951171875
206.64999389648438
206.82000732421875
206.94839477539062
206.82000732421875
206.86000061035156
206.8105010986328
206.94000244140625
206.9499969482422
207.0800018310547
206.98500061035156
206.96490478515625
206.86000061035156
206.88999938964844
206.80999755859375
206.8778076171875
206.7100067138672
206.67959594726562
206.75
206.85000610351562
206.94000244140625
206.97000122070312
207.0449981689453
206.92999267578125
206.92239379882812
206.8800048828125
206.97000122070312
207.22999572753906
207.0399932861328
207.0800018310547
207.1248016357422
207.22000122070312
207.25999450683594
207.16189575195312
207.02999877929688
206.91000366210938
206.88380432128906
206.8300018310547
206.77999877929688
206.8000030517578
206.75
206.56500244140625
206.5399932861328
206.61749267578125
206.72000122070312
206.7530059814453
206.82000732421875
206.89500427246094
207.07000732421875
207.0500030517578
207.0399932861328
206.9290008544922
207.00999450683594
207.05999755859375
207.17999267578125
207.23500061035156
207.19949340820312
207.2799072265625
207.30999755859375
207.36700439453125
207.36000061035156
207.25999450683594
207.2899932861328
207.4550018310547
207.5
207.44000244140625
207.42999267578125
207.49000549316406
207.3350067138672
207.375
207.39500427246094
207.21499633789062
207.24000549316406
207.24899291992188
207.13999938964844
207.25999450683594
207.36000061035156
207.35000610351562
207.38999938964844
207.52999877929688
207.66000366210938
207.61500549316406
207.69309997558594
207.7899932861328
207.92999267578125
207.88609313964844
207.97000122070312
207.90499877929688
207.9199981689453
207.89999389648438
207.92999267578125
207.97000122070312
207.89999389648438
207.7447052001953
207.82000732421875
207.76499938964844
207.8000030517578
207.7050018310547
207.83999633789062
207.83999633789062
207.96499633789062
207.97140502929688
207.91619873046875
208.0198974609375
208.0
207.9373016357422
207.82000732421875
207.89999389648438
207.76600646972656
207.6396942138672
207.66000366210938
207.83999633789062
207.8800048828125
207.9199981689453
207.9199981689453
208.0399932861328
208.1199951171875
208.1649932861328
208.1999969482422
207.9499969482422
207.88999938964844
207.80999755859375
207.9149932861328
207.97500610351562
208.0500030517578
207.89999389648438
207.82000732421875
207.64999389648438
207.51620483398438
207.3800048828125
207.4481964111328
207.52000427246094
207.44000244140625
207.26229858398438
207.36000061035156
207.07000732421875
206.9499969482422
206.97999572753906
207.13999938964844
207.05999755859375
206.80999755859375
206.7700958251953
206.5800018310547
206.72000122070312
206.9499969482422
206.75
206.63999938964844
206.7053985595703
206.64500427246094
206.64999389648438
206.74000549316406
206.9149932861328
206.6699981689453
206.5800018310547
206.49000549316406
206.52999877929688
206.4499969482422
206.5281982421875
206.49000549316406
206.44000244140625
206.44000244140625
