199.5399932861328
199.60000610351562
200.05999755859375
199.99000549316406
200.0050048828125
199.39999389648438
199.5399932861328
199.72999572753906
200.3101043701172
200.0800018310547
199.74000549316406
200.14340209960938
199.8800048828125
199.6699981689453
200.0399932861328
200.2050018310547
200.1300048828125
200.24000549316406
200.16000366210938
200.34500122070312
200.5
200.5800018310547
200.52000427246094
200.77000427246094
200.72000122070312
200.74000549316406
200.52999877929688
200.7899932861328
200.64500427246094
200.50999450683594
200.57000732421875
200.25
200.1199951171875
199.98500061035156
199.97999572753906
200.27999877929688
200.11000061035156
199.97000122070312
199.86000061035156
199.21499633789062
199.36500549316406
199.4199981689453
199.59249877929688
199.41000366210938
199.65499877929688
199.42999267578125
199.3699951171875
199.2100067138672
199.05999755859375
199.11000061035156
199.27999877929688
199.1699981689453
199.1300048828125
199.08999633789062
198.8000030517578
198.7626953125
198.69000244140625
198.47999572753906
198.52999877929688
198.47999572753906
198.5800018310547
198.67999267578125
198.72000122070312
198.76499938964844
198.86109924316406
198.8699951171875
198.97999572753906
199.05999755859375
199.14999389648438
199.31089782714844
199.07000732421875
199.27999877929688
199.2740020751953
199.25
199.22999572753906
199.1649932861328
199.35000610351562
199.60000610351562
199.1999969482422
199.1199951171875
199.0850067138672
199.14540100097656
199.05999755859375
198.97999572753906
198.91000366210938
199.08999633789062
198.93499755859375
198.8699951171875
198.6199951171875
198.29200744628906
198.27099609375
198.0850067138672
198.19000244140625
198.1199951171875
197.99000549316406
197.9470977783203
197.6649932861328
197.5303955078125
197.5399932861328
197.36000061035156
197.33999633789062
197.36109924316406
197.22999572753906
197.02000427246094
197.22500610351562
197.08999633789062
197.04559326171875
196.88999938964844
197.1750030517578
197.1649932861328
197.19500732421875
197.468994140625
197.24000549316406
197.22999572753906
197.1300048828125
196.98500061035156
196.97630310058594
196.94000244140625
196.86000061035156
196.8699951171875
196.97000122070312
196.91000366210938
197.00999450683594
197.02000427246094
197.1999969482422
197.22999572753906
197.07000732421875
197.14999389648438
197.08999633789062
197.25
197.22000122070312
196.97000122070312
196.86000061035156
196.90499877929688
196.77499389648438
196.60499572753906
196.83999633789062
196.8699951171875
197.02000427246094
196.94000244140625
196.94000244140625
196.94500732421875
196.94500732421875
196.94500732421875
196.66000366210938
196.7241973876953
196.73899841308594
196.8699951171875
197.09500122070312
197.09500122070312
196.8800048828125
196.80999755859375
196.82000732421875
196.8249969482422
196.85499572753906
197.02999877929688
196.89349365234375
196.71119689941406
196.57000732421875
196.8300018310547
197.08999633789062
197.1300048828125
197.13999938964844
196.9340057373047
197.06500244140625
196.88999938964844
196.77999877929688
196.7375946044922
196.67999267578125
196.52000427246094
196.72999572753906
196.72000122070312
196.77000427246094
197.14990234375
197.25990295410156
197.3939971923828
197.39999389648438
197.25
197.3300018310547
197.3800048828125
197.5
197.5800018310547
197.80589294433594
197.75
197.860107421875
197.63999938964844
197.71029663085938
197.8300018310547
197.91000366210938
197.91000366210938
197.99000549316406
197.9600067138672
197.6999969482422
197.67999267578125
197.64999389648438
197.74000549316406
197.75
197.6699981689453
197.5500030517578
197.60000610351562
197.64999389648438
197.6199951171875
197.55999755859375
197.4600067138672
197.75230407714844
197.7550048828125
197.67999267578125
197.72999572753906
197.6699981689453
197.63499450683594
197.55999755859375
197.4499969482422
197.4199981689453
197.2899932861328
197.05999755859375
197.1999969482422
197.1649932861328
197.26499938964844
197.3800048828125
197.4600067138672
197.50999450683594
197.58999633789062
197.58999633789062
197.58999633789062
197.47999572753906
197.60499572753906
197.39999389648438
197.32000732421875
197.2949981689453
197.4199981689453
197.4600067138672
197.4499969482422
197.4449005126953
197.27000427246094
197.2449951171875
197.1999969482422
197.33580017089844
197.19500732421875
197.25
197.1300048828125
197.1654052734375
197.26499938964844
197.28939819335938
197.23800659179688
197.14500427246094
197.16000366210938
197.25
197.3699951171875
197.5050048828125
197.6300048828125
197.49000549316406
197.50999450683594
197.50999450683594
197.4499969482422
197.3300018310547
197.36000061035156
197.3350067138672
197.2449951171875
197.22999572753906
197.1416015625
197.1416015625
197.05599975585938
197.16819763183594
197.1699981689453
197.30999755859375
197.27000427246094
197.36000061035156
197.5
197.61000061035156
197.5749969482422
197.6999969482422
197.65069580078125
197.66990661621094
197.7100067138672
197.77000427246094
197.94000244140625
197.75
197.60000610351562
197.4949951171875
197.47500610351562
197.38999938964844
197.47000122070312
197.40870666503906
197.22999572753906
197.11000061035156
197.125
197.02000427246094
197.06500244140625
197.14999389648438
197.22999572753906
197.1999969482422
197.1999969482422
197.2050018310547
197.19000244140625
197.2198944091797
197.14999389648438
197.10000610351562
197.13999938964844
197.1699981689453
197.13999938964844
196.85000610351562
196.87989807128906
196.87989807128906
196.88999938964844
196.88499450683594
196.85000610351562
196.9499969482422
196.84500122070312
196.8000030517578
196.9499969482422
196.8800048828125
196.9499969482422
196.97500610351562
196.9600067138672
197.05999755859375
197.0
196.98500061035156
197.01499938964844
197.01499938964844
197.05760192871094
197.1699981689453
197.11830139160156
197.14999389648438
197.14999389648438
197.30999755859375
197.44000244140625
197.44000244140625
197.39889526367188
197.35499572753906
197.49000549316406
197.5800018310547
197.67999267578125
197.57000732421875
197.52000427246094
197.69000244140625
197.69000244140625
197.76499938964844
197.73500061035156
197.6999969482422
197.75
197.67999267578125
197.7899932861328
197.6999969482422
197.8300018310547
197.8699951171875
197.6999969482422
197.75999450683594
197.7799072265625
197.75999450683594
197.75999450683594
197.58999633789062
197.57009887695312
197.5
197.5800018310547
197.5500030517578
197.5395050048828
197.4550018310547
197.52000427246094
197.5749969482422
197.5500030517578
197.44000244140625
197.5800018310547
197.65499877929688
197.76499938964844
197.9600067138672
197.8000030517578
197.7899932861328
197.7100067138672
197.77999877929688
197.80499267578125
197.6300048828125
197.72999572753906
197.72500610351562
197.6999969482422
197.6300048828125
197.72000122070312
197.77000427246094
197.8260955810547
198.06350708007812
197.92999267578125
197.9550018310547
197.97000122070312
197.79080200195312
197.8300018310547
197.81039428710938
197.77000427246094
197.83999633789062
197.9322967529297
197.97279357910156
198.02000427246094
198.0399932861328
197.9949951171875
197.91000366210938
197.9199981689453
198.05999755859375
198.10000610351562
198.10000610351562
198.08999633789062
197.88999938964844
198.08729553222656
197.89999389648438
197.9600067138672
197.9709930419922
197.91000366210938
197.9499969482422
197.9550018310547
197.9600067138672
197.99440002441406
197.99440002441406
198.02499389648438
197.97000122070312
197.8800048828125
197.94000244140625
198.00999450683594
197.99639892578125
197.91000366210938
197.91000366210938
198.0050048828125
198.1300048828125
198.1300048828125
198.21499633789062
198.17999267578125
198.22000122070312
198.25
198.3000030517578
198.33689880371094
198.32000732421875
198.2100067138672
198.2100067138672
198.2761993408203
198.17300415039062
198.35000610351562
198.38999938964844
198.32000732421875
198.32000732421875
198.52000427246094
198.42999267578125
198.35000610351562
198.33999633789062
198.4199981689453
198.32000732421875
198.35000610351562
198.27499389648438
198.25
198.33999633789062
198.47000122070312
198.58999633789062
198.7100067138672
198.6199951171875
198.5500030517578
198.60499572753906
198.57969665527344
198.61000061035156
198.5800018310547
198.52000427246094
198.4250030517578
198.25999450683594
198.26499938964844
198.2949981689453
198.3300018310547
198.3000030517578
198.25
198.21499633789062
198.3000030517578
198.38999938964844
198.52000427246094
198.50999450683594
198.5399932861328
198.44000244140625
198.4709014892578
198.47000122070312
198.49749755859375
198.50999450683594
198.52999877929688
198.55799865722656
198.63499450683594
198.77000427246094
198.69000244140625
198.72000122070312
198.69000244140625
198.8249969482422
198.84129333496094
198.84500122070312
199.00999450683594
198.85499572753906
198.81680297851562
198.82000732421875
198.8800048828125
198.83999633789062
198.9499969482422
198.7949981689453
198.89999389648438
198.91000366210938
198.86000061035156
198.8699951171875
198.875
198.85000610351562
198.86500549316406
198.89999389648438
198.8009033203125
198.9250030517578
198.91000366210938
198.86000061035156
199.0050048828125
198.9499969482422
199.00999450683594
198.97000122070312
198.91000366210938
198.9600067138672
198.9199981689453
199.06500244140625
199.14999389648438
199.22000122070312
199.3699951171875
199.26499938964844
199.3498992919922
199.32000732421875
199.25
199.2899932861328
199.38999938964844
199.41900634765625
199.5050048828125
199.42999267578125
199.4550018310547
199.52999877929688
199.5386962890625
199.52999877929688
199.4320068359375
199.41000366210938
199.4250030517578
199.43499755859375
199.47000122070312
199.47999572753906
199.57000732421875
199.52000427246094
199.5800018310547
199.60000610351562
199.64500427246094
199.6999969482422
199.75
199.8699951171875
199.86000061035156
199.86000061035156
199.75
199.69000244140625
199.6999969482422
199.6999969482422
199.6999969482422
199.6757049560547
199.5800018310547
199.63999938964844
199.66000366210938
199.80999755859375
199.8199005126953
199.7899932861328
199.8300018310547
199.7550048828125
199.69000244140625
199.67999267578125
199.72999572753906
199.77499389648438
199.77999877929688
199.77000427246094
199.82000732421875
199.86000061035156
199.81500244140625
199.8800048828125
199.89500427246094
199.86500549316406
199.8699951171875
199.8800048828125
199.8350067138672
199.91000366210938
199.99000549316406
200.0500030517578
199.99270629882812
199.8988037109375
199.72039794921875
199.8408966064453
199.93499755859375
199.81500244140625
199.75999450683594
199.85000610351562
199.66000366210938
199.61000061035156
199.4600067138672
199.48599243164062
199.60000610351562
199.6197052001953
199.60499572753906
199.62510681152344
199.5500946044922
199.44000244140625
199.47999572753906
199.5500030517578
199.39999389648438
199.3300018310547
199.1699981689453
199.17999267578125
199.39999389648438
199.44500732421875
199.1199951171875
199.08999633789062
199.0500030517578
199.02999877929688
199.0800018310547
199.07000732421875
199.1750030517578
199.0
198.86000061035156
198.7949981689453
198.85499572753906
198.72500610351562
198.75999450683594
198.52499389648438
198.49000549316406
198.41000366210938
