215.44000244140625
215.78489685058594
215.82000732421875
215.52000427246094
214.99000549316406
214.61000061035156
213.91000366210938
214.27000427246094
213.92999267578125
214.1199951171875
213.82000732421875
213.49000549316406
214.07000732421875
213.50999450683594
214.4149932861328
214.61790466308594
215.1199951171875
214.92999267578125
214.3699951171875
214.80999755859375
214.52000427246094
214.5
214.88999938964844
214.86000061035156
214.3300018310547
214.15499877929688
214.19000244140625
214.36500549316406
214.46749877929688
213.8699951171875
214.10499572753906
213.75840759277344
213.89999389648438
214.02000427246094
214.0093994140625
213.88999938964844
214.0
214.39439392089844
214.38999938964844
214.32000732421875
214.57000732421875
214.71499633789062
214.71749877929688
215.25999450683594
215.35499572753906
215.5800018310547
215.56500244140625
215.39500427246094
215.47000122070312
215.6999969482422
215.41099548339844
216.13999938964844
215.97000122070312
215.6999969482422
216.13999938964844
216.34500122070312
216.0
216.08999633789062
215.8699951171875
215.8300018310547
215.92999267578125
215.89999389648438
215.66000366210938
216.3441925048828
216.4600067138672
216.6699981689453
216.77999877929688
216.8249969482422
216.94000244140625
217.42999267578125
217.36000061035156
217.36500549316406
217.27000427246094
217.110595703125
216.86000061035156
217.30499267578125
217.44000244140625
217.5
217.27499389648438
217.21499633789062
216.95790100097656
216.7949981689453
216.63499450683594
216.7100067138672
217.02000427246094
217.13999938964844
217.0500030517578
216.9600067138672
216.56500244140625
216.0749969482422
216.05999755859375
216.52999877929688
216.77000427246094
216.60499572753906
216.49000549316406
216.78500366210938
216.91000366210938
217.125
216.33999633789062
216.3699951171875
216.41000366210938
216.26499938964844
216.2100067138672
216.1199951171875
216.51080322265625
216.64849853515625
216.58999633789062
216.68499755859375
216.2899932861328
216.14010620117188
216.10000610351562
216.22500610351562
216.08999633789062
216.1199951171875
215.72059631347656
215.83999633789062
216.27999877929688
216.25
216.36000061035156
216.4199981689453
216.27999877929688
216.11500549316406
216.02000427246094
216.08999633789062
216.0500030517578
216.8000030517578
216.6844940185547
216.52000427246094
216.5637969970703
216.38499450683594
216.38999938964844
216.31500244140625
216.31500244140625
216.42999267578125
216.33999633789062
216.1999969482422
216.69000244140625
216.7949981689453
216.91830444335938
217.25999450683594
217.25
217.3800048828125
217.26280212402344
217.0
216.5850067138672
216.63999938964844
216.49000549316406
216.66000366210938
216.61000061035156
216.72999572753906
216.5500030517578
216.32000732421875
215.96749877929688
215.9199981689453
215.8800048828125
215.9185028076172
215.8699951171875
215.82000732421875
215.67999267578125
215.91749572753906
216.11000061035156
216.17999267578125
216.17999267578125
216.02499389648438
216.0800018310547
216.25
216.0399932861328
215.88999938964844
215.9499969482422
215.9250030517578
216.19000244140625
216.32000732421875
216.42999267578125
216.6300048828125
216.97999572753906
217.05999755859375
217.0500030517578
216.8800048828125
216.72140502929688
216.72000122070312
216.7642059326172
216.72999572753906
216.75999450683594
217.03050231933594
217.35000610351562
217.10000610351562
217.3350067138672
217.6199951171875
217.52999877929688
217.6999969482422
217.69000244140625
217.85110473632812
217.61000061035156
217.8249969482422
217.85000610351562
217.9600067138672
217.77000427246094
217.60789489746094
217.6999969482422
217.6999969482422
217.88999938964844
217.97000122070312
217.77499389648438
217.70989990234375
218.02420043945312
218.25
218.27999877929688
218.18209838867188
218.02000427246094
217.8824005126953
217.80999755859375
217.72549438476562
217.75999450683594
217.85000610351562
217.88999938964844
217.8748016357422
217.78250122070312
217.7899932861328
218.0
218.19000244140625
218.25999450683594
218.2449951171875
218.2449951171875
218.13250732421875
218.1475067138672
218.1699981689453
217.92999267578125
217.78250122070312
217.9199981689453
217.9600067138672
217.91000366210938
218.13999938964844
218.02000427246094
218.0800018310547
218.17999267578125
218.0800018310547
218.10000610351562
217.98500061035156
218.0399932861328
218.1300048828125
218.25999450683594
218.61000061035156
218.55250549316406
218.5399932861328
218.2050018310547
218.40870666503906
218.3699951171875
218.35000610351562
218.6999969482422
218.6699981689453
218.8000030517578
219.02499389648438
218.90499877929688
219.0399932861328
219.02999877929688
219.0749969482422
219.0749969482422
218.9600067138672
219.11000061035156
219.25999450683594
219.22000122070312
219.18499755859375
219.11000061035156
218.92999267578125
218.97999572753906
218.97999572753906
219.0
219.19500732421875
219.02000427246094
219.0
219.13999938964844
218.9199981689453
218.94500732421875
219.11000061035156
219.0749969482422
219.5
219.7100067138672
219.41000366210938
219.09500122070312
219.02000427246094
218.82000732421875
219.0
219.1199951171875
219.28500366210938
219.2899932861328
219.0749969482422
219.0449981689453
219.27999877929688
219.26499938964844
219.21499633789062
219.34500122070312
219.71600341796875
219.55999755859375
219.32000732421875
219.38999938964844
219.44000244140625
219.25
219.33999633789062
219.25
219.22999572753906
219.52999877929688
219.44000244140625
219.4199981689453
219.55999755859375
219.5449981689453
219.49000549316406
219.63999938964844
219.80499267578125
219.69000244140625
219.74000549316406
219.75
219.73500061035156
219.85000610351562
219.88999938964844
219.69509887695312
219.80999755859375
219.67999267578125
219.75
219.72000122070312
219.82000732421875
219.9199981689453
219.64999389648438
219.6999969482422
219.63999938964844
219.92230224609375
219.94000244140625
219.86000061035156
219.76499938964844
219.8195037841797
219.99000549316406
219.89999389648438
219.94000244140625
219.89999389648438
219.9499969482422
219.8699951171875
219.8249969482422
219.75
219.7592010498047
219.92999267578125
219.9499969482422
219.910400390625
219.97000122070312
219.9600067138672
219.90249633789062
219.93890380859375
219.89999389648438
219.914794921875
219.85549926757812
219.85499572753906
219.89500427246094
219.8000946044922
219.8000030517578
219.53500366210938
219.44000244140625
219.3699951171875
219.4250030517578
219.53250122070312
219.67999267578125
219.80760192871094
219.77499389648438
219.80999755859375
219.97999572753906
220.0
220.51499938964844
220.5
220.4550018310547
220.3300018310547
220.26499938964844
220.2899932861328
220.35000610351562
220.2949981689453
220.3699951171875
220.38999938964844
220.36500549316406
220.3800048828125
220.35000610351562
220.41000366210938
220.27999877929688
220.47000122070312
220.47000122070312
220.7050018310547
220.64999389648438
220.41000366210938
220.35000610351562
220.46600341796875
220.3249969482422
220.13999938964844
220.2899932861328
220.26800537109375
220.4407958984375
220.35000610351562
220.3000030517578
220.27000427246094
220.3300018310547
220.67999267578125
220.706298828125
220.6699981689453
220.2949981689453
220.09500122070312
220.02999877929688
219.77999877929688
219.7050018310547
219.83999633789062
219.9600067138672
219.86500549316406
220.10000610351562
220.02000427246094
219.8300018310547
219.7646026611328
219.91990661621094
220.02000427246094
219.8000030517578
219.8000030517578
220.11000061035156
220.11500549316406
220.0399932861328
220.00999450683594
220.0800018310547
220.4600067138672
220.39999389648438
220.34500122070312
220.14500427246094
220.06500244140625
220.14500427246094
219.97999572753906
219.92999267578125
219.951904296875
220.052001953125
220.02000427246094
220.1199951171875
219.99000549316406
220.1300048828125
220.11990356445312
220.0399932861328
220.11419677734375
220.3000030517578
220.36000061035156
220.44000244140625
220.5
220.36000061035156
220.02999877929688
220.11790466308594
219.9199981689453
219.80999755859375
219.5
219.6750030517578
219.91000366210938
219.77499389648438
219.92999267578125
219.77000427246094
219.8990020751953
219.9199981689453
219.88999938964844
219.814697265625
219.7899932861328
219.6999969482422
219.8000030517578
219.8300018310547
219.9600067138672
219.97999572753906
219.93629455566406
219.92999267578125
219.9499969482422
220.1988067626953
220.2100067138672
220.19000244140625
220.33999633789062
220.2550048828125
220.2344970703125
220.20120239257812
220.0399932861328
220.35000610351562
220.3699951171875
220.4199981689453
220.5
220.69090270996094
220.89999389648438
220.72000122070312
220.72999572753906
220.73500061035156
220.78500366210938
220.75
220.88870239257812
221.16529846191406
220.98959350585938
220.8300018310547
220.85499572753906
220.89999389648438
220.94500732421875
220.92999267578125
220.50999450683594
220.5791015625
220.52999877929688
220.48500061035156
220.30999755859375
220.36419677734375
220.27499389648438
220.30999755859375
220.27999877929688
220.3155975341797
220.32000732421875
220.2550048828125
220.41050720214844
220.72999572753906
220.7100067138672
220.77499389648438
220.75999450683594
220.61000061035156
220.63999938964844
220.77000427246094
220.9199981689453
220.9600067138672
220.8800048828125
220.7899932861328
220.74000549316406
220.83999633789062
220.8300018310547
220.67999267578125
220.8800048828125
221.00999450683594
221.14500427246094
221.125
220.9405975341797
220.97999572753906
220.97000122070312
221.13999938964844
221.25
221.07000732421875
221.1999969482422
221.3300018310547
221.25999450683594
221.22999572753906
221.24000549316406
221.13900756835938
221.0800018310547
221.2100067138672
221.16000366210938
221.35000610351562
221.52000427246094
221.5399932861328
221.4741973876953
221.24000549316406
221.24000549316406
221.13999938964844
221.25039672851562
221.10000610351562
221.1199951171875
221.1800994873047
221.13999938964844
220.6300048828125
220.6999969482422
220.61000061035156
220.72999572753906
220.5749969482422
220.72999572753906
220.72000122070312
220.6699981689453
220.61000061035156
220.64039611816406
220.7899932861328
220.6999969482422
220.52999877929688
220.50999450683594
220.31500244140625
220.17999267578125
220.27999877929688
220.40499877929688
220.47999572753906
220.51499938964844
220.59019470214844
220.49000549316406
220.55999755859375
220.6999969482422
220.6699981689453
220.63999938964844
220.41000366210938
220.4949951171875
220.5
220.55999755859375
220.48500061035156
220.5399932861328
220.34500122070312
220.3686065673828
220.22500610351562
220.1300048828125
219.9199981689453
219.94000244140625
220.11000061035156
220.11000061035156
220.00999450683594
219.8699951171875
219.6699981689453
219.30499267578125
219.39999389648438
219.7050018310547
219.46380615234375
219.39500427246094
219.39999389648438
219.19000244140625
219.39999389648438
219.89999389648438
219.27999877929688
219.3000030517578
219.3300018310547
219.22999572753906
219.0800018310547
219.13999938964844
219.4600067138672
219.4499969482422
219.23500061035156
219.22999572753906
219.22000122070312
219.17999267578125
219.27999877929688
219.22999572753906
219.19000244140625
219.30999755859375
