55.02000045776367
55.060001373291016
55.029998779296875
55.08000183105469
55.06999969482422
55.1150016784668
55.029998779296875
54.96910095214844
55.08000183105469
55.04249954223633
54.95000076293945
54.900001525878906
54.95500183105469
54.94499969482422
55.04999923706055
55.1150016784668
55.21969985961914
55.220001220703125
55.2400016784668
55.290000915527344
55.25
55.17499923706055
55.17499923706055
55.16999816894531
55.189998626708984
55.17499923706055
55.1349983215332
55.165000915527344
55.150001525878906
55.05500030517578
55.04999923706055
55.01599884033203
55.029998779296875
55.025001525878906
55.10499954223633
55.10499954223633
55.06999969482422
55.10499954223633
55.150001525878906
55.064998626708984
55.119998931884766
55.11000061035156
55.11000061035156
55.060001373291016
55.119998931884766
55.09000015258789
55.0
54.98500061035156
54.959999084472656
54.994998931884766
55.03499984741211
55.040000915527344
54.959999084472656
54.869998931884766
54.8849983215332
54.920101165771484
54.93000030517578
54.90999984741211
54.869998931884766
54.85070037841797
54.86000061035156
54.904998779296875
54.89500045776367
54.94499969482422
55.0
54.994998931884766
55.064998626708984
55.119998931884766
55.099998474121094
55.119998931884766
55.04999923706055
55.07500076293945
55.06999969482422
55.08000183105469
55.084999084472656
55.099998474121094
55.080101013183594
55.060001373291016
55.04499816894531
55.03499984741211
55.0
54.970001220703125
54.9900016784668
55.0099983215332
55.040000915527344
54.999900817871094
55.0099983215332
54.970001220703125
54.915000915527344
54.86000061035156
54.86000061035156
54.849998474121094
54.81999969482422
54.810001373291016
54.814998626708984
54.79990005493164
54.744998931884766
54.709999084472656
54.68000030517578
54.619998931884766
54.61000061035156
54.59000015258789
54.58000183105469
54.54999923706055
54.59000015258789
54.58000183105469
54.56999969482422
54.599998474121094
54.62459945678711
54.619998931884766
54.59000015258789
54.54999923706055
54.54999923706055
54.52000045776367
54.47999954223633
54.5
54.46070098876953
54.47999954223633
54.459999084472656
54.46500015258789
54.458900451660156
54.46870040893555
54.4900016784668
54.494998931884766
54.48500061035156
54.546199798583984
54.52000045776367
54.54499816894531
54.53499984741211
54.5
54.52000045776367
54.47999954223633
54.470001220703125
54.470001220703125
54.45000076293945
54.45000076293945
54.46500015258789
54.474998474121094
54.48500061035156
54.4900016784668
54.4900016784668
54.52000045776367
54.529998779296875
54.5
54.4900016784668
54.505001068115234
54.52000045776367
54.584999084472656
54.584999084472656
54.564998626708984
54.5099983215332
54.5
54.51499938964844
54.540000915527344
54.540000915527344
54.54999923706055
54.52000045776367
54.525001525878906
54.47249984741211
54.560001373291016
54.61000061035156
54.60499954223633
54.625
54.63999938964844
54.654998779296875
54.66999816894531
54.63999938964844
54.67499923706055
54.70000076293945
54.70000076293945
54.72999954223633
54.744998931884766
54.7599983215332
54.845001220703125
54.849998474121094
54.915000915527344
54.91999816894531
54.90999984741211
54.900001525878906
54.90999984741211
54.904998779296875
54.88999938964844
54.88999938964844
54.915000915527344
54.95000076293945
54.91999816894531
54.970001220703125
55.016700744628906
55.03499984741211
55.0099983215332
55.01499938964844
55.029998779296875
55.02000045776367
55.0
55.0099983215332
55.02000045776367
55.0265007019043
55.029998779296875
55.00640106201172
55.0
55.0099983215332
55.03499984741211
55.03499984741211
54.97999954223633
55.01499938964844
55.064998626708984
55.04999923706055
55.04999923706055
55.029300689697266
55.029998779296875
55.04999923706055
55.025001525878906
55.03929901123047
55.03499984741211
55.040000915527344
55.040000915527344
55.04999923706055
55.04499816894531
55.06999969482422
55.09000015258789
55.15999984741211
55.13999938964844
55.084999084472656
55.04499816894531
55.05500030517578
55.060001373291016
54.97999954223633
54.939998626708984
54.91999816894531
54.93000030517578
54.93000030517578
54.935001373291016
54.93000030517578
54.939998626708984
54.959999084472656
54.95000076293945
54.939998626708984
54.91999816894531
54.92499923706055
54.91999816894531
54.974998474121094
55.0099983215332
55.0099983215332
54.98500061035156
54.95500183105469
54.959999084472656
54.9900016784668
54.994998931884766
55.02000045776367
55.04999923706055
55.04499816894531
55.06999969482422
55.04999923706055
55.064998626708984
55.07600021362305
55.060001373291016
55.060001373291016
55.02000045776367
55.040000915527344
55.04999923706055
55.03499984741211
55.040000915527344
55.063899993896484
55.04999923706055
55.029998779296875
55.025001525878906
55.02989959716797
55.04999923706055
55.04499816894531
55.040000915527344
55.04499816894531
55.0099983215332
55.0099983215332
55.035400390625
55.025001525878906
55.08000183105469
55.06999969482422
55.0
54.96149826049805
54.95000076293945
54.939998626708984
54.939998626708984
54.959999084472656
54.970001220703125
54.95000076293945
54.96500015258789
54.97999954223633
54.98500061035156
55.0
55.0099983215332
55.02000045776367
55.04999923706055
55.07500076293945
55.060001373291016
55.07500076293945
55.05500030517578
55.03499984741211
55.03499984741211
55.060001373291016
55.040000915527344
55.040000915527344
55.04499816894531
55.04499816894531
55.04499816894531
55.029998779296875
55.025001525878906
55.04010009765625
55.04999923706055
55.040000915527344
55.029998779296875
55.029998779296875
55.03499984741211
55.0442008972168
55.07500076293945
55.064998626708984
55.064998626708984
55.04999923706055
55.060001373291016
55.07500076293945
55.084999084472656
55.10499954223633
55.10499954223633
55.114601135253906
55.130001068115234
55.150001525878906
55.18000030517578
55.16999816894531
55.18000030517578
55.20000076293945
55.227298736572266
55.2400016784668
55.255001068115234
55.255001068115234
55.279998779296875
55.275001525878906
55.314998626708984
55.32590103149414
55.31999969482422
55.334999084472656
55.349998474121094
55.33000183105469
55.349998474121094
55.345001220703125
55.349998474121094
55.35390090942383
55.317100524902344
55.3224983215332
55.29999923706055
55.334999084472656
55.31999969482422
55.31119918823242
55.29499816894531
55.270999908447266
55.275001525878906
55.2599983215332
55.26750183105469
55.26499938964844
55.28200149536133
55.279998779296875
55.27000045776367
55.275001525878906
55.310001373291016
55.33000183105469
55.32500076293945
55.33000183105469
55.314998626708984
55.310001373291016
55.29999923706055
55.307498931884766
55.30500030517578
55.27000045776367
55.307498931884766
55.284000396728516
55.275001525878906
55.290000915527344
55.29499816894531
55.29999923706055
55.29499816894531
55.32500076293945
55.314998626708984
55.334999084472656
55.30500030517578
55.29499816894531
55.2599983215332
55.27000045776367
55.26499938964844
55.23500061035156
55.25
55.26020050048828
55.27000045776367
55.275001525878906
55.279998779296875
55.290000915527344
55.31890106201172
55.38999938964844
55.404998779296875
55.3650016784668
55.3650016784668
55.29999923706055
55.310001373291016
55.290000915527344
55.29499816894531
55.32500076293945
55.31999969482422
55.29990005493164
55.29999923706055
55.28499984741211
55.275001525878906
55.29499816894531
55.28499984741211
55.30500030517578
55.29999923706055
55.31999969482422
55.334999084472656
55.314998626708984
55.307498931884766
55.290000915527344
55.29999923706055
55.314998626708984
55.290000915527344
55.29999923706055
55.29499816894531
55.279998779296875
55.272098541259766
55.275001525878906
55.26499938964844
55.279998779296875
55.264801025390625
55.25239944458008
55.22999954223633
55.20000076293945
55.22999954223633
55.224998474121094
55.209999084472656
55.224998474121094
55.25
55.2599983215332
55.273399353027344
55.27000045776367
55.29999923706055
55.275001525878906
55.26499938964844
55.244998931884766
55.23500061035156
55.244998931884766
55.2400016784668
55.2400016784668
55.22589874267578
55.21500015258789
55.18000030517578
55.185001373291016
55.17499923706055
55.17499923706055
55.154998779296875
55.125
55.13999938964844
55.150001525878906
55.154998779296875
55.17610168457031
55.189998626708984
55.185001373291016
55.18000030517578
55.19969940185547
55.220001220703125
55.23500061035156
55.23910140991211
55.23500061035156
55.26499938964844
55.26499938964844
55.2599983215332
55.23500061035156
55.2599983215332
55.27000045776367
55.2599983215332
55.275001525878906
55.27560043334961
55.323001861572266
55.32500076293945
55.33000183105469
55.345001220703125
55.33000183105469
55.33000183105469
55.334999084472656
55.33000183105469
55.310001373291016
55.33000183105469
55.33000183105469
55.34000015258789
55.349998474121094
55.34000015258789
55.33000183105469
55.33000183105469
55.310001373291016
55.310001373291016
55.293701171875
55.29999923706055
55.290000915527344
55.279998779296875
55.27000045776367
55.279998779296875
55.2599983215332
55.26499938964844
55.2599983215332
55.26499938964844
55.275001525878906
55.275001525878906
55.27000045776367
55.25630187988281
55.275001525878906
55.28499984741211
55.314998626708984
55.31999969482422
55.30070114135742
55.31800079345703
55.314998626708984
55.314998626708984
55.31159973144531
55.32500076293945
55.33000183105469
55.3650016784668
55.38999938964844
55.380001068115234
55.38999938964844
55.3849983215332
55.38999938964844
55.38629913330078
55.3849983215332
55.3849983215332
55.415000915527344
55.41999816894531
55.41999816894531
55.439998626708984
55.459999084472656
55.474998474121094
55.49250030517578
55.5099983215332
55.53499984741211
55.560001373291016
55.59000015258789
55.59000015258789
55.58000183105469
55.51499938964844
55.52000045776367
55.53499984741211
55.52000045776367
55.505001068115234
55.52000045776367
55.51499938964844
55.505001068115234
55.459999084472656
55.46189880371094
55.45500183105469
55.454200744628906
55.45500183105469
55.45500183105469
55.46500015258789
55.45000076293945
55.44499969482422
55.44490051269531
55.45500183105469
55.470001220703125
55.46500015258789
55.474998474121094
55.5
55.48500061035156
55.4900016784668
55.525001525878906
55.540000915527344
55.52000045776367
55.506099700927734
55.49810028076172
55.46799850463867
55.5099983215332
55.52000045776367
55.529998779296875
55.4900016784668
55.470001220703125
55.47010040283203
55.470001220703125
55.5
55.474998474121094
55.45500183105469
55.439998626708984
55.43000030517578
55.415000915527344
55.375
55.369998931884766
55.38999938964844
55.41999816894531
55.400001525878906
55.40999984741211
55.36280059814453
55.30500030517578
55.3125
55.35499954223633
55.345001220703125
55.294898986816406
55.29899978637695
55.29499816894531
55.34000015258789
55.30500030517578
55.27000045776367
55.2599983215332
55.26499938964844
55.2599983215332
55.2401008605957
55.244998931884766
55.349998474121094
55.250099182128906
55.224998474121094
55.220001220703125
55.244998931884766
55.224998474121094
55.2400016784668
55.19499969482422
55.130001068115234
55.150001525878906
