135.5399932861328
135.55999755859375
135.74000549316406
135.77000427246094
135.5500030517578
135.49000549316406
135.6300048828125
135.72999572753906
135.97999572753906
136.14500427246094
136.3350067138672
136.36000061035156
136.3679962158203
136.5399932861328
136.56430053710938
136.55999755859375
136.63999938964844
136.66000366210938
136.83999633789062
136.89500427246094
136.82000732421875
136.50999450683594
136.39999389648438
136.58999633789062
136.71499633789062
136.69000244140625
136.44009399414062
136.54080200195312
136.6240997314453
136.51499938964844
136.35499572753906
136.30999755859375
136.2191925048828
136.2696075439453
136.4600067138672
136.4600067138672
136.52000427246094
136.6083984375
136.4149932861328
136.3800048828125
136.39999389648438
136.4600067138672
136.4600067138672
136.60000610351562
136.80999755859375
136.6999969482422
136.44000244140625
136.6226043701172
136.72120666503906
136.74000549316406
136.6999969482422
136.72000122070312
136.83999633789062
136.80990600585938
136.82000732421875
136.86270141601562
136.7949981689453
136.75
136.66000366210938
136.49000549316406
136.60000610351562
136.57000732421875
136.50140380859375
136.70399475097656
136.85000610351562
136.9499969482422
136.91000366210938
136.9499969482422
136.97999572753906
136.97000122070312
136.88209533691406
136.88900756835938
136.84500122070312
136.91000366210938
136.8000030517578
136.89999389648438
136.88999938964844
136.8000030517578
136.8300018310547
136.77000427246094
136.77000427246094
136.89739990234375
136.77000427246094
136.8000030517578
136.77999877929688
136.91000366210938
136.82000732421875
136.75999450683594
136.52000427246094
136.35169982910156
136.36000061035156
136.39999389648438
136.39999389648438
136.4199981689453
136.22999572753906
136.17999267578125
136.27000427246094
136.30999755859375
136.1450958251953
135.9199981689453
135.96890258789062
135.81500244140625
135.5399932861328
135.55999755859375
135.60000610351562
135.57000732421875
135.58160400390625
135.50999450683594
135.43499755859375
135.3800048828125
135.44000244140625
135.72000122070312
135.48519897460938
135.62669372558594
135.46910095214844
135.3249969482422
135.4149932861328
135.5
135.25
135.27000427246094
135.25999450683594
135.2259979248047
135.1699981689453
135.38999938964844
135.35000610351562
135.39500427246094
135.3699951171875
135.4600067138672
135.3721923828125
135.41000366210938
135.41000366210938
135.3300018310547
135.4600067138672
135.35000610351562
135.27000427246094
135.3000030517578
135.32000732421875
135.33999633789062
135.4290008544922
135.23500061035156
135.27000427246094
135.3000030517578
135.47000122070312
135.4199981689453
135.32000732421875
135.39999389648438
135.3800048828125
135.38999938964844
135.4967041015625
135.5
135.4199981689453
135.25
135.22999572753906
135.32260131835938
135.39999389648438
135.44000244140625
135.39999389648438
135.38619995117188
135.30999755859375
135.36000061035156
135.4600067138672
135.4600067138672
135.38999938964844
135.42999267578125
135.47999572753906
135.47999572753906
135.51930236816406
135.4600067138672
135.52000427246094
135.49000549316406
135.56089782714844
135.55870056152344
135.57000732421875
135.5800018310547
135.68429565429688
135.77999877929688
135.83509826660156
135.75
135.6999969482422
135.77999877929688
135.7100067138672
135.67990112304688
135.6699981689453
135.67999267578125
135.73500061035156
135.60000610351562
135.7772979736328
135.89999389648438
135.92999267578125
135.9528045654297
135.94000244140625
135.94000244140625
135.94000244140625
135.94000244140625
136.02000427246094
135.97000122070312
135.97999572753906
136.0399932861328
135.9199981689453
135.99000549316406
136.0
136.0
136.00999450683594
135.98500061035156
136.05709838867188
136.14979553222656
136.14999389648438
136.0500030517578
136.0
135.94000244140625
135.9499969482422
135.92999267578125
135.97999572753906
136.02349853515625
135.9866943359375
135.9499969482422
136.0
136.02310180664062
136.05999755859375
136.02499389648438
136.07000732421875
136.03289794921875
135.9600067138672
135.81100463867188
135.80999755859375
135.82000732421875
135.7987060546875
135.67999267578125
135.57000732421875
135.61900329589844
135.66000366210938
135.6699981689453
135.59500122070312
135.66000366210938
135.6199951171875
135.69000244140625
135.72000122070312
135.6999969482422
135.6699981689453
135.61000061035156
135.61000061035156
135.72999572753906
135.58999633789062
135.44500732421875
135.44000244140625
135.47999572753906
135.5399932861328
135.63999938964844
135.6750030517578
135.69000244140625
135.5800018310547
135.5800018310547
135.58999633789062
135.52000427246094
135.47889709472656
135.4499969482422
135.4149932861328
135.32000732421875
135.3800048828125
135.35000610351562
135.2675018310547
135.22999572753906
135.3699951171875
135.3000030517578
135.41000366210938
135.52000427246094
135.5471954345703
135.5399932861328
135.55999755859375
135.52000427246094
135.55999755859375
135.5399932861328
135.57980346679688
135.64999389648438
135.72000122070312
135.77000427246094
135.69000244140625
135.63999938964844
135.64999389648438
135.6699981689453
135.66000366210938
135.72000122070312
135.72000122070312
135.75
135.6750030517578
135.66000366210938
135.6199951171875
135.63999938964844
135.5800018310547
135.57000732421875
135.58999633789062
135.60000610351562
135.6199951171875
135.57000732421875
135.57000732421875
135.6199951171875
135.5449981689453
135.56500244140625
135.5800018310547
135.57980346679688
135.55999755859375
135.5
135.49569702148438
135.4499969482422
135.4600067138672
135.36160278320312
135.3800048828125
135.3773956298828
135.3000030517578
135.3800048828125
135.30999755859375
135.35000610351562
135.32989501953125
135.4600067138672
135.49000549316406
135.4199981689453
135.33999633789062
135.3883056640625
135.3699951171875
135.40980529785156
135.4199981689453
135.375
135.4149932861328
135.39999389648438
135.40570068359375
135.44000244140625
135.47999572753906
135.49000549316406
135.47500610351562
135.57000732421875
135.6428985595703
135.7100067138672
135.67999267578125
135.72999572753906
135.77999877929688
135.80569458007812
135.85000610351562
135.8300018310547
135.8800048828125
135.86000061035156
135.88999938964844
135.88999938964844
135.8769989013672
135.8800048828125
135.9199981689453
135.77499389648438
135.8000030517578
135.7899932861328
135.8350067138672
135.7899932861328
135.68499755859375
135.67990112304688
135.69000244140625
135.73089599609375
135.72999572753906
135.75889587402344
135.6999969482422
135.75999450683594
135.8000030517578
135.8386993408203
135.7899932861328
135.80999755859375
135.80999755859375
135.83999633789062
135.82000732421875
135.82479858398438
135.8000030517578
135.78579711914062
135.80999755859375
135.86000061035156
135.7899932861328
135.82000732421875
135.77999877929688
135.75
135.73379516601562
135.77749633789062
135.75010681152344
135.77999877929688
135.83999633789062
135.80999755859375
135.88999938964844
135.92999267578125
135.9600067138672
135.89999389648438
135.88999938964844
135.9199981689453
135.9499969482422
135.9499969482422
135.9801025390625
135.9600067138672
135.94000244140625
135.97000122070312
135.9810028076172
136.01499938964844
136.15899658203125
136.16700744628906
136.18569946289062
136.19000244140625
136.0800018310547
136.1699981689453
136.1029052734375
136.1999969482422
136.22000122070312
136.20010375976562
136.22999572753906
136.3000030517578
136.32000732421875
136.32000732421875
136.30999755859375
136.25
136.27499389648438
136.30999755859375
136.32000732421875
136.3699951171875
136.33999633789062
136.3000030517578
136.38999938964844
136.41000366210938
136.4499969482422
136.47999572753906
136.49000549316406
136.5
136.47000122070312
136.47000122070312
136.41000366210938
136.3800048828125
136.3946990966797
136.30999755859375
136.35000610351562
136.35000610351562
136.32000732421875
136.44000244140625
136.44000244140625
136.34979248046875
136.3699951171875
136.39999389648438
136.3800048828125
136.41000366210938
136.4499969482422
136.42999267578125
136.408203125
136.4499969482422
136.4199981689453
136.42999267578125
136.4199981689453
136.47999572753906
136.46499633789062
136.47000122070312
136.44000244140625
136.44000244140625
136.4499969482422
136.4207000732422
136.44000244140625
136.33999633789062
136.3000030517578
136.2899932861328
136.36000061035156
136.35000610351562
136.42999267578125
136.39999389648438
136.38999938964844
136.32000732421875
136.3350067138672
136.33999633789062
136.3300018310547
136.4499969482422
136.4250030517578
136.5
136.4550018310547
136.49000549316406
136.49000549316406
136.42999267578125
136.33999633789062
136.2899932861328
136.27999877929688
136.2899932861328
136.33999633789062
136.33999633789062
136.35000610351562
136.3800048828125
136.3800048828125
136.37159729003906
136.36659240722656
136.4199981689453
136.39999389648438
136.41000366210938
136.4788055419922
136.4506072998047
136.47000122070312
136.4499969482422
136.3800048828125
136.39230346679688
136.3800048828125
136.35000610351562
136.3249969482422
136.3800048828125
136.35499572753906
136.2899932861328
136.33999633789062
136.36000061035156
136.35000610351562
136.3699951171875
136.3800048828125
136.3800048828125
136.3699951171875
136.44839477539062
136.42999267578125
136.44000244140625
136.47000122070312
136.47999572753906
136.52000427246094
136.57000732421875
136.5050048828125
136.57000732421875
136.60499572753906
136.57000732421875
136.5800018310547
136.5850067138672
136.60000610351562
136.60000610351562
136.62010192871094
136.66000366210938
136.6300048828125
136.64999389648438
136.625
136.61000061035156
136.67999267578125
136.58999633789062
136.57000732421875
136.5800018310547
136.61000061035156
136.6199951171875
136.6699981689453
136.6699981689453
136.66000366210938
136.6699981689453
136.66000366210938
136.68499755859375
136.74000549316406
136.7180938720703
136.77999877929688
136.7949981689453
136.7899932861328
136.6750030517578
136.66000366210938
136.6699981689453
136.66000366210938
136.63999938964844
136.66000366210938
136.60000610351562
136.58999633789062
136.50990295410156
136.5800018310547
136.60000610351562
136.63999938964844
136.69000244140625
136.6999969482422
136.74000549316406
136.74000549316406
136.78500366210938
136.8300018310547
136.8800048828125
136.89999389648438
136.88499450683594
136.82000732421875
136.8000030517578
136.84500122070312
136.9199981689453
136.90499877929688
136.89999389648438
136.85000610351562
136.85499572753906
136.89999389648438
136.89999389648438
136.92999267578125
136.84500122070312
136.83999633789062
136.7899932861328
136.86500549316406
136.85000610351562
136.78729248046875
136.7050018310547
136.6199951171875
136.52999877929688
136.5399932861328
136.44500732421875
136.4199981689453
136.4499969482422
136.49940490722656
136.63499450683594
136.6199951171875
136.6300048828125
136.55999755859375
136.6199951171875
136.66009521484375
136.5449981689453
136.47999572753906
136.49000549316406
136.4149932861328
136.58999633789062
136.5
136.36000061035156
136.375
136.38499450683594
136.38380432128906
136.4199981689453
136.39999389648438
136.42999267578125
136.2899932861328
136.1699981689453
136.125
136.1750030517578
136.09500122070312
136.05999755859375
135.97000122070312
135.9149932861328
135.88999938964844
