140.89100646972656
140.72999572753906
140.63999938964844
140.35000610351562
140.44500732421875
140.0800018310547
140.0800018310547
140.22120666503906
140.3699951171875
140.1699981689453
140.24000549316406
140.07110595703125
140.07000732421875
140.1699981689453
140.67999267578125
140.44000244140625
140.63070678710938
140.72000122070312
140.69000244140625
140.90609741210938
140.7801055908203
140.74000549316406
140.80499267578125
140.7899932861328
140.64999389648438
140.7899932861328
140.61839294433594
140.71499633789062
140.57000732421875
140.35000610351562
140.2949981689453
140.06500244140625
139.8300018310547
139.7100067138672
139.7100067138672
139.57440185546875
139.63369750976562
139.97000122070312
139.9499969482422
139.93499755859375
140.2550048828125
140.31719970703125
140.33999633789062
140.3800048828125
140.50999450683594
140.37010192871094
140.21929931640625
140.1999969482422
140.125
140.11000061035156
140.25
140.58999633789062
140.6199951171875
140.49000549316406
140.44000244140625
140.5500030517578
140.55999755859375
140.47999572753906
140.25999450683594
140.2100067138672
140.26010131835938
140.38999938964844
140.36160278320312
140.75039672851562
140.88999938964844
140.85000610351562
140.9846954345703
140.94189453125
140.8699951171875
140.94000244140625
140.90890502929688
140.97000122070312
140.93499755859375
141.00579833984375
140.8699951171875
141.05999755859375
141.10000610351562
141.08999633789062
141.02000427246094
141.05999755859375
141.1199951171875
140.98060607910156
140.82000732421875
140.95140075683594
140.97500610351562
141.0
140.97999572753906
141.0
140.7899932861328
140.52999877929688
140.52000427246094
140.6750030517578
140.47999572753906
140.61000061035156
140.5800018310547
140.8300018310547
140.81640625
140.8000030517578
140.84500122070312
140.44500732421875
140.4499969482422
140.31500244140625
140.1300048828125
140.0500030517578
140.17999267578125
140.25999450683594
140.1699981689453
140.2899932861328
140.2100067138672
140.10049438476562
140.1999969482422
140.14999389648438
139.89999389648438
139.8083953857422
139.7050018310547
139.74929809570312
139.76499938964844
139.8800048828125
139.55999755859375
139.69500732421875
139.85000610351562
139.82000732421875
139.86000061035156
139.875
139.94000244140625
140.0980987548828
140.00999450683594
140.00999450683594
140.23500061035156
140.2100067138672
140.13999938964844
139.97779846191406
140.0157012939453
140.0
140.02000427246094
140.0218963623047
140.14999389648438
140.23500061035156
140.18870544433594
140.17999267578125
140.1750030517578
140.24000549316406
140.24000549316406
140.07000732421875
140.08999633789062
139.99000549316406
139.95680236816406
139.89999389648438
139.91000366210938
139.8800048828125
139.77499389648438
139.69940185546875
139.6490936279297
139.65499877929688
139.72999572753906
139.86880493164062
139.85000610351562
139.69000244140625
139.6199951171875
139.8009033203125
139.8699951171875
139.8350067138672
139.77999877929688
139.86000061035156
139.83999633789062
139.97999572753906
139.7899932861328
139.82000732421875
139.7720947265625
139.77000427246094
139.80999755859375
139.8249969482422
139.83999633789062
140.0399932861328
140.07000732421875
140.1699981689453
140.22500610351562
140.10000610351562
140.14999389648438
140.24989318847656
140.35000610351562
140.2899932861328
140.3242950439453
140.44500732421875
140.44000244140625
140.30140686035156
140.32000732421875
140.38499450683594
140.47999572753906
140.47000122070312
140.4499969482422
140.33999633789062
140.2550048828125
140.3300018310547
140.4093017578125
140.42999267578125
140.4499969482422
140.53810119628906
140.529296875
140.5850067138672
140.57000732421875
140.67999267578125
140.7299041748047
140.6636962890625
140.76499938964844
140.91000366210938
140.91000366210938
140.89999389648438
140.86000061035156
140.7523956298828
140.72999572753906
140.78990173339844
140.67019653320312
140.6300048828125
140.63949584960938
140.61000061035156
140.60000610351562
140.59500122070312
140.69810485839844
140.68699645996094
140.6750030517578
140.65220642089844
140.60000610351562
140.52999877929688
140.52000427246094
140.53500366210938
140.4199981689453
140.3800048828125
140.36810302734375
140.4499969482422
140.42999267578125
140.59950256347656
140.5399932861328
140.5800018310547
140.60000610351562
140.6688995361328
140.6199951171875
140.57000732421875
140.52960205078125
140.53500366210938
140.55999755859375
140.8000030517578
140.81500244140625
140.7698974609375
140.6020050048828
140.69000244140625
140.75
140.77000427246094
140.84219360351562
140.99000549316406
140.94000244140625
141.02239990234375
140.89999389648438
140.90809631347656
140.88999938964844
140.88450622558594
140.88499450683594
140.78500366210938
140.82000732421875
140.82310485839844
140.77999877929688
140.8000030517578
140.8000030517578
140.84500122070312
140.8699951171875
140.94000244140625
140.88999938964844
141.02000427246094
140.99000549316406
141.0697021484375
141.10000610351562
140.92999267578125
140.92999267578125
141.00999450683594
141.05029296875
141.2100067138672
141.23500061035156
141.03500366210938
140.97000122070312
140.96499633789062
140.92919921875
141.03500366210938
141.02000427246094
141.03500366210938
141.0
141.0
141.05999755859375
141.0399932861328
141.0601043701172
141.08999633789062
141.1300048828125
141.2299041748047
141.30999755859375
141.1304931640625
141.1699981689453
141.1300048828125
141.07000732421875
141.0749969482422
141.1199951171875
141.11000061035156
141.15919494628906
141.1750030517578
141.19000244140625
141.1999969482422
141.16189575195312
141.17999267578125
141.1916961669922
141.35000610351562
141.27000427246094
141.3000030517578
141.25999450683594
141.27279663085938
141.2899932861328
141.33999633789062
141.293701171875
141.2333984375
141.1768035888672
141.2100067138672
141.21609497070312
141.23500061035156
141.3699951171875
141.33529663085938
141.375
141.47999572753906
141.6300048828125
141.82000732421875
141.75
141.75999450683594
141.67889404296875
141.77000427246094
141.8699951171875
141.8800048828125
141.80999755859375
141.82000732421875
141.83999633789062
141.9199981689453
141.94000244140625
141.92999267578125
141.97999572753906
142.02999877929688
141.95919799804688
142.0500030517578
142.02000427246094
141.97659301757812
141.95010375976562
141.8699951171875
141.8699951171875
141.8574981689453
141.8350067138672
141.8800048828125
141.8300018310547
141.80999755859375
141.77000427246094
141.77459716796875
141.7100067138672
141.74000549316406
141.7949981689453
141.8300018310547
141.92799377441406
141.9600067138672
141.96499633789062
142.02999877929688
142.0596923828125
142.14999389648438
142.0500030517578
142.02000427246094
142.02000427246094
142.05499267578125
142.0500030517578
142.0500030517578
141.97000122070312
141.99139404296875
141.96499633789062
141.89999389648438
141.9149932861328
141.9506072998047
141.9250030517578
141.9600067138672
141.97500610351562
141.9550018310547
141.9600067138672
142.03500366210938
142.00999450683594
141.94000244140625
141.9669952392578
141.98989868164062
141.94000244140625
141.92100524902344
141.9582977294922
142.0050048828125
142.0
141.9499969482422
141.9149932861328
142.00999450683594
142.13999938964844
142.14999389648438
142.0614013671875
142.06500244140625
141.8699951171875
141.9199981689453
141.74090576171875
141.8730010986328
141.8249969482422
141.82000732421875
141.8000030517578
141.9499053955078
141.9250030517578
141.9499969482422
141.9499969482422
141.88999938964844
141.9550018310547
141.93099975585938
141.94000244140625
141.92999267578125
141.91000366210938
141.85000610351562
141.9199981689453
141.9550018310547
142.05999755859375
141.97999572753906
141.97000122070312
142.0399932861328
141.91000366210938
141.94000244140625
141.99000549316406
141.96499633789062
142.0131072998047
142.0399932861328
142.06329345703125
142.02499389648438
141.9499969482422
142.0449981689453
142.0399932861328
141.97000122070312
141.94500732421875
142.03500366210938
141.97000122070312
141.9600067138672
142.02000427246094
142.01499938964844
141.97000122070312
141.88999938964844
141.8300018310547
141.86900329589844
141.76229858398438
141.9199981689453
142.05999755859375
142.0399932861328
142.0449981689453
141.9600067138672
141.94000244140625
142.0
142.02999877929688
142.02000427246094
141.9250030517578
141.8717041015625
142.02000427246094
141.98500061035156
142.03309631347656
142.0800018310547
142.0800018310547
142.02999877929688
142.0500030517578
142.06500244140625
142.08999633789062
142.11000061035156
142.0500030517578
142.05999755859375
142.06190490722656
142.05999755859375
142.07000732421875
142.14999389648438
142.13999938964844
142.13999938964844
142.22500610351562
142.25999450683594
142.2899932861328
142.2949981689453
142.35499572753906
142.39999389648438
142.3699951171875
142.38999938964844
142.3699951171875
142.4949951171875
142.38009643554688
142.38999938964844
142.4600067138672
142.47000122070312
142.49000549316406
142.36000061035156
142.3350067138672
142.3300018310547
142.24000549316406
142.17999267578125
142.22999572753906
142.24000549316406
142.27000427246094
142.17999267578125
142.19000244140625
142.28469848632812
142.3300018310547
142.27000427246094
142.35000610351562
142.36000061035156
142.39190673828125
142.3820037841797
142.42999267578125
142.4080047607422
142.39999389648438
142.40330505371094
142.44000244140625
142.47999572753906
142.47000122070312
142.5500030517578
142.49600219726562
142.5500030517578
142.52000427246094
142.5
142.55990600585938
142.625
142.63999938964844
142.63999938964844
142.6793975830078
142.68499755859375
142.69700622558594
142.7100067138672
142.72999572753906
142.66920471191406
142.7158966064453
142.77999877929688
142.75999450683594
142.7899932861328
142.84500122070312
142.843994140625
142.8336944580078
142.93820190429688
142.91000366210938
142.9499053955078
143.0
143.06500244140625
143.1365966796875
143.13690185546875
143.0800018310547
143.10000610351562
142.9738006591797
142.97500610351562
142.98069763183594
143.0
142.99000549316406
142.9199981689453
142.9199981689453
143.02999877929688
143.02999877929688
142.99789428710938
142.9949951171875
143.02000427246094
142.99000549316406
142.97509765625
143.0
143.0399932861328
143.06019592285156
143.0399932861328
143.0
142.97999572753906
142.91000366210938
142.84500122070312
142.86000061035156
142.9600067138672
142.97999572753906
143.0749969482422
143.02999877929688
143.1042022705078
143.1699981689453
143.0800018310547
143.0800018310547
142.91000366210938
143.01499938964844
143.0
143.0500030517578
143.0449981689453
143.02000427246094
142.94349670410156
142.9499969482422
142.8699951171875
142.83990478515625
142.75999450683594
142.7100067138672
142.69000244140625
142.74000549316406
142.63999938964844
142.64999389648438
142.6627960205078
142.47000122070312
142.51499938964844
142.625
142.52000427246094
142.38999938964844
142.29600524902344
142.25999450683594
142.33680725097656
142.52499389648438
142.402099609375
142.37840270996094
142.27999877929688
142.2899932861328
142.25
142.27999877929688
142.3699951171875
142.3300018310547
142.25
142.22000122070312
142.21910095214844
142.14999389648438
142.1999969482422
142.1199951171875
142.14999389648438
142.02000427246094
