61.029998779296875
61.13999938964844
61.141300201416016
61.29010009765625
61.20500183105469
61.13999938964844
61.150001525878906
61.25
61.29499816894531
61.31999969482422
61.45500183105469
61.54999923706055
61.47999954223633
61.43000030517578
61.52000045776367
61.5
61.56999969482422
61.63999938964844
61.720001220703125
61.720001220703125
61.66999816894531
61.400001525878906
61.31999969482422
61.290000915527344
61.34000015258789
61.27000045776367
61.19499969482422
61.219398498535156
61.22999954223633
61.279998779296875
61.27000045776367
61.23649978637695
61.13999938964844
61.11000061035156
61.20000076293945
61.18000030517578
61.15999984741211
61.1349983215332
61.09000015258789
60.97999954223633
61.0
61.029998779296875
61.040000915527344
61.060001373291016
61.13999938964844
61.08000183105469
61.03099822998047
61.040000915527344
61.029998779296875
61.060001373291016
61.13309860229492
61.084999084472656
61.16999816894531
61.20000076293945
61.18000030517578
61.220001220703125
61.119998931884766
61.11000061035156
61.02000045776367
61.060001373291016
61.02000045776367
61.06999969482422
61.10499954223633
61.119998931884766
61.15999984741211
61.06999969482422
61.13999938964844
61.130001068115234
61.1150016784668
61.14500045776367
61.05500030517578
61.060001373291016
61.150001525878906
61.13999938964844
61.130001068115234
61.119998931884766
61.13999938964844
61.10499954223633
61.1150016784668
61.10499954223633
61.08000183105469
61.14500045776367
61.08000183105469
61.130001068115234
61.06999969482422
61.125
61.04999923706055
61.025001525878906
61.040000915527344
60.900001525878906
60.93000030517578
60.939998626708984
60.959999084472656
60.93000030517578
60.900001525878906
60.81999969482422
60.81999969482422
60.85499954223633
60.83000183105469
60.720001220703125
60.759498596191406
60.665000915527344
60.630001068115234
60.599998474121094
60.622501373291016
60.584999084472656
60.630001068115234
60.59000015258789
60.653099060058594
60.6349983215332
60.68000030517578
60.70000076293945
60.599998474121094
60.59629821777344
60.59000015258789
60.560001373291016
60.599998474121094
60.563899993896484
60.61000061035156
60.59000015258789
60.58000183105469
60.61000061035156
60.599998474121094
60.619998931884766
60.630001068115234
60.6349983215332
60.58000183105469
60.61000061035156
60.650001525878906
60.70000076293945
60.68239974975586
60.70500183105469
60.709999084472656
60.68000030517578
60.650001525878906
60.654998779296875
60.689998626708984
60.709999084472656
60.709999084472656
60.65999984741211
60.65999984741211
60.75
60.7400016784668
60.7400016784668
60.744998931884766
60.77000045776367
60.790000915527344
60.790000915527344
60.880001068115234
60.81990051269531
60.76300048828125
60.65999984741211
60.65999984741211
60.66999816894531
60.70500183105469
60.810001373291016
60.75
60.7400016784668
60.72999954223633
60.7599983215332
60.834999084472656
60.83000183105469
60.81999969482422
60.810001373291016
60.861698150634766
60.79499816894531
60.79999923706055
60.784698486328125
60.79999923706055
60.78670120239258
60.810001373291016
60.790000915527344
60.82500076293945
60.81999969482422
60.834999084472656
60.903499603271484
60.970001220703125
60.939998626708984
60.959999084472656
60.92470169067383
60.94499969482422
60.90999984741211
60.93000030517578
60.88999938964844
60.900001525878906
60.880001068115234
60.88999938964844
60.9900016784668
60.97999954223633
60.970001220703125
60.97999954223633
60.94810104370117
60.915000915527344
60.91999816894531
60.90999984741211
60.93000030517578
60.91999816894531
60.935001373291016
60.920101165771484
60.97999954223633
60.97999954223633
60.9900016784668
60.970001220703125
60.97999954223633
61.02000045776367
61.01020050048828
60.97999954223633
61.02000045776367
60.97999954223633
60.970001220703125
60.974998474121094
60.95000076293945
60.9900016784668
60.9900016784668
60.95000076293945
60.939998626708984
60.935001373291016
60.93000030517578
60.9900016784668
61.0
61.02000045776367
61.0099983215332
60.9900016784668
60.95000076293945
60.939998626708984
60.95000076293945
60.959999084472656
60.93000030517578
60.90999984741211
60.939998626708984
60.94969940185547
60.94499969482422
60.93000030517578
60.900001525878906
60.90999984741211
60.90530014038086
60.880001068115234
60.8400993347168
60.849998474121094
60.82500076293945
60.82500076293945
60.88159942626953
60.904998779296875
60.84700012207031
60.8650016784668
60.88999938964844
60.900001525878906
60.95500183105469
60.9900016784668
61.0099983215332
60.959999084472656
60.97999954223633
60.969398498535156
60.95000076293945
60.92499923706055
60.93159866333008
60.929901123046875
60.869998931884766
60.869998931884766
60.86000061035156
60.81999969482422
60.81990051269531
60.86000061035156
60.849998474121094
60.869998931884766
60.869998931884766
60.88999938964844
60.88999938964844
60.900001525878906
60.90999984741211
60.900001525878906
60.900001525878906
60.880001068115234
60.91999816894531
60.91999816894531
60.959999084472656
60.93000030517578
60.91999816894531
60.89360046386719
60.89149856567383
60.880001068115234
60.900001525878906
60.92499923706055
60.939998626708984
60.93000030517578
60.92829895019531
60.95000076293945
60.959999084472656
60.959999084472656
60.95500183105469
60.97999954223633
60.97999954223633
60.974998474121094
60.969200134277344
60.959999084472656
60.95000076293945
60.959999084472656
60.970001220703125
60.974998474121094
60.959999084472656
60.970001220703125
60.959999084472656
60.959999084472656
60.970001220703125
60.96989822387695
60.9468994140625
60.95000076293945
60.95000076293945
60.95000076293945
60.95000076293945
60.900001525878906
60.8849983215332
60.8849983215332
60.90999984741211
60.88999938964844
60.88999938964844
60.869998931884766
60.88999938964844
60.88999938964844
60.90999984741211
60.89500045776367
60.880001068115234
60.915000915527344
60.92499923706055
60.95000076293945
60.9900016784668
60.9900016784668
60.97999954223633
60.96500015258789
61.0099983215332
61.03020095825195
61.0281982421875
61.02009963989258
61.005001068115234
61.0099983215332
61.040000915527344
61.029998779296875
61.04499816894531
61.040000915527344
61.029998779296875
61.040000915527344
61.04999923706055
61.03369903564453
61.04499816894531
61.029998779296875
61.0099983215332
60.994998931884766
60.9900016784668
61.0
60.9900016784668
60.970001220703125
60.95000076293945
60.93000030517578
60.959999084472656
60.959999084472656
60.959999084472656
60.939998626708984
60.95000076293945
60.967498779296875
60.96080017089844
60.97999954223633
61.0
61.01499938964844
61.0099983215332
61.02000045776367
61.00790023803711
61.0
61.0
61.005001068115234
61.0099983215332
60.974998474121094
60.97999954223633
60.979801177978516
60.96500015258789
60.93000030517578
60.970001220703125
60.94540023803711
60.939998626708984
60.9900016784668
60.93000030517578
60.96160125732422
60.970001220703125
60.95000076293945
60.939998626708984
60.939998626708984
60.939998626708984
60.955299377441406
60.939998626708984
60.91999816894531
60.93000030517578
60.90999984741211
60.900001525878906
60.91350173950195
60.90999984741211
60.970001220703125
60.99449920654297
60.98500061035156
60.970001220703125
60.91999816894531
60.95000076293945
60.86980056762695
60.91999816894531
60.90999984741211
60.904998779296875
60.880001068115234
60.900001525878906
60.904998779296875
60.90999984741211
60.91999816894531
60.88999938964844
60.880001068115234
60.849998474121094
60.849998474121094
60.849998474121094
60.880001068115234
60.849998474121094
60.8650016784668
60.900001525878906
60.92129898071289
60.915000915527344
60.93000030517578
60.939998626708984
60.95650100708008
60.95000076293945
60.95830154418945
60.979000091552734
60.97999954223633
60.88999938964844
60.90999984741211
60.91960144042969
60.880001068115234
60.93000030517578
60.904998779296875
60.880001068115234
60.869998931884766
60.880001068115234
60.810001373291016
60.84000015258789
60.83000183105469
60.819000244140625
60.814998626708984
60.82500076293945
60.82500076293945
60.819698333740234
60.790000915527344
60.84000015258789
60.86000061035156
60.87990188598633
60.869998931884766
60.875
60.875
60.849998474121094
60.849998474121094
60.85499954223633
60.83000183105469
60.83000183105469
60.81999969482422
60.810001373291016
60.8390007019043
60.84000015258789
60.80500030517578
60.779998779296875
60.79999923706055
60.814998626708984
60.810001373291016
60.83000183105469
60.819698333740234
60.82500076293945
60.82500076293945
60.81999969482422
60.814998626708984
60.8125
60.814998626708984
60.810001373291016
60.790000915527344
60.790000915527344
60.779998779296875
60.77000045776367
60.790000915527344
60.79999923706055
60.79999923706055
60.79999923706055
60.79999923706055
60.83000183105469
60.810001373291016
60.81999969482422
60.834999084472656
60.880001068115234
60.9099006652832
60.90999984741211
60.869998931884766
60.88970184326172
60.86000061035156
60.849998474121094
60.849998474121094
60.875
60.849998474121094
60.86000061035156
60.89500045776367
60.91999816894531
60.91999816894531
60.91999816894531
60.91999816894531
60.939998626708984
60.95500183105469
60.959999084472656
60.959999084472656
60.95000076293945
60.95500183105469
60.95500183105469
60.97999954223633
61.005001068115234
60.96500015258789
60.9718017578125
60.959999084472656
60.970001220703125
60.95000076293945
60.94499969482422
60.96500015258789
60.97999954223633
60.95500183105469
60.98500061035156
60.9900016784668
60.9900016784668
60.994998931884766
60.980899810791016
60.9900016784668
60.985599517822266
60.97999954223633
60.994998931884766
61.025001525878906
61.029998779296875
61.0099983215332
61.025001525878906
61.01499938964844
61.025001525878906
61.03499984741211
61.040000915527344
61.07500076293945
61.06999969482422
61.119998931884766
61.1150016784668
61.10499954223633
61.040000915527344
61.025001525878906
61.03839874267578
61.05500030517578
61.07500076293945
61.08000183105469
61.06999969482422
61.10499954223633
61.08000183105469
61.1150016784668
61.11000061035156
61.122798919677734
61.099998474121094
61.084999084472656
61.060001373291016
61.064998626708984
61.07500076293945
61.060001373291016
61.07500076293945
61.064998626708984
61.064998626708984
61.04999923706055
61.025001525878906
61.04999923706055
61.060001373291016
61.05500030517578
61.064998626708984
61.04999923706055
61.064998626708984
61.06999969482422
61.11000061035156
61.20000076293945
61.16999816894531
61.150001525878906
61.165000915527344
61.154998779296875
61.17499923706055
61.130001068115234
61.099998474121094
61.095001220703125
61.064998626708984
61.04999923706055
60.96500015258789
60.98500061035156
60.9900016784668
61.04499816894531
61.0
61.029998779296875
60.959999084472656
60.93000030517578
60.96500015258789
60.9900016784668
60.939998626708984
60.90999984741211
60.900001525878906
60.880001068115234
60.93000030517578
60.974998474121094
60.88999938964844
60.8849983215332
60.8849983215332
60.875
60.889400482177734
60.880001068115234
60.900001525878906
60.88999938964844
60.82500076293945
60.810001373291016
60.834999084472656
60.79499816894531
60.80500030517578
60.63999938964844
60.61000061035156
60.599998474121094
