2835.39990234375
2826.18994140625
2802.110107421875
2800.0
2801.8701171875
2804.889892578125
2800.0
2803.93505859375
2804.639892578125
2803.159912109375
2804.22998046875
2804.60009765625
2819.010009765625
2813.7109375
2825.0
2830.0
2829.8701171875
2830.639892578125
2831.10009765625
2845.43994140625
2844.5400390625
2853.070068359375
2852.679931640625
2857.0
2854.97021484375
2850.739990234375
2847.735107421875
2848.669921875
2844.89990234375
2833.830078125
2844.419921875
2832.820068359375
2836.31494140625
2834.18994140625
2835.330078125
2831.679931640625
2831.10498046875
2837.804931640625
2838.594970703125
2835.175048828125
2840.205078125
2838.81494140625
2837.3701171875
2847.169921875
2850.99951171875
2848.0400390625
2845.760009765625
2843.794921875
2850.324951171875
2849.35009765625
2850.72998046875
2854.93994140625
2852.179931640625
2848.18994140625
2852.179931640625
2853.239990234375
2856.989990234375
2854.02001953125
2848.135009765625
2844.550048828125
2847.639892578125
2847.675048828125
2846.371826171875
2851.909912109375
2855.43505859375
2854.949951171875
2857.3798828125
2859.258056640625
2858.25
2858.110107421875
2857.2802734375
2856.25
2857.929931640625
2859.25
2857.31005859375
2855.6298828125
2855.570068359375
2853.469970703125
2851.794921875
2854.3701171875
2850.0
2850.050048828125
2848.260009765625
2849.155029296875
2853.610107421875
2853.610107421875
2853.8701171875
2855.39501953125
2851.084716796875
2845.0
2845.261474609375
2847.68994140625
2846.080078125
2849.110107421875
2848.5
2849.3798828125
2848.449951171875
2848.449951171875
2848.14501953125
2844.429931640625
2843.3701171875
2845.0
2844.050048828125
2841.300048828125
2846.090087890625
2846.27001953125
2845.719970703125
2849.824951171875
2848.955078125
2846.409912109375
2844.780029296875
2841.77001953125
2839.0
2839.570068359375
2837.659912109375
2832.562255859375
2834.2451171875
2838.820068359375
2837.300048828125
2835.735107421875
2833.06494140625
2831.590087890625
2832.169921875
2829.155029296875
2829.530029296875
2833.0
2830.510009765625
2826.677490234375
2828.639892578125
2830.050048828125
2830.02001953125
2827.5
2825.27001953125
2825.0
2824.9169921875
2822.510009765625
2825.35009765625
2825.989990234375
2826.695068359375
2827.3525390625
2826.669921875
2830.0
2830.000244140625
2825.010009765625
2825.010009765625
2824.360107421875
2822.60009765625
2825.719970703125
2825.639892578125
2822.669921875
2825.0
2817.919921875
2821.695068359375
2820.590087890625
2818.55322265625
2820.52587890625
2819.199951171875
2819.199951171875
2815.7900390625
2819.179931640625
2820.23779296875
2822.699951171875
2821.822509765625
2824.929931640625
2825.905029296875
2825.929931640625
2824.580078125
2822.2099609375
2821.52001953125
2824.300048828125
2826.2099609375
2827.02001953125
2827.260009765625
2833.642822265625
2832.0048828125
2833.31005859375
2833.6201171875
2830.945068359375
2828.89990234375
2827.534912109375
2827.590087890625
2826.5
2828.360107421875
2829.37255859375
2834.1298828125
2831.070068359375
2835.099365234375
2834.820068359375
2835.8701171875
2834.705078125
2833.419921875
2835.600341796875
2832.449951171875
2833.47998046875
2835.0
2837.159912109375
2837.919921875
2836.929931640625
2833.614990234375
2834.35498046875
2833.304931640625
2835.8798828125
2837.340087890625
2837.35009765625
2839.919921875
2839.780029296875
2840.919921875
2840.81005859375
2838.139892578125
2838.68603515625
2836.989990234375
2835.52490234375
2832.574951171875
2833.1201171875
2834.570068359375
2832.889892578125
2832.08837890625
2832.909912109375
2836.340087890625
2838.030029296875
2838.35009765625
2836.804931640625
2834.93994140625
2832.949951171875
2832.06005859375
2832.419921875
2831.155029296875
2826.695068359375
2826.27001953125
2828.0
2827.875
2830.97998046875
2832.539794921875
2829.85009765625
2832.215087890625
2831.780029296875
2830.455078125
2827.324951171875
2827.324951171875
2828.429931640625
2830.5400390625
2831.39990234375
2831.39990234375
2833.989990234375
2827.81005859375
2829.860107421875
2831.523681640625
2831.375
2831.050048828125
2831.050048828125
2831.050048828125
2836.861083984375
2839.336669921875
2836.909912109375
2838.39990234375
2836.030029296875
2836.030029296875
2834.2099609375
2835.550048828125
2838.39990234375
2835.340087890625
2835.1201171875
2837.429931640625
2838.449951171875
2833.64990234375
2834.25
2834.1650390625
2835.5048828125
2836.7548828125
2835.330078125
2835.5
2832.510009765625
2833.885009765625
2835.300048828125
2834.159912109375
2840.35009765625
2839.885009765625
2833.061767578125
2831.9375
2835.39892578125
2831.169921875
2834.919921875
2835.00830078125
2835.010009765625
2834.0400390625
2834.0400390625
2836.75
2837.260009765625
2839.708984375
2839.708984375
2839.590087890625
2844.8798828125
2845.0
2843.7060546875
2843.7060546875
2843.0
2843.0
2844.699951171875
2845.510009765625
2846.780029296875
2847.699951171875
2847.8701171875
2847.8701171875
2850.0
2850.0
2848.41015625
2848.41015625
2855.239990234375
2855.489990234375
2855.489990234375
2855.489990234375
2855.77001953125
2855.77001953125
2861.261962890625
2856.780029296875
2858.110107421875
2857.300048828125
2859.139892578125
2858.989990234375
2859.070068359375
2861.530029296875
2860.6298828125
2858.030029296875
2861.409912109375
2865.0
2867.14990234375
2868.22998046875
2866.81005859375
2866.830078125
2869.0
2869.4599609375
2872.14990234375
2871.8798828125
2871.8798828125
2868.80810546875
2871.580078125
2868.529052734375
2869.27001953125
2870.679931640625
2871.280029296875
2869.058349609375
2873.219970703125
2872.0
2869.68505859375
2871.52001953125
2870.715087890625
2871.77001953125
2871.780029296875
2874.389892578125
2873.280029296875
2872.3798828125
2871.9599609375
2870.340087890625
2871.199951171875
2868.419921875
2870.52001953125
2871.679931640625
2872.1201171875
2872.72998046875
2872.72998046875
2872.590087890625
2874.5
2875.0
2875.590576171875
2877.699951171875
2877.0
2877.070068359375
2877.070068359375
2873.860107421875
2871.864990234375
2867.892578125
2869.610107421875
2869.0
2868.06005859375
2871.449951171875
2869.27001953125
2868.11865234375
2868.956298828125
2868.827392578125
2871.0
2870.97998046875
2870.89990234375
2869.4599609375
2867.064208984375
2868.5849609375
2868.60498046875
2863.7451171875
2863.554931640625
2862.530029296875
2863.340087890625
2864.090087890625
2865.0
2863.736572265625
2863.736572265625
2869.6298828125
2871.320068359375
2870.135009765625
2869.1298828125
2866.7099609375
2867.85009765625
2867.85009765625
2865.239990234375
2868.280029296875
2868.010009765625
2868.010009765625
2870.25
2870.02001953125
2868.81005859375
2870.510009765625
2871.697998046875
2873.5
2871.64990234375
2873.669921875
2875.090087890625
2875.090087890625
2871.889892578125
2869.68017578125
2872.3701171875
2872.530029296875
2872.530029296875
2872.39990234375
2873.3798828125
2872.36181640625
2872.669921875
2871.22998046875
2871.7490234375
2871.820068359375
2871.010009765625
2873.22998046875
2873.22998046875
2869.6201171875
2871.830078125
2872.669921875
2872.669921875
2870.199951171875
2871.590087890625
2870.610107421875
2874.0
2873.75244140625
2871.75
2869.449951171875
2872.18994140625
2872.18994140625
2869.52001953125
2867.31005859375
2867.9599609375
2867.169921875
2869.169921875
2867.85888671875
2866.64990234375
2865.52001953125
2866.830078125
2865.18505859375
2865.3701171875
2864.9150390625
2865.590087890625
2865.39990234375
2865.320068359375
2868.18994140625
2868.330078125
2868.1298828125
2868.1298828125
2868.1298828125
2868.0
2869.360107421875
2869.320068359375
2869.320068359375
2868.219970703125
2866.330078125
2866.514892578125
2866.199951171875
2866.199951171875
2867.3955078125
2868.292236328125
2866.989990234375
2867.879638671875
2871.735107421875
2869.219970703125
2869.43994140625
2872.300048828125
2869.68994140625
2868.72998046875
2869.6201171875
2871.312744140625
2867.679931640625
2867.199951171875
2867.06005859375
2866.530029296875
2865.179931640625
2867.3701171875
2864.034912109375
2864.034912109375
2862.719970703125
2862.93505859375
2861.929931640625
2861.3701171875
2861.0400390625
2861.0400390625
2862.0166015625
2861.6298828125
2860.570068359375
2860.989990234375
2863.43994140625
2864.25
2863.889892578125
2865.889892578125
2866.77001953125
2864.719970703125
2867.280029296875
2867.260009765625
2868.030029296875
2868.35009765625
2869.02001953125
2871.2099609375
2870.85009765625
2871.760009765625
2871.274169921875
2868.579345703125
2868.579345703125
2875.75
2875.489990234375
2879.989990234375
2878.580078125
2879.7900390625
2881.820068359375
2881.820068359375
2882.794921875
2882.794921875
2882.3798828125
2883.0
2883.090087890625
2883.0947265625
2885.155029296875
2882.74169921875
2882.3701171875
2883.93994140625
2885.830078125
2888.35009765625
2889.47509765625
2889.77001953125
2889.510009765625
2887.3798828125
2887.3798828125
2886.969970703125
2888.070068359375
2887.81005859375
2886.3798828125
2888.889892578125
2885.320068359375
2885.340087890625
2882.179931640625
2880.330078125
2882.280029296875
2882.429931640625
2883.469970703125
2884.1201171875
2882.679931640625
2883.60009765625
2885.10009765625
2885.969970703125
2887.659912109375
2885.25
2882.449951171875
2881.300048828125
2879.4091796875
2880.199951171875
2882.4150390625
2883.22509765625
2883.3349609375
2883.02001953125
2881.699951171875
2883.0400390625
2884.070068359375
2884.330078125
2884.989990234375
2883.6201171875
2882.800048828125
2884.110107421875
2882.02001953125
2883.72998046875
2883.2900390625
2883.2900390625
2881.280029296875
2880.0
2880.304931640625
2875.22998046875
2875.60009765625
2876.6201171875
2876.522216796875
2875.97412109375
2875.635009765625
2872.090087890625
2868.47998046875
2868.60009765625
2871.14990234375
2869.800048828125
2867.2900390625
2866.97998046875
2864.4599609375
2866.380126953125
2869.8701171875
2866.909912109375
2864.7900390625
2866.800048828125
2864.3701171875
2862.320068359375
2863.219970703125
2868.635009765625
2867.199951171875
2864.409912109375
2864.159912109375
2865.989990234375
2863.840087890625
2865.39990234375
2863.6298828125
2862.52001953125
2860.320068359375
