2845.3798828125
2834.885009765625
2813.875
2811.889892578125
2819.64990234375
2819.909912109375
2816.070068359375
2817.79541015625
2814.1201171875
2817.02490234375
2817.752197265625
2819.67138671875
2833.3701171875
2829.89990234375
2837.074951171875
2842.9599609375
2844.7099609375
2843.77001953125
2843.949951171875
2859.264892578125
2856.330078125
2858.818115234375
2866.010009765625
2868.8349609375
2863.880615234375
2861.699951171875
2859.0
2858.030029296875
2857.159912109375
2844.280029296875
2856.329833984375
2843.445068359375
2844.193359375
2845.64990234375
2845.52001953125
2843.840087890625
2841.52001953125
2847.43994140625
2849.760009765625
2843.7099609375
2855.1201171875
2849.0
2847.64501953125
2859.028564453125
2860.7900390625
2860.070068359375
2856.639892578125
2851.989990234375
2857.010009765625
2859.719970703125
2862.06005859375
2864.56005859375
2861.199951171875
2858.47998046875
2858.594970703125
2863.219970703125
2866.909912109375
2864.840087890625
2859.449951171875
2853.570068359375
2856.780029296875
2853.27001953125
2854.639892578125
2861.2548828125
2862.514892578125
2862.117919921875
2864.20263671875
2866.550048828125
2864.340087890625
2866.030029296875
2866.71484375
2866.71484375
2863.905029296875
2864.179931640625
2861.340087890625
2862.68994140625
2862.419921875
2861.969970703125
2860.330078125
2862.0
2861.364990234375
2856.1298828125
2858.02001953125
2854.820068359375
2860.5
2861.60009765625
2861.60009765625
2860.75
2857.72998046875
2857.72998046875
2851.554931640625
2855.199951171875
2851.860107421875
2853.860107421875
2854.110107421875
2855.72998046875
2855.72998046875
2857.97998046875
2852.639892578125
2849.43994140625
2849.330078125
2852.030029296875
2850.85009765625
2848.179931640625
2851.6201171875
2853.10009765625
2849.653076171875
2856.860107421875
2853.260009765625
2851.5
2848.0
2844.48583984375
2844.329833984375
2843.60009765625
2839.455078125
2838.43994140625
2839.764892578125
2841.800048828125
2844.14501953125
2842.7099609375
2839.780029296875
2839.679931640625
2838.81005859375
2835.27001953125
2836.330078125
2836.9599609375
2836.02001953125
2833.72998046875
2835.449951171875
2833.56005859375
2832.820068359375
2834.6201171875
2831.2900390625
2831.050048828125
2831.861083984375
2829.43994140625
2833.889892578125
2833.179931640625
2834.070068359375
2831.110107421875
2831.110107421875
2836.719970703125
2837.25634765625
2832.669921875
2834.14990234375
2831.465087890625
2833.332275390625
2835.0
2832.090087890625
2830.675048828125
2830.070068359375
2826.47998046875
2829.465087890625
2830.195068359375
2827.469970703125
2829.579833984375
2828.02490234375
2827.0
2824.570068359375
2826.14990234375
2829.989990234375
2829.659912109375
2829.659912109375
2831.14990234375
2833.320068359375
2835.0
2831.46435546875
2831.46435546875
2830.1298828125
2832.195068359375
2833.3984375
2833.820068359375
2833.820068359375
2840.4150390625
2840.8701171875
2843.070068359375
2845.409912109375
2842.27978515625
2840.330078125
2836.0
2837.169921875
2838.1298828125
2834.610107421875
2838.68994140625
2843.280029296875
2840.445068359375
2840.445068359375
2844.47998046875
2846.10009765625
2844.323486328125
2844.330078125
2845.35009765625
2841.3701171875
2842.75
2843.264892578125
2845.6298828125
2846.85009765625
2845.735107421875
2844.14990234375
2843.5
2841.27001953125
2844.0
2846.0
2846.419921875
2849.70068359375
2851.885009765625
2850.0
2848.3349609375
2847.6201171875
2846.909912109375
2846.909912109375
2844.97998046875
2843.5400390625
2841.0
2840.440185546875
2841.75
2840.93994140625
2841.360107421875
2843.8388671875
2843.8388671875
2846.360107421875
2846.360107421875
2844.320068359375
2843.510009765625
2842.0
2841.010009765625
2839.35009765625
2836.43994140625
2835.39501953125
2837.219970703125
2837.219970703125
2841.969970703125
2841.969970703125
2838.840087890625
2840.800048828125
2839.719970703125
2838.050048828125
2838.050048828125
2836.9150390625
2838.330078125
2840.0
2842.110107421875
2841.159912109375
2840.0
2837.445068359375
2836.0
2836.488525390625
2839.4189453125
2839.4189453125
2843.219970703125
2842.030029296875
2844.110107421875
2844.010009765625
2845.330078125
2843.14990234375
2842.6748046875
2844.419921875
2842.030029296875
2842.030029296875
2842.030029296875
2843.10009765625
2841.199951171875
2841.199951171875
2841.199951171875
2841.25
2840.0400390625
2840.0400390625
2844.3798828125
2844.3798828125
2841.824951171875
2845.469970703125
2843.530029296875
2843.530029296875
2842.076416015625
2844.4599609375
2846.228515625
2846.228515625
2846.228515625
2841.199951171875
2841.199951171875
2839.050048828125
2839.050048828125
2839.050048828125
2839.050048828125
2841.824951171875
2841.77001953125
2842.919921875
2845.090087890625
2846.260009765625
2845.705078125
2845.705078125
2852.780029296875
2852.0
2852.139892578125
2852.050048828125
2850.580078125
2849.949951171875
2852.735107421875
2854.169921875
2855.57666015625
2855.57666015625
2856.493896484375
2855.97998046875
2858.677978515625
2857.876708984375
2856.9599609375
2858.248291015625
2862.925048828125
2863.469970703125
2863.83837890625
2863.83837890625
2862.97998046875
2864.0
2869.050048828125
2865.429931640625
2865.0
2865.0
2868.054931640625
2866.719970703125
2866.719970703125
2870.0
2868.280029296875
2867.489990234375
2870.2099609375
2872.7900390625
2877.0380859375
2875.280029296875
2876.719970703125
2876.56005859375
2879.06005859375
2879.1142578125
2878.639892578125
2878.030029296875
2878.02001953125
2875.96728515625
2877.169921875
2875.8671875
2874.85498046875
2878.6650390625
2877.85009765625
2877.205078125
2880.929931640625
2879.85498046875
2879.0
2878.6650390625
2878.56494140625
2878.614990234375
2880.030029296875
2881.0
2880.5
2880.27001953125
2880.27001953125
2877.070068359375
2877.070068359375
2877.64990234375
2877.64990234375
2877.679931640625
2877.8798828125
2879.610107421875
2879.610107421875
2878.659912109375
2880.8701171875
2881.87158203125
2882.6201171875
2884.5400390625
2883.31005859375
2884.64990234375
2881.1298828125
2879.0
2877.800048828125
2877.800048828125
2876.105224609375
2875.20947265625
2877.0
2877.139892578125
2876.360107421875
2874.60009765625
2875.0400390625
2875.0400390625
2877.590087890625
2878.8701171875
2879.389892578125
2876.1298828125
2875.010009765625
2875.29248046875
2873.47509765625
2873.47509765625
2871.574951171875
2870.389892578125
2871.60009765625
2871.0
2872.760009765625
2871.300048828125
2872.8798828125
2877.0
2876.489990234375
2878.0
2877.550048828125
2874.239990234375
2874.239990234375
2873.10498046875
2873.679931640625
2874.52001953125
2873.159912109375
2873.159912109375
2875.864501953125
2878.0
2876.780029296875
2878.64990234375
2878.239990234375
2881.0
2879.080078125
2880.010009765625
2880.280029296875
2880.091064453125
2878.7900390625
2878.7900390625
2878.7900390625
2881.5
2880.18994140625
2878.1201171875
2878.7900390625
2880.260009765625
2880.260009765625
2878.6201171875
2877.81005859375
2878.760009765625
2878.739990234375
2880.110107421875
2880.110107421875
2877.300048828125
2877.300048828125
2878.72998046875
2879.324951171875
2878.81005859375
2880.389892578125
2879.97998046875
2881.889892578125
2882.10009765625
2881.760009765625
2878.489990234375
2878.89990234375
2876.679931640625
2877.580078125
2876.090087890625
2875.570068359375
2877.300048828125
2877.304931640625
2876.6298828125
2874.429931640625
2873.72998046875
2874.18994140625
2873.02001953125
2872.485107421875
2871.110107421875
2871.39990234375
2873.699951171875
2872.2578125
2876.242919921875
2873.260009765625
2874.79345703125
2875.21484375
2874.43994140625
2876.14990234375
2877.0
2877.0
2875.68994140625
2875.800048828125
2873.64990234375
2875.489990234375
2874.139892578125
2875.199951171875
2876.0
2874.610107421875
2874.010009765625
2874.010009765625
2875.97998046875
2875.88818359375
2877.14990234375
2877.14990234375
2877.010009765625
2874.7099609375
2876.179931640625
2878.830078125
2873.22998046875
2872.639892578125
2874.3798828125
2875.090087890625
2873.784912109375
2870.77001953125
2869.8798828125
2870.449951171875
2865.97998046875
2868.800048828125
2867.35009765625
2868.41748046875
2868.030029296875
2867.19580078125
2867.5400390625
2868.77001953125
2868.780029296875
2867.580078125
2869.6298828125
2869.6298828125
2869.610107421875
2869.610107421875
2874.239990234375
2872.179931640625
2872.514892578125
2872.514892578125
2876.510009765625
2877.02001953125
2876.159912109375
2877.780029296875
2879.0
2879.139892578125
2878.0
2877.63720703125
2879.195068359375
2882.6201171875
2883.989990234375
2886.389892578125
2885.89501953125
2888.18994140625
2888.0009765625
2888.2099609375
2890.0
2889.114013671875
2890.573974609375
2890.5400390625
2890.909912109375
2891.3701171875
2891.27001953125
2889.72998046875
2888.8701171875
2891.56005859375
2893.875
2894.469970703125
2894.18017578125
2896.989990234375
2896.0
2894.800048828125
2894.830078125
2895.5
2894.43994140625
2895.409912109375
2893.699951171875
2893.232421875
2893.10009765625
2888.93505859375
2886.570068359375
2886.699951171875
2889.510009765625
2889.728515625
2888.09033203125
2888.39013671875
2889.0
2889.5400390625
2891.81494140625
2892.610107421875
2893.2099609375
2890.280029296875
2888.590087890625
2887.02001953125
2886.610107421875
2886.320068359375
2886.679931640625
2889.070068359375
2888.43994140625
2889.25
2888.429931640625
2889.31005859375
2891.02001953125
2890.77001953125
2892.78173828125
2888.93994140625
2888.7900390625
2889.125
2887.360107421875
2889.625
2889.625
2888.0400390625
2888.889892578125
2885.780029296875
2887.0
2881.27001953125
2881.70849609375
2882.235107421875
2882.60009765625
2882.705078125
2880.659912109375
2879.06005859375
2874.56396484375
2874.23779296875
2876.669921875
2875.39990234375
2873.580078125
2871.5
2870.070068359375
2871.719970703125
2874.0
2872.25
2871.080078125
2872.08251953125
2870.885009765625
2869.320068359375
2868.68994140625
2874.89990234375
2872.389892578125
2869.929931640625
2871.14990234375
2871.794921875
2870.35009765625
2871.0
2869.239990234375
2868.510009765625
2865.860107421875
