362.5199890136719
363.7550048828125
363.7749938964844
364.0986022949219
364.0
363.42999267578125
363.57000732421875
363.07000732421875
363.135009765625
362.6300048828125
362.4150085449219
362.25
362.0299987792969
362.2449951171875
362.2449951171875
362.0199890136719
363.0
363.3599853515625
363.3599853515625
363.5
363.5299987792969
363.54998779296875
364.6499938964844
364.1300048828125
364.3900146484375
364.4100036621094
364.19000244140625
364.510009765625
364.54998779296875
364.42999267578125
364.30999755859375
364.0899963378906
364.1099853515625
363.70001220703125
364.19000244140625
364.25
364.0899963378906
364.1300048828125
363.8900146484375
363.32659912109375
363.8900146484375
364.2300109863281
363.9599914550781
363.70001220703125
364.3599853515625
364.5899963378906
364.1300048828125
364.19500732421875
364.04998779296875
364.5400085449219
364.54998779296875
364.6000061035156
365.07000732421875
364.9200134277344
365.1300048828125
365.2699890136719
365.30999755859375
365.5799865722656
364.9599914550781
364.8299865722656
364.9800109863281
365.3699951171875
365.45001220703125
366.0299987792969
366.45001220703125
366.4750061035156
366.6600036621094
366.6300048828125
366.3399963378906
366.4049987792969
366.2799987792969
366.1099853515625
365.92999267578125
365.92999267578125
365.9700012207031
366.3599853515625
366.31500244140625
366.29998779296875
366.4800109863281
366.32000732421875
366.2900085449219
365.94000244140625
365.8999938964844
365.6300048828125
365.5
365.8599853515625
365.3900146484375
365.8599853515625
365.4599914550781
364.8900146484375
365.1499938964844
365.9700012207031
366.05499267578125
366.2300109863281
366.2200012207031
366.2099914550781
366.1400146484375
366.1300048828125
365.5799865722656
365.3999938964844
365.2099914550781
364.9200134277344
364.4800109863281
364.2099914550781
363.82000732421875
363.6099853515625
364.1300048828125
364.2550048828125
364.6300048828125
364.25
364.4150085449219
364.9100036621094
364.1499938964844
364.17999267578125
363.5434875488281
363.1499938964844
363.1600036621094
363.4549865722656
363.1650085449219
363.1650085449219
363.4599914550781
363.1549987792969
363.32000732421875
363.6499938964844
363.80419921875
364.32000732421875
363.7950134277344
363.9649963378906
364.4021911621094
364.3999938964844
364.06500244140625
363.80999755859375
363.68499755859375
363.3599853515625
362.7721862792969
362.6400146484375
362.92498779296875
363.1499938964844
362.9849853515625
362.510009765625
362.4599914550781
362.6400146484375
362.3999938964844
362.1199951171875
362.1199951171875
362.2300109863281
362.30999755859375
362.260009765625
362.17498779296875
362.17999267578125
361.8399963378906
361.1549987792969
361.1400146484375
361.4800109863281
361.7304992675781
362.0299987792969
362.0050048828125
362.0
361.92999267578125
362.07000732421875
361.93499755859375
361.8450012207031
361.7900085449219
361.8999938964844
362.1549987792969
362.0249938964844
361.9599914550781
361.8299865722656
362.1700134277344
362.4800109863281
362.3999938964844
362.6400146484375
362.80999755859375
363.0
363.2044982910156
363.739990234375
363.5849914550781
363.2349853515625
363.2349853515625
363.1549987792969
363.614990234375
363.19500732421875
362.95001220703125
363.05999755859375
363.3699951171875
363.30999755859375
363.75
364.07000732421875
364.0799865722656
363.7200012207031
363.95001220703125
363.9599914550781
363.82501220703125
363.6499938964844
363.7099914550781
363.8699951171875
363.79998779296875
363.5899963378906
363.5799865722656
363.739990234375
363.8800048828125
364.04998779296875
364.0050048828125
364.0274963378906
364.40838623046875
364.739990234375
364.82000732421875
364.82000732421875
364.5
364.3999938964844
364.4100036621094
364.3999938964844
364.3999938964844
364.489990234375
364.29998779296875
364.44000244140625
364.5299987792969
364.7749938964844
364.87249755859375
365.07000732421875
365.2099914550781
365.20001220703125
365.1600036621094
365.1300048828125
365.0950012207031
365.0799865722656
364.9649963378906
364.9700012207031
365.010009765625
365.2149963378906
365.2674865722656
365.32000732421875
365.19500732421875
365.1875
365.2300109863281
365.239990234375
365.3450012207031
365.0824890136719
364.95001220703125
364.614990234375
364.8900146484375
365.3299865722656
365.2799987792969
365.3500061035156
365.05999755859375
365.1400146484375
365.2449951171875
365.30999755859375
365.8125
365.9100036621094
365.9198913574219
365.8800048828125
365.6400146484375
365.5299987792969
365.3699951171875
365.0450134277344
365.0150146484375
364.8299865722656
364.95001220703125
365.1099853515625
364.95001220703125
364.8949890136719
365.07000732421875
364.8900146484375
365.0799865722656
365.07000732421875
365.0299987792969
365.0
365.1300048828125
364.93499755859375
365.0299987792969
364.8900146484375
364.79998779296875
364.8999938964844
364.989990234375
365.2200012207031
365.00250244140625
364.8500061035156
364.79998779296875
364.7225036621094
364.67999267578125
364.489990234375
364.7099914550781
365.1099853515625
365.0
365.1099853515625
365.18499755859375
365.0775146484375
365.2900085449219
365.17498779296875
365.30499267578125
365.3599853515625
365.1400146484375
364.9700012207031
365.07000732421875
364.885009765625
364.885009765625
364.7200012207031
364.8699951171875
364.8999938964844
364.6099853515625
364.7300109863281
364.4700012207031
364.5950012207031
364.8800048828125
364.6449890136719
364.7699890136719
364.94000244140625
364.82000732421875
364.8599853515625
364.8900146484375
365.0360107421875
365.19000244140625
365.19000244140625
365.2300109863281
365.260009765625
365.1099853515625
365.27520751953125
365.2900085449219
365.3800048828125
365.3399963378906
365.29998779296875
365.1575012207031
365.23748779296875
365.5
365.6424865722656
365.5050048828125
365.3999938964844
365.30999755859375
365.5249938964844
365.8900146484375
365.92999267578125
366.0799865722656
366.0299987792969
366.1400146484375
366.32000732421875
366.17498779296875
366.2300109863281
366.260009765625
366.3399963378906
366.4200134277344
366.4480895996094
365.5
365.5050048828125
365.54998779296875
365.30999755859375
365.510009765625
365.4700012207031
365.54998779296875
366.0498962402344
365.9800109863281
366.010009765625
365.4800109863281
365.57000732421875
365.31500244140625
365.4200134277344
365.30499267578125
365.57000732421875
365.57501220703125
365.75
365.81500244140625
365.7900085449219
365.9599914550781
365.43499755859375
365.5799865722656
365.6099853515625
365.1700134277344
365.510009765625
365.489990234375
365.6600036621094
365.4849853515625
365.57000732421875
365.5899963378906
365.6499938964844
365.4599914550781
365.4800109863281
365.510009765625
365.5199890136719
365.7099914550781
365.4525146484375
365.47698974609375
365.7799987792969
365.8299865722656
365.8118896484375
365.8299865722656
365.7799987792969
365.2001037597656
365.3999938964844
365.2078857421875
365.37420654296875
365.45001220703125
365.57000732421875
365.489990234375
365.5799865722656
365.9200134277344
366.30999755859375
366.6400146484375
366.590087890625
366.0799865722656
366.25
365.92999267578125
365.8900146484375
366.0150146484375
366.2900085449219
366.31500244140625
366.3599853515625
366.04998779296875
366.0950012207031
366.4949951171875
366.3590087890625
366.260009765625
366.010009765625
366.0994873046875
366.1099853515625
366.1000061035156
366.00750732421875
366.0
366.010009765625
366.1000061035156
366.04998779296875
366.0
366.135986328125
366.06500244140625
366.0899963378906
366.19610595703125
366.2349853515625
366.30010986328125
366.0899963378906
366.135009765625
366.2300109863281
366.0799865722656
366.4100036621094
366.30499267578125
366.2200012207031
366.0
366.17999267578125
365.8739929199219
365.885009765625
365.95001220703125
366.0
365.9599914550781
365.8900146484375
365.7460021972656
365.82000732421875
365.80999755859375
366.0
366.1099853515625
366.05499267578125
366.1099853515625
366.05999755859375
366.0199890136719
365.7724914550781
365.75
365.8500061035156
365.8699951171875
365.989990234375
366.07501220703125
366.125
366.4100036621094
366.45819091796875
366.6700134277344
366.4800109863281
366.4224853515625
366.4700012207031
366.7124938964844
367.0
366.8008117675781
366.8999938964844
366.8900146484375
367.06500244140625
366.95001220703125
367.1400146484375
366.8800048828125
366.82501220703125
366.8999938964844
367.0899963378906
367.3299865722656
367.260009765625
367.2699890136719
367.3500061035156
367.5350036621094
367.5950012207031
367.635009765625
367.5768127441406
367.42498779296875
367.32000732421875
367.3949890136719
367.69500732421875
367.889892578125
368.0299987792969
367.6199951171875
367.5950012207031
367.4200134277344
367.43499755859375
367.4410095214844
367.4309997558594
367.3599853515625
367.30999755859375
367.42999267578125
367.6499938964844
367.6099853515625
367.6300048828125
367.6099853515625
367.6099853515625
367.7300109863281
367.7200012207031
367.7250061035156
367.72900390625
367.7099914550781
367.7300109863281
367.95001220703125
368.1700134277344
368.19000244140625
368.260009765625
368.3500061035156
368.2699890136719
368.2300109863281
368.2699890136719
368.5199890136719
368.69000244140625
368.67999267578125
368.760009765625
368.70001220703125
368.8299865722656
368.8009948730469
368.8599853515625
368.8900146484375
368.69500732421875
368.8190002441406
369.0150146484375
369.19989013671875
369.2200012207031
369.1400146484375
369.1199951171875
369.1000061035156
369.1600036621094
369.2099914550781
369.2200012207031
369.32000732421875
369.42498779296875
369.6000061035156
369.6000061035156
369.659912109375
369.6199951171875
369.43341064453125
369.5350036621094
369.6099853515625
369.6099853515625
369.4100036621094
369.2200012207031
369.25750732421875
369.1499938964844
369.0950012207031
369.2099914550781
369.29998779296875
369.4950866699219
369.3999938964844
369.375
369.5899963378906
369.7200012207031
369.7699890136719
370.04998779296875
369.95001220703125
369.95001220703125
369.9100036621094
369.79998779296875
369.94000244140625
370.1000061035156
370.19000244140625
370.2699890136719
369.92999267578125
370.1650085449219
370.32000732421875
370.6724853515625
370.75
370.6000061035156
370.6050109863281
370.6000061035156
370.8399963378906
370.8299865722656
370.8999938964844
370.79998779296875
370.7650146484375
370.67999267578125
370.4750061035156
370.2099914550781
370.11248779296875
370.1600036621094
370.239990234375
370.0899963378906
370.0950012207031
369.7099914550781
369.44000244140625
369.57000732421875
369.95001220703125
369.69000244140625
369.4649963378906
369.54998779296875
369.2149963378906
369.6700134277344
369.5849914550781
369.0950012207031
368.9750061035156
369.2099914550781
369.0400085449219
368.9649963378906
369.1099853515625
369.1575012207031
369.05999755859375
368.80999755859375
368.6199951171875
368.55999755859375
368.2049865722656
368.3999938964844
367.9800109863281
367.5849914550781
367.6199951171875
