362.55999755859375
362.9049987792969
362.5
361.92498779296875
361.5400085449219
361.30999755859375
361.635009765625
360.6600036621094
360.7250061035156
360.7699890136719
360.0299987792969
360.7699890136719
359.32501220703125
359.07000732421875
359.239990234375
359.4949951171875
359.7250061035156
359.70001220703125
359.8399963378906
360.1700134277344
360.3500061035156
359.55999755859375
359.1700134277344
358.7305908203125
358.6700134277344
358.80999755859375
358.614990234375
358.6846923828125
358.3900146484375
357.7449951171875
357.739990234375
357.4599914550781
357.4100036621094
357.7250061035156
357.94000244140625
357.8299865722656
357.739990234375
357.2799987792969
357.2099914550781
356.8299865722656
356.7925109863281
356.989990234375
356.54998779296875
356.67999267578125
357.0899963378906
356.8500061035156
356.8900146484375
356.7099914550781
356.8771057128906
357.1390075683594
356.9649963378906
357.1099853515625
356.98370361328125
356.8299865722656
356.6099853515625
356.8800048828125
356.7200012207031
356.2900085449219
355.80999755859375
355.5849914550781
355.8533935546875
356.2900085449219
356.29998779296875
356.75
356.92999267578125
356.8900146484375
357.17498779296875
357.3699951171875
357.44000244140625
357.3900146484375
357.0050048828125
357.0350036621094
357.2900085449219
356.9800109863281
357.3299865722656
357.6199951171875
357.8349914550781
358.010009765625
357.75
357.94000244140625
357.94000244140625
358.17999267578125
358.5299987792969
358.6400146484375
358.42999267578125
358.17999267578125
358.0050048828125
358.010009765625
357.8900146484375
357.2099914550781
356.9471130371094
357.0350036621094
357.0799865722656
357.1499938964844
356.9100036621094
356.57000732421875
356.19110107421875
355.7900085449219
355.6600036621094
355.3900146484375
355.6000061035156
355.8599853515625
355.8500061035156
355.6499938964844
356.0
356.32000732421875
356.3699951171875
356.739990234375
356.8890075683594
356.7170104980469
356.7049865722656
356.32501220703125
355.9599914550781
355.9100036621094
355.5799865722656
355.6400146484375
355.5199890136719
355.44000244140625
355.4700012207031
355.44000244140625
355.0400085449219
354.989990234375
355.30999755859375
355.2799987792969
355.0450134277344
355.30999755859375
355.3399963378906
354.98809814453125
355.2200012207031
354.9100036621094
355.0199890136719
354.7174987792969
354.81500244140625
354.79998779296875
354.55999755859375
354.9200134277344
355.4100036621094
355.385009765625
355.5199890136719
355.55340576171875
355.3699951171875
355.5799865722656
355.54998779296875
355.4999084472656
355.3794860839844
354.8450012207031
355.0400085449219
355.06500244140625
355.25
354.95001220703125
355.1199951171875
354.61419677734375
354.9049987792969
354.9624938964844
354.7699890136719
354.70001220703125
354.3999938964844
354.4327087402344
354.38739013671875
354.4750061035156
354.5299987792969
354.6000061035156
354.3999938964844
354.45001220703125
354.8099060058594
354.8399963378906
354.7149963378906
354.6499938964844
354.6700134277344
354.6000061035156
354.6600036621094
354.7200012207031
355.30999755859375
355.7300109863281
355.8949890136719
356.260009765625
356.2650146484375
356.1099853515625
356.0
356.1600036621094
356.30999755859375
356.3699951171875
356.5199890136719
356.5249938964844
356.9599914550781
356.95599365234375
357.4104919433594
357.57000732421875
357.8599853515625
357.5299987792969
357.5950012207031
357.62249755859375
357.3800048828125
357.3299865722656
357.32000732421875
357.44000244140625
357.32000732421875
357.30499267578125
357.2300109863281
357.5299987792969
357.6400146484375
358.0199890136719
357.8450012207031
357.89080810546875
358.18011474609375
358.19000244140625
358.0
357.9700012207031
357.7300109863281
357.7550048828125
357.7099914550781
357.82000732421875
357.48529052734375
357.54998779296875
357.5
357.4599914550781
357.6300048828125
357.70001220703125
357.739990234375
357.8185119628906
357.7900085449219
357.69000244140625
357.5199890136719
357.42999267578125
357.5199890136719
357.489990234375
357.20001220703125
357.260009765625
357.0
357.19000244140625
357.07501220703125
357.17999267578125
357.20001220703125
357.1400146484375
357.1700134277344
357.04998779296875
357.0799865722656
356.7250061035156
356.75
356.69000244140625
356.989990234375
357.0400085449219
357.20001220703125
357.0874938964844
356.67999267578125
356.92999267578125
357.0
356.9800109863281
357.239990234375
357.3399963378906
357.3399963378906
357.5299987792969
357.2200012207031
357.260009765625
357.45001220703125
357.4150085449219
357.505615234375
357.4679870605469
357.3999938964844
357.4648132324219
357.5007019042969
357.6499938964844
357.6300048828125
357.4700012207031
357.42999267578125
357.57720947265625
357.5481872558594
357.6000061035156
357.63018798828125
357.739990234375
357.6700134277344
357.7200012207031
357.45001220703125
357.8299865722656
357.8399963378906
358.1300048828125
358.1300048828125
357.92999267578125
357.75
357.4800109863281
357.3500061035156
357.6600036621094
357.6000061035156
357.6700134277344
357.6991882324219
357.50469970703125
357.54998779296875
357.79669189453125
357.875
357.9079895019531
358.05999755859375
358.2049865722656
358.2049865722656
358.05999755859375
358.1099853515625
358.0
357.9599914550781
357.8800048828125
358.1400146484375
358.1400146484375
357.9599914550781
357.9599914550781
358.0899963378906
358.2200012207031
358.33428955078125
358.33428955078125
358.32000732421875
358.3800048828125
358.29998779296875
358.30999755859375
358.32000732421875
358.30999755859375
358.18499755859375
358.2900085449219
358.2900085449219
358.1700134277344
358.1300048828125
358.239990234375
358.239990234375
358.277587890625
358.3800048828125
358.3349914550781
358.3800048828125
358.4977111816406
358.739990234375
358.8340148925781
358.7900085449219
358.79998779296875
358.7900085449219
359.2799987792969
359.4100036621094
359.45001220703125
359.4342956542969
359.45001220703125
359.489990234375
359.67999267578125
359.57000732421875
359.5400085449219
359.6400146484375
359.760009765625
359.5400085449219
359.8399963378906
359.7699890136719
359.6650085449219
359.6650085449219
359.3351135253906
359.3999938964844
359.4700012207031
359.531005859375
359.6000061035156
359.5465087890625
359.4599914550781
359.2799987792969
359.44500732421875
359.4100036621094
359.5150146484375
359.58990478515625
359.72430419921875
359.5899963378906
359.5299987792969
359.6050109863281
359.7099914550781
359.70001220703125
359.6199951171875
359.7900085449219
359.6300048828125
359.7300109863281
359.4986877441406
359.57000732421875
359.635009765625
359.4100036621094
359.6300048828125
359.4800109863281
359.6199951171875
359.64520263671875
359.6099853515625
359.625
359.68499755859375
359.80938720703125
359.9700012207031
360.25
360.19000244140625
360.21099853515625
360.0199890136719
360.0899963378906
360.02398681640625
359.8800048828125
360.0299987792969
360.0199890136719
360.0199890136719
360.25
360.2099914550781
360.2349853515625
360.2349853515625
360.6400146484375
360.5299987792969
360.4021911621094
360.4200134277344
360.05999755859375
360.1600036621094
360.1000061035156
360.2200012207031
360.2200012207031
360.1377868652344
360.0061950683594
360.20001220703125
360.19000244140625
360.1300048828125
360.30999755859375
360.2900085449219
360.5
360.4849853515625
360.4989929199219
360.5450134277344
360.5874938964844
360.4800109863281
360.5299987792969
360.5299987792969
360.7900085449219
360.8999938964844
361.04998779296875
361.2200012207031
361.1099853515625
361.1050109863281
361.010009765625
360.82000732421875
360.9555969238281
360.9700012207031
360.9049987792969
360.8399963378906
360.6600036621094
360.5299987792969
360.5299987792969
360.5899963378906
360.57000732421875
360.9599914550781
360.95001220703125
360.79998779296875
360.82000732421875
360.3399963378906
360.239990234375
360.2409973144531
360.135009765625
360.1199951171875
360.07000732421875
360.239990234375
360.2650146484375
360.32861328125
360.2099914550781
360.1000061035156
360.1000061035156
360.1000061035156
360.1300048828125
360.05999755859375
359.8399963378906
359.7749938964844
359.9599914550781
359.8399963378906
359.8399963378906
360.1400146484375
360.1400146484375
359.9849853515625
359.9700012207031
359.9700012207031
360.010009765625
360.385009765625
360.3450012207031
360.3949890136719
360.3500061035156
360.5400085449219
360.19000244140625
360.3299865722656
360.3299865722656
360.3399963378906
360.3835144042969
360.5249938964844
360.79998779296875
360.55999755859375
360.55999755859375
360.760009765625
360.75
360.7300109863281
360.760009765625
360.9700012207031
360.80499267578125
360.8999938964844
360.9100036621094
360.9100036621094
361.1099853515625
361.04998779296875
360.7015075683594
360.70001220703125
360.8599853515625
360.6000061035156
360.62799072265625
360.6400146484375
360.6400146484375
360.42999267578125
360.4100036621094
360.4200134277344
360.2300109863281
360.2300109863281
360.2099914550781
360.2900085449219
360.3299865722656
360.3399963378906
360.39599609375
360.2349853515625
360.2900085449219
360.31500244140625
360.5450134277344
360.6449890136719
360.68499755859375
360.6780090332031
360.68121337890625
360.7799987792969
360.7099914550781
360.7099914550781
360.6199951171875
360.92999267578125
361.2200012207031
361.239990234375
361.2300109863281
361.3500061035156
361.4502868652344
361.44000244140625
361.4200134277344
361.3399963378906
361.39019775390625
361.510009765625
361.6199951171875
361.7049865722656
361.6600036621094
361.7900085449219
361.8299865722656
361.94000244140625
362.010009765625
362.0299987792969
362.1600036621094
362.340087890625
362.54998779296875
362.4200134277344
362.4126892089844
362.3399963378906
362.2699890136719
362.3699951171875
362.409912109375
362.2699890136719
362.19000244140625
362.1899108886719
361.9599914550781
362.0400085449219
362.2200012207031
362.1499938964844
362.25
362.2099914550781
362.0199890136719
362.0299987792969
362.0799865722656
362.1199951171875
362.2099914550781
362.20001220703125
361.989990234375
362.06500244140625
361.8900146484375
361.8800048828125
361.9200134277344
362.010009765625
362.0450134277344
362.05999755859375
361.8399963378906
361.74530029296875
362.0
362.1700134277344
362.2200012207031
362.0400085449219
362.0400085449219
362.0
361.80999755859375
362.0950012207031
361.80999755859375
361.6300048828125
361.7099914550781
361.3500061035156
361.20001220703125
361.20001220703125
361.2300109863281
361.37091064453125
361.3450012207031
361.2650146484375
361.3599853515625
361.0799865722656
360.4700012207031
360.739990234375
361.1099853515625
360.94000244140625
360.6700134277344
360.3500061035156
360.1199951171875
360.4649963378906
360.45001220703125
360.010009765625
359.93499755859375
359.8699951171875
359.79998779296875
359.7699890136719
359.7449951171875
360.1199951171875
359.67999267578125
359.6499938964844
359.5400085449219
359.79998779296875
359.5899963378906
359.7550048828125
359.70001220703125
359.79998779296875
359.6700134277344
