191.95460510253906
191.72000122070312
192.55999755859375
192.38999938964844
192.47000122070312
192.0279998779297
192.0
191.8699951171875
192.14999389648438
192.1649932861328
191.8800048828125
191.67999267578125
191.5800018310547
191.7899932861328
192.1999969482422
192.2449951171875
192.25
192.31500244140625
192.52999877929688
192.47999572753906
192.4149932861328
192.27999877929688
192.22999572753906
192.03030395507812
192.0399932861328
191.88499450683594
191.64999389648438
191.94000244140625
191.75999450683594
191.45989990234375
191.66000366210938
191.49000549316406
191.32000732421875
191.2899932861328
191.41000366210938
191.6199951171875
191.64999389648438
191.5800018310547
191.76499938964844
191.44000244140625
191.3699951171875
191.52000427246094
191.6199951171875
191.2899932861328
191.38999938964844
191.25999450683594
190.8000030517578
190.85000610351562
190.7100067138672
190.72000122070312
190.83999633789062
190.7899932861328
190.61000061035156
190.5500030517578
190.4499969482422
190.39500427246094
190.16000366210938
190.0500030517578
189.8699951171875
189.64999389648438
189.86000061035156
190.13980102539062
190.0717010498047
190.44000244140625
190.52000427246094
190.66000366210938
190.97999572753906
191.2100067138672
191.25999450683594
191.22999572753906
191.00999450683594
190.7899932861328
191.02000427246094
191.00999450683594
190.88720703125
191.0399932861328
190.94000244140625
190.91000366210938
190.7899932861328
190.75999450683594
190.60000610351562
190.60000610351562
190.30999755859375
190.30999755859375
190.3800048828125
190.3800048828125
190.4600067138672
190.39999389648438
190.3000030517578
189.5800018310547
189.72999572753906
189.72000122070312
189.75
189.5
189.36000061035156
189.35000610351562
189.0850067138672
188.9600067138672
188.6699981689453
188.65499877929688
188.69000244140625
188.69500732421875
188.6199951171875
188.60060119628906
188.80999755859375
188.42999267578125
188.14999389648438
188.41000366210938
188.5
188.38519287109375
188.38999938964844
188.41000366210938
188.2100067138672
188.13999938964844
188.1199951171875
188.11000061035156
188.0399932861328
188.15960693359375
188.0850067138672
188.39999389648438
188.36000061035156
188.22000122070312
188.29449462890625
188.39999389648438
188.5
188.77999877929688
188.67999267578125
188.88999938964844
188.97000122070312
188.9250030517578
188.94000244140625
188.7100067138672
188.6551971435547
188.72000122070312
188.60000610351562
188.7100067138672
188.88999938964844
188.8699951171875
188.90499877929688
188.7050018310547
188.60670471191406
188.50999450683594
188.49000549316406
188.3699951171875
188.38999938964844
188.77999877929688
188.8699951171875
188.9600067138672
188.9925994873047
188.9499969482422
188.8300018310547
188.77999877929688
188.30999755859375
188.4949951171875
188.58999633789062
188.66000366210938
188.61529541015625
188.5800018310547
188.4250030517578
188.52000427246094
188.66000366210938
188.6300048828125
188.55499267578125
188.5399932861328
188.47999572753906
188.50999450683594
188.66000366210938
188.75259399414062
188.80499267578125
188.7449951171875
188.88999938964844
188.82000732421875
188.97999572753906
189.3300018310547
189.34500122070312
189.49000549316406
189.47999572753906
189.1300048828125
189.1199951171875
189.2100067138672
189.25
189.27000427246094
189.5399932861328
189.5449981689453
189.7100067138672
189.6649932861328
189.85000610351562
190.1699981689453
190.1999969482422
190.32000732421875
190.25
190.37109375
190.19000244140625
190.17999267578125
190.0500030517578
190.1699981689453
190.3300018310547
190.25999450683594
189.80499267578125
189.97999572753906
189.97999572753906
190.0800018310547
189.99000549316406
190.0
190.27000427246094
190.40499877929688
190.50999450683594
190.35000610351562
190.3699951171875
190.36549377441406
190.3699951171875
190.3300018310547
190.27499389648438
190.27000427246094
190.19000244140625
190.07000732421875
190.1999969482422
190.17999267578125
190.3800048828125
190.43499755859375
190.47000122070312
190.66000366210938
190.49000549316406
190.38999938964844
190.30999755859375
190.35000610351562
190.13999938964844
190.06500244140625
190.00999450683594
190.1199951171875
190.1649932861328
190.38999938964844
190.36000061035156
190.3699951171875
190.27000427246094
190.24000549316406
190.27000427246094
190.1300048828125
190.1999969482422
190.2050018310547
190.2899932861328
190.3350067138672
190.30999755859375
190.2783966064453
190.1699981689453
190.2050018310547
190.25999450683594
190.27499389648438
190.49000549316406
190.66000366210938
190.63999938964844
190.83999633789062
190.82000732421875
190.8300018310547
190.88999938964844
190.9499969482422
190.97999572753906
190.8249969482422
190.77999877929688
190.8000030517578
190.72999572753906
190.73500061035156
190.88999938964844
190.89999389648438
190.8800048828125
190.85000610351562
190.91000366210938
190.99000549316406
191.10000610351562
190.9600067138672
191.07000732421875
190.94000244140625
191.1300048828125
191.16000366210938
191.15499877929688
191.30999755859375
191.27000427246094
191.0449981689453
190.8800048828125
190.8560028076172
190.80999755859375
190.85000610351562
190.72999572753906
190.72000122070312
190.72500610351562
190.85499572753906
190.88999938964844
190.83999633789062
190.91000366210938
190.9499969482422
190.92120361328125
190.9600067138672
191.0500030517578
191.02000427246094
191.00999450683594
191.0
190.8699951171875
190.83999633789062
190.9949951171875
190.99000549316406
190.94000244140625
190.94000244140625
190.9550018310547
190.9199981689453
191.00999450683594
190.9499969482422
190.99000549316406
190.99000549316406
190.86500549316406
190.8300018310547
190.85000610351562
190.8300018310547
190.8699951171875
190.86000061035156
190.89999389648438
190.8699951171875
190.63999938964844
190.77499389648438
190.75999450683594
190.80999755859375
191.0399932861328
190.9499969482422
190.99000549316406
191.0399932861328
191.0500030517578
191.24000549316406
191.30999755859375
191.22000122070312
191.38999938964844
191.56500244140625
191.5500030517578
191.6999969482422
191.63999938964844
191.57000732421875
191.5
191.61000061035156
191.6300048828125
191.67999267578125
191.55999755859375
191.52999877929688
191.52000427246094
191.72000122070312
191.8300018310547
191.80999755859375
191.85000610351562
191.66000366210938
191.74000549316406
191.8699951171875
191.8000030517578
191.8708953857422
191.85000610351562
191.75
191.98989868164062
191.8350067138672
191.96499633789062
191.8800048828125
191.89999389648438
191.92999267578125
191.86920166015625
191.8737030029297
191.78500366210938
191.8249969482422
191.91000366210938
191.88999938964844
191.8800048828125
191.86000061035156
191.7899932861328
191.76499938964844
191.8000030517578
191.72999572753906
191.5500030517578
191.5449981689453
191.44500732421875
191.4149932861328
191.4250030517578
191.47000122070312
191.4499969482422
191.52999877929688
191.6479949951172
191.6699981689453
191.63499450683594
191.6699981689453
191.55999755859375
191.77999877929688
191.77999877929688
191.94000244140625
191.85000610351562
191.7899932861328
191.8699951171875
192.10000610351562
192.1199951171875
191.9600067138672
192.02999877929688
192.01199340820312
192.11000061035156
192.1199951171875
192.0399932861328
192.0919952392578
191.9600067138672
191.97999572753906
191.75
191.8800048828125
191.8300018310547
191.75
191.77000427246094
191.73019409179688
191.72500610351562
191.75999450683594
191.72999572753906
191.63009643554688
191.79100036621094
191.58999633789062
191.52000427246094
191.62399291992188
191.63499450683594
191.6300048828125
191.5800018310547
191.64500427246094
191.64999389648438
191.55419921875
191.5500030517578
191.63999938964844
191.61500549316406
191.58999633789062
191.625
191.625
191.71499633789062
191.6699981689453
191.61500549316406
191.58999633789062
191.5399932861328
191.55499267578125
191.57000732421875
191.6199951171875
191.64999389648438
191.82000732421875
191.75999450683594
191.92999267578125
191.86000061035156
191.79550170898438
191.8000030517578
191.7991943359375
191.75999450683594
191.77000427246094
191.75999450683594
191.74000549316406
191.82000732421875
191.7899932861328
191.85000610351562
191.77999877929688
191.80999755859375
191.82919311523438
191.8300018310547
191.80499267578125
191.72000122070312
191.7628936767578
191.77000427246094
191.6999969482422
191.7100067138672
191.66000366210938
191.61000061035156
191.5399932861328
191.5388946533203
191.60000610351562
191.6699981689453
191.6699981689453
191.66000366210938
191.69000244140625
191.4875030517578
191.51499938964844
191.4199981689453
191.32000732421875
191.34120178222656
191.2899932861328
191.32000732421875
191.3300018310547
191.52000427246094
191.4575958251953
191.44000244140625
191.52000427246094
191.51499938964844
191.52000427246094
191.58999633789062
191.77000427246094
191.6999969482422
191.72999572753906
191.72999572753906
191.80999755859375
191.7725067138672
191.72000122070312
191.52499389648438
191.52999877929688
191.5491943359375
191.50999450683594
191.36000061035156
191.40499877929688
191.3300018310547
191.27000427246094
191.1999969482422
191.24000549316406
191.2100067138672
191.22999572753906
191.26089477539062
191.3300018310547
191.3000030517578
191.26109313964844
191.1199951171875
191.0
191.0399932861328
191.0
191.2100067138672
191.27999877929688
191.14999389648438
191.29539489746094
191.2100067138672
191.14999389648438
191.14500427246094
191.11000061035156
191.2100067138672
191.3000030517578
191.63999938964844
191.77999877929688
191.67999267578125
191.74989318847656
191.75
191.7899932861328
191.77999877929688
191.63999938964844
191.6699981689453
191.77499389648438
191.83009338378906
191.8699951171875
192.08999633789062
192.02000427246094
191.947998046875
191.89999389648438
191.8699951171875
191.82000732421875
191.88499450683594
191.85000610351562
191.9149932861328
191.8000030517578
191.8249969482422
191.69500732421875
191.86000061035156
191.80999755859375
191.7449951171875
191.7550048828125
191.7100067138672
191.63499450683594
191.61000061035156
191.6999969482422
191.72000122070312
191.66000366210938
191.64500427246094
191.67999267578125
191.64999389648438
191.6999969482422
191.60000610351562
191.69000244140625
191.75
191.83999633789062
191.80999755859375
191.9499969482422
191.88999938964844
191.8800048828125
192.0
192.13999938964844
192.19000244140625
192.13999938964844
192.02000427246094
192.2100067138672
192.30990600585938
192.44000244140625
192.6300048828125
192.47000122070312
192.3699951171875
192.375
192.36500549316406
192.32000732421875
192.3000030517578
192.24000549316406
192.22999572753906
192.17999267578125
192.11000061035156
191.92999267578125
192.0749969482422
192.1750030517578
192.25
192.31500244140625
192.39999389648438
192.24000549316406
192.1320037841797
192.2449951171875
192.23899841308594
192.11500549316406
192.0
191.89999389648438
191.77999877929688
192.05349731445312
192.2100067138672
192.02000427246094
192.0500030517578
192.05999755859375
191.97999572753906
192.0399932861328
191.9600067138672
192.0500030517578
191.86000061035156
191.6999969482422
191.6999969482422
191.80999755859375
191.7899932861328
191.86000061035156
191.6699981689453
191.49000549316406
191.5
