137.53500366210938
137.66079711914062
137.38999938964844
137.49000549316406
137.75999450683594
137.85960388183594
138.07000732421875
138.08729553222656
138.4019012451172
138.66000366210938
138.44500732421875
138.55999755859375
138.4550018310547
138.5800018310547
138.75999450683594
138.75
138.6999969482422
138.74000549316406
138.58999633789062
138.77529907226562
138.7322998046875
138.625
138.38999938964844
138.27000427246094
138.25
138.2550048828125
138.22999572753906
138.27999877929688
138.39999389648438
138.33999633789062
138.30999755859375
138.36000061035156
138.32000732421875
138.24000549316406
138.35499572753906
138.33999633789062
138.24000549316406
138.25
138.10000610351562
138.00999450683594
138.1002960205078
138.11000061035156
138.1300048828125
137.90499877929688
137.92999267578125
137.84500122070312
137.64999389648438
137.61000061035156
137.63999938964844
137.6999969482422
137.69720458984375
137.76499938964844
137.6750030517578
137.6300048828125
137.52999877929688
137.52999877929688
137.50999450683594
137.56500244140625
137.5399932861328
137.5050048828125
137.5399932861328
137.7100067138672
137.61000061035156
137.58999633789062
137.72000122070312
137.7899932861328
137.89700317382812
138.0399932861328
138.1096954345703
138.0500030517578
137.83639526367188
137.8800048828125
137.79580688476562
137.75999450683594
137.75999450683594
137.72000122070312
137.8000030517578
137.67999267578125
137.71499633789062
137.74000549316406
137.72000122070312
137.77999877929688
137.80999755859375
137.7899932861328
137.6999969482422
137.7100067138672
137.6999969482422
137.60000610351562
137.57000732421875
137.27000427246094
137.39500427246094
137.2899932861328
137.35000610351562
137.32000732421875
137.23500061035156
137.1999969482422
137.1999969482422
137.11000061035156
137.04010009765625
137.02000427246094
137.00999450683594
136.99000549316406
136.88009643554688
136.8800048828125
136.89999389648438
136.86500549316406
136.8800048828125
136.9425048828125
136.89999389648438
136.88900756835938
136.8509979248047
136.94500732421875
136.75
136.77920532226562
136.72000122070312
136.63999938964844
136.72999572753906
136.72999572753906
136.6999969482422
136.7100067138672
136.72000122070312
136.6699981689453
136.6699981689453
136.7100067138672
136.68499755859375
136.7100067138672
136.66000366210938
136.66000366210938
136.6999969482422
136.60000610351562
136.57000732421875
136.47000122070312
136.46499633789062
136.43499755859375
136.3800048828125
136.35000610351562
136.5399932861328
136.4499969482422
136.46009826660156
136.38499450683594
136.38499450683594
136.35000610351562
136.26499938964844
136.27499389648438
136.33999633789062
136.42999267578125
136.4145965576172
136.4499969482422
136.52999877929688
136.50709533691406
136.42999267578125
136.27999877929688
136.32000732421875
136.4149932861328
136.4499969482422
136.60000610351562
136.52999877929688
136.4199981689453
136.36000061035156
136.47999572753906
136.5399932861328
136.5
136.5500030517578
136.55999755859375
136.5500030517578
136.52000427246094
136.5500030517578
136.5800018310547
136.55499267578125
136.50999450683594
136.58999633789062
136.57000732421875
136.55999755859375
136.47999572753906
136.47999572753906
136.55999755859375
136.5449981689453
136.5500030517578
136.58999633789062
136.5279998779297
136.60000610351562
136.58999633789062
136.66000366210938
136.85000610351562
136.82969665527344
136.8800048828125
137.02999877929688
137.14999389648438
137.13999938964844
137.1999969482422
137.25
137.25
137.22000122070312
137.14999389648438
137.110107421875
137.14999389648438
137.17999267578125
137.1699981689453
137.15499877929688
137.13009643554688
137.11500549316406
137.1199951171875
137.0605010986328
137.0605010986328
137.14999389648438
137.12350463867188
137.10000610351562
137.07000732421875
136.9936065673828
136.99009704589844
137.02000427246094
137.02999877929688
137.0399932861328
137.02000427246094
137.05999755859375
137.0399932861328
137.05499267578125
137.06500244140625
137.05999755859375
137.0399932861328
137.1750030517578
137.14999389648438
137.11000061035156
137.07000732421875
137.07000732421875
137.07000732421875
137.00999450683594
136.94020080566406
136.9600067138672
137.02499389648438
137.0399932861328
137.1201934814453
137.10000610351562
137.10000610351562
137.10000610351562
137.14999389648438
137.16000366210938
137.1199951171875
137.08949279785156
137.10000610351562
137.0500030517578
137.16000366210938
137.16000366210938
137.07000732421875
137.0200958251953
137.05999755859375
137.1199951171875
137.19000244140625
137.1999969482422
137.22999572753906
137.19500732421875
137.20159912109375
137.25999450683594
137.25999450683594
137.27000427246094
137.2301025390625
137.2301025390625
137.1699981689453
137.19000244140625
137.2050018310547
137.25999450683594
137.28199768066406
137.3800048828125
137.41000366210938
137.4250030517578
137.4600067138672
137.47999572753906
137.5399932861328
137.57000732421875
137.53880310058594
137.5500030517578
137.52000427246094
137.5449981689453
137.61099243164062
137.57000732421875
137.60000610351562
137.60000610351562
137.5500030517578
137.5399932861328
137.5449981689453
137.5500030517578
137.55999755859375
137.58999633789062
137.6103973388672
137.55999755859375
137.5500030517578
137.5780029296875
137.5937957763672
137.64999389648438
137.65570068359375
137.67999267578125
137.69000244140625
137.69500732421875
137.72000122070312
137.75
137.74000549316406
137.70249938964844
137.75
137.82000732421875
137.77499389648438
137.69500732421875
137.72999572753906
137.6699981689453
137.69500732421875
137.7050018310547
137.65640258789062
137.6300048828125
137.55999755859375
137.5800018310547
137.5800018310547
137.55999755859375
137.4499969482422
137.44000244140625
137.4499969482422
137.42950439453125
137.48500061035156
137.4499969482422
137.47999572753906
137.4893035888672
137.47000122070312
137.49749755859375
137.42340087890625
137.4199981689453
137.4600067138672
137.5
137.58999633789062
137.57000732421875
137.52000427246094
137.52000427246094
137.58999633789062
137.66000366210938
137.6649932861328
137.64999389648438
137.67999267578125
137.72999572753906
137.7949981689453
137.7949981689453
137.7913055419922
137.8137969970703
137.8000030517578
137.85000610351562
137.85499572753906
137.7823028564453
137.85000610351562
137.83999633789062
137.7100067138672
137.69000244140625
137.68499755859375
137.71499633789062
137.75999450683594
137.72500610351562
137.74000549316406
137.7100067138672
137.74000549316406
137.75
137.7449951171875
137.67999267578125
137.68499755859375
137.75999450683594
137.73500061035156
137.74000549316406
137.77000427246094
137.75999450683594
137.75
137.77000427246094
137.75
137.74000549316406
137.74000549316406
137.74000549316406
137.6699981689453
137.67999267578125
137.61000061035156
137.5281982421875
137.51499938964844
137.5800018310547
137.52000427246094
137.58999633789062
137.60000610351562
137.6649932861328
137.64999389648438
137.6699981689453
137.71499633789062
137.66000366210938
137.66000366210938
137.6300048828125
137.6009979248047
137.60000610351562
137.63999938964844
137.64999389648438
137.7100067138672
137.75999450683594
137.75
137.75999450683594
137.78500366210938
137.8800048828125
137.85000610351562
137.8300018310547
137.80999755859375
137.75
137.8249969482422
137.75
137.7899932861328
137.77000427246094
137.77000427246094
137.73519897460938
137.74000549316406
137.67999267578125
137.67999267578125
137.6407012939453
137.58999633789062
137.60000610351562
137.57000732421875
137.5500030517578
137.55999755859375
137.55999755859375
137.52999877929688
137.52720642089844
137.56500244140625
137.6199951171875
137.63499450683594
137.64999389648438
137.6820068359375
137.6699981689453
137.6699981689453
137.67999267578125
137.67880249023438
137.72999572753906
137.72000122070312
137.69000244140625
137.59019470214844
137.5800018310547
137.6300048828125
137.6699981689453
137.6300048828125
137.6300048828125
137.7100067138672
137.6475067138672
137.66830444335938
137.625
137.6300048828125
137.66000366210938
137.6699981689453
137.6199951171875
137.63999938964844
137.64999389648438
137.67999267578125
137.67999267578125
137.61000061035156
137.61000061035156
137.57069396972656
137.5500030517578
137.50999450683594
137.5
137.46470642089844
137.47999572753906
137.5
137.52999877929688
137.5500030517578
137.58999633789062
137.6300048828125
137.60000610351562
137.57659912109375
137.52000427246094
137.5399932861328
137.5500030517578
137.6199951171875
137.63999938964844
137.67999267578125
137.69000244140625
137.7100067138672
137.75079345703125
137.77999877929688
137.7760009765625
137.7760009765625
137.71749877929688
137.74000549316406
137.7899932861328
137.76499938964844
137.8000030517578
137.8000030517578
137.7949981689453
137.77999877929688
137.74000549316406
137.86500549316406
137.8000030517578
137.78500366210938
137.8249969482422
137.8699951171875
137.7899932861328
137.80999755859375
137.75
137.7440948486328
137.71499633789062
137.6999969482422
137.72999572753906
137.71449279785156
137.6699981689453
137.58999633789062
137.63999938964844
137.68600463867188
137.67999267578125
137.6300048828125
137.58999633789062
137.6750030517578
137.65989685058594
137.64500427246094
137.65499877929688
137.60000610351562
137.6300048828125
137.6199951171875
137.7050018310547
137.7100067138672
137.72999572753906
137.72500610351562
137.77000427246094
137.77000427246094
137.74000549316406
137.77999877929688
137.77000427246094
137.79580688476562
137.77999877929688
137.8300018310547
137.8258056640625
137.82000732421875
137.83999633789062
137.83999633789062
137.87899780273438
137.83999633789062
137.8699951171875
137.8699951171875
137.84060668945312
137.88499450683594
137.8800048828125
137.875
137.9250030517578
137.9499969482422
138.0500030517578
138.02999877929688
138.10000610351562
138.13999938964844
138.1699981689453
138.16000366210938
138.14999389648438
138.10499572753906
138.0718994140625
138.0399932861328
138.02999877929688
138.0399932861328
138.00999450683594
137.92999267578125
137.88690185546875
137.91000366210938
137.88999938964844
137.85000610351562
137.8300018310547
137.8000030517578
137.77999877929688
137.77000427246094
137.73500061035156
137.7949981689453
137.8000030517578
137.77499389648438
137.8000030517578
137.81500244140625
137.77000427246094
137.69500732421875
137.74200439453125
137.80999755859375
137.84500122070312
137.86000061035156
137.86500549316406
137.8300018310547
137.92999267578125
137.91000366210938
137.99000549316406
137.97000122070312
137.98550415039062
137.92999267578125
137.92999267578125
137.94500732421875
137.88999938964844
137.83999633789062
137.8300018310547
137.77999877929688
137.77999877929688
137.7050018310547
137.75999450683594
137.72999572753906
137.7899932861328
137.75
137.75999450683594
137.6199951171875
137.5
137.55999755859375
137.63999938964844
137.5500030517578
137.42999267578125
137.4600067138672
137.38999938964844
137.5500030517578
137.5800018310547
137.45260620117188
137.48500061035156
137.47999572753906
137.52999877929688
137.4949951171875
137.50999450683594
137.4499969482422
137.46209716796875
137.35000610351562
137.32000732421875
137.34500122070312
137.27999877929688
137.31500244140625
137.24000549316406
137.1699981689453
137.13999938964844
