47.77000045776367
47.959999084472656
47.880001068115234
47.810001373291016
47.76499938964844
47.61280059814453
47.56999969482422
47.595001220703125
47.70000076293945
47.665000915527344
47.54859924316406
47.589698791503906
47.57500076293945
47.564998626708984
47.7599983215332
47.810001373291016
47.869998931884766
47.900001525878906
47.84000015258789
47.86000061035156
47.790000915527344
47.810001373291016
47.814998626708984
47.78499984741211
47.77000045776367
47.720001220703125
47.63999938964844
47.73500061035156
47.720001220703125
47.650001525878906
47.68000030517578
47.63999938964844
47.62990188598633
47.619998931884766
47.720001220703125
47.68989944458008
47.689998626708984
47.76499938964844
47.71500015258789
47.65999984741211
47.77000045776367
47.790000915527344
47.86000061035156
47.880001068115234
47.900001525878906
47.915000915527344
47.80500030517578
47.70000076293945
47.720001220703125
47.77000045776367
47.77000045776367
47.77000045776367
47.755001068115234
47.71500015258789
47.709999084472656
47.73500061035156
47.69499969482422
47.689998626708984
47.61000061035156
47.619998931884766
47.619998931884766
47.68000030517578
47.68989944458008
47.7681999206543
47.80500030517578
47.78499984741211
47.8650016784668
47.88999938964844
47.90639877319336
47.93000030517578
47.900001525878906
47.90999984741211
47.95000076293945
47.90869903564453
47.875
47.935001373291016
47.91999816894531
47.90999984741211
47.880001068115234
47.900001525878906
47.85689926147461
47.81999969482422
47.779998779296875
47.810001373291016
47.869998931884766
47.880001068115234
47.86000061035156
47.83000183105469
47.78499984741211
47.66999816894531
47.69499969482422
47.70800018310547
47.7052001953125
47.66999816894531
47.685001373291016
47.68000030517578
47.650001525878906
47.68000030517578
47.63999938964844
47.60499954223633
47.599998474121094
47.58000183105469
47.57500076293945
47.54499816894531
47.619998931884766
47.599998474121094
47.59000015258789
47.60499954223633
47.595001220703125
47.589698791503906
47.59000015258789
47.540000915527344
47.48500061035156
47.43239974975586
47.404998779296875
47.39500045776367
47.37670135498047
47.41400146484375
47.404998779296875
47.415000915527344
47.404998779296875
47.380001068115234
47.38990020751953
47.415000915527344
47.404998779296875
47.42499923706055
47.41999816894531
47.40999984741211
47.41999816894531
47.45000076293945
47.43000030517578
47.38999938964844
47.375
47.40999984741211
47.40999984741211
47.380001068115234
47.400001525878906
47.43000030517578
47.435001373291016
47.400001525878906
47.400001525878906
47.393001556396484
47.40999984741211
47.34000015258789
47.33000183105469
47.34000015258789
47.2942008972168
47.297698974609375
47.279998779296875
47.275001525878906
47.220001220703125
47.2140007019043
47.189998626708984
47.209999084472656
47.227298736572266
47.26499938964844
47.255001068115234
47.224998474121094
47.1348991394043
47.209999084472656
47.2599983215332
47.2421989440918
47.255001068115234
47.275001525878906
47.279998779296875
47.29999923706055
47.27299880981445
47.22999954223633
47.24660110473633
47.29990005493164
47.3400993347168
47.35499954223633
47.36000061035156
47.41709899902344
47.459999084472656
47.51499938964844
47.55009841918945
47.505001068115234
47.494998931884766
47.5
47.5098991394043
47.44200134277344
47.4900016784668
47.55500030517578
47.58000183105469
47.560001373291016
47.6150016784668
47.685001373291016
47.744998931884766
47.73500061035156
47.689998626708984
47.67150115966797
47.640899658203125
47.61880111694336
47.630001068115234
47.649898529052734
47.650001525878906
47.64500045776367
47.625
47.625
47.6150016784668
47.63999938964844
47.63410186767578
47.64500045776367
47.70989990234375
47.724998474121094
47.720001220703125
47.720001220703125
47.71500015258789
47.71500015258789
47.720001220703125
47.71500015258789
47.68000030517578
47.71440124511719
47.71500015258789
47.70000076293945
47.70000076293945
47.70500183105469
47.779998779296875
47.779998779296875
47.80009841918945
47.79999923706055
47.779998779296875
47.77000045776367
47.779998779296875
47.77000045776367
47.71500015258789
47.68000030517578
47.68000030517578
47.689998626708984
47.70500183105469
47.744998931884766
47.7400016784668
47.70500183105469
47.724998474121094
47.709999084472656
47.70500183105469
47.689998626708984
47.65999984741211
47.665000915527344
47.68000030517578
47.7400016784668
47.75
47.70000076293945
47.64500045776367
47.685001373291016
47.709999084472656
47.70000076293945
47.7400016784668
47.790000915527344
47.76499938964844
47.79999923706055
47.77000045776367
47.779701232910156
47.779998779296875
47.77000045776367
47.77009963989258
47.720001220703125
47.7400016784668
47.75
47.72560119628906
47.709999084472656
47.7400016784668
47.72999954223633
47.720001220703125
47.709999084472656
47.71500015258789
47.72520065307617
47.70000076293945
47.689998626708984
47.72999954223633
47.67499923706055
47.66999816894531
47.689998626708984
47.709999084472656
47.771400451660156
47.76490020751953
47.685001373291016
47.66999816894531
47.65999984741211
47.64419937133789
47.689998626708984
47.68370056152344
47.68000030517578
47.654998779296875
47.66999816894531
47.68000030517578
47.7067985534668
47.70000076293945
47.71009826660156
47.71379852294922
47.75
47.76499938964844
47.744998931884766
47.7400016784668
47.715301513671875
47.685001373291016
47.671199798583984
47.71500015258789
47.71689987182617
47.709999084472656
47.71500015258789
47.70199966430664
47.72999954223633
47.709999084472656
47.689998626708984
47.70000076293945
47.7400016784668
47.749000549316406
47.69499969482422
47.69919967651367
47.70320129394531
47.720001220703125
47.720001220703125
47.704898834228516
47.720001220703125
47.720001220703125
47.7400016784668
47.744998931884766
47.7599983215332
47.79499816894531
47.779998779296875
47.78499984741211
47.79999923706055
47.840599060058594
47.86899948120117
47.845001220703125
47.85749816894531
47.849998474121094
47.88999938964844
47.90999984741211
47.95180130004883
47.95000076293945
47.93989944458008
47.94490051269531
47.970001220703125
47.970001220703125
47.964599609375
47.974998474121094
48.0
48.010398864746094
48.025001525878906
48.02000045776367
48.015201568603516
48.02330017089844
47.994998931884766
47.974998474121094
47.970001220703125
47.959999084472656
47.965999603271484
47.95000076293945
47.93190002441406
47.90999984741211
47.91999816894531
47.902000427246094
47.904998779296875
47.90999984741211
47.92499923706055
47.92850112915039
47.94499969482422
47.94990158081055
47.974998474121094
47.9900016784668
47.99359893798828
47.99530029296875
47.974998474121094
47.95000076293945
47.939998626708984
47.939998626708984
47.91999816894531
47.91999816894531
47.939998626708984
47.935001373291016
47.90999984741211
47.90999984741211
47.915000915527344
47.915000915527344
47.915000915527344
47.94260025024414
47.9370002746582
47.96760177612305
47.956199645996094
47.95000076293945
47.93000030517578
47.91999816894531
47.90999984741211
47.8849983215332
47.880001068115234
47.904998779296875
47.91999816894531
47.91999816894531
47.939998626708984
47.9370002746582
47.939998626708984
48.0
48.010398864746094
48.0172004699707
48.005001068115234
47.959999084472656
47.96500015258789
47.92620086669922
47.95199966430664
47.959999084472656
47.95500183105469
47.935001373291016
47.970001220703125
47.96500015258789
47.959999084472656
47.97999954223633
47.97999954223633
47.994998931884766
47.970001220703125
47.970001220703125
47.97999954223633
47.97999954223633
47.95000076293945
47.959999084472656
47.96500015258789
47.97999954223633
47.974998474121094
47.99369812011719
48.0099983215332
47.984901428222656
47.994998931884766
47.97999954223633
47.9900016784668
47.994998931884766
47.994998931884766
47.98500061035156
47.970001220703125
47.95500183105469
47.956600189208984
47.95000076293945
47.959999084472656
47.97050094604492
47.99300003051758
47.9900016784668
48.005001068115234
48.013999938964844
48.0
47.959999084472656
47.98500061035156
47.95000076293945
47.9567985534668
47.95429992675781
47.9900016784668
47.994998931884766
47.9900016784668
47.97990036010742
47.959999084472656
47.95000076293945
47.93000030517578
47.90999984741211
47.89500045776367
47.869998931884766
47.880001068115234
47.89310073852539
47.915000915527344
47.92639923095703
47.94029998779297
47.939998626708984
47.939998626708984
47.93000030517578
47.9453010559082
47.959999084472656
47.970001220703125
47.959999084472656
47.94670104980469
47.95000076293945
47.93429946899414
47.90999984741211
47.95050048828125
47.952999114990234
47.940101623535156
47.95370101928711
47.96989822387695
48.005001068115234
47.976898193359375
47.97999954223633
47.980098724365234
47.98500061035156
47.97999954223633
48.00699996948242
48.04999923706055
48.038299560546875
48.05590057373047
48.05500030517578
48.084999084472656
48.099998474121094
48.084999084472656
48.060001373291016
48.060001373291016
48.040000915527344
48.025001525878906
48.005001068115234
48.01499938964844
48.0
47.9900016784668
47.98500061035156
48.005001068115234
47.9900016784668
47.970001220703125
48.01499938964844
48.0099983215332
48.005001068115234
48.01089859008789
48.0
47.98500061035156
47.974998474121094
47.98379898071289
48.02000045776367
48.029998779296875
47.994998931884766
47.99549865722656
47.97999954223633
47.994998931884766
47.98500061035156
47.994998931884766
48.015098571777344
48.04499816894531
48.060001373291016
48.05009841918945
48.03689956665039
48.04499816894531
48.05500030517578
48.064998626708984
48.08000183105469
48.064998626708984
48.06669998168945
48.084999084472656
48.090999603271484
48.11000061035156
48.120201110839844
48.095001220703125
48.1150016784668
48.13999938964844
48.150001525878906
48.17720031738281
48.193599700927734
48.19369888305664
48.22999954223633
48.209999084472656
48.21500015258789
48.239898681640625
48.20000076293945
48.2135009765625
48.21989822387695
48.21630096435547
48.193199157714844
48.154998779296875
48.125
48.140098571777344
48.1349983215332
48.130401611328125
48.12300109863281
48.150001525878906
48.130001068115234
48.14500045776367
48.150001525878906
48.15530014038086
48.16999816894531
48.1349983215332
48.13999938964844
48.1349983215332
48.09000015258789
48.084999084472656
48.130001068115234
48.150001525878906
48.154998779296875
48.1349983215332
48.12990188598633
48.146400451660156
48.20000076293945
48.185001373291016
48.18519973754883
48.14950180053711
48.13999938964844
48.124000549316406
48.1349983215332
48.14500045776367
48.154998779296875
48.125
48.125
48.125
48.12350082397461
48.09000015258789
48.07500076293945
48.084999084472656
48.10499954223633
48.07500076293945
48.09000015258789
48.029998779296875
48.03499984741211
48.07500076293945
48.115699768066406
48.08000183105469
48.028099060058594
48.0099983215332
47.98500061035156
48.06999969482422
48.0629997253418
48.04499816894531
48.025001525878906
48.05500030517578
48.04499816894531
48.01499938964844
48.04499816894531
48.1349983215332
48.119998931884766
48.084999084472656
48.09000015258789
48.099998474121094
48.04999923706055
48.11000061035156
48.04999923706055
48.040000915527344
48.0099983215332
