171.57000732421875
171.47999572753906
171.82000732421875
171.88999938964844
171.86000061035156
172.0800018310547
172.19000244140625
172.05999755859375
172.3000030517578
172.60000610351562
172.52000427246094
172.58999633789062
172.4499969482422
172.50999450683594
172.64999389648438
172.55099487304688
172.8000030517578
172.67999267578125
172.75999450683594
172.77000427246094
172.8300018310547
172.86000061035156
172.8000030517578
172.8350067138672
172.9199981689453
172.91000366210938
172.8699951171875
172.76499938964844
172.80999755859375
172.76629638671875
172.72000122070312
172.66000366210938
172.6699981689453
172.49000549316406
172.52999877929688
172.52999877929688
172.5
172.47000122070312
172.42999267578125
172.27000427246094
172.19000244140625
172.30499267578125
172.36500549316406
172.22999572753906
172.19000244140625
172.16000366210938
172.0
172.02999877929688
171.8800048828125
172.00999450683594
172.02999877929688
171.99000549316406
171.9199981689453
171.8699951171875
171.89500427246094
171.8800048828125
172.01499938964844
172.00999450683594
172.0
172.02999877929688
171.99000549316406
172.07859802246094
172.0305938720703
172.01499938964844
172.24000549316406
172.13999938964844
172.3300018310547
172.39999389648438
172.35000610351562
172.17999267578125
172.16000366210938
172.19000244140625
172.14999389648438
172.08999633789062
172.0800018310547
172.13999938964844
172.07000732421875
171.92999267578125
171.92999267578125
171.9499969482422
171.89999389648438
171.9949951171875
172.00999450683594
171.9600067138672
171.74000549316406
171.72999572753906
171.65499877929688
171.5500030517578
171.5800018310547
171.30999755859375
171.38999938964844
171.36000061035156
171.5050048828125
171.49000549316406
171.44000244140625
171.42999267578125
171.3699951171875
171.39999389648438
171.2050018310547
171.1699981689453
171.25
171.2100067138672
171.2100067138672
171.16000366210938
171.1300048828125
171.1699981689453
171.2949981689453
171.4199981689453
171.55999755859375
171.4989013671875
171.69000244140625
171.69500732421875
171.5800018310547
171.52000427246094
171.47500610351562
171.5399932861328
171.47500610351562
171.4199981689453
171.42999267578125
171.50999450683594
171.52999877929688
171.52000427246094
171.58999633789062
171.6300048828125
171.67999267578125
171.74000549316406
171.6699981689453
171.59019470214844
171.60000610351562
171.5500030517578
171.5399932861328
171.5399932861328
171.6300048828125
171.60000610351562
171.57000732421875
171.61000061035156
171.6300048828125
171.60000610351562
171.58999633789062
171.5500030517578
171.52999877929688
171.58999633789062
171.5500030517578
171.5399932861328
171.58999633789062
171.5399932861328
171.5500030517578
171.5500030517578
171.5500030517578
171.52999877929688
171.56500244140625
171.63999938964844
171.67999267578125
171.77499389648438
171.8300018310547
171.9499969482422
171.87249755859375
171.9499969482422
171.89500427246094
172.03900146484375
172.0749969482422
172.02000427246094
171.9949951171875
172.00999450683594
172.05499267578125
172.00999450683594
172.00999450683594
172.0500030517578
172.02999877929688
172.02999877929688
172.0449981689453
171.97999572753906
172.04100036621094
172.0449981689453
172.05499267578125
172.13499450683594
172.0800018310547
172.0
171.91000366210938
171.8699951171875
171.89999389648438
171.97999572753906
171.96090698242188
171.94400024414062
172.0399932861328
172.0800018310547
172.19500732421875
172.1999969482422
172.15499877929688
172.10499572753906
172.1699981689453
172.24000549316406
172.0850067138672
172.1199951171875
172.08999633789062
172.07000732421875
172.02999877929688
172.0
172.01499938964844
172.0399932861328
172.0200958251953
172.068603515625
172.07000732421875
172.14999389648438
172.10000610351562
172.14950561523438
172.13999938964844
172.22999572753906
172.1999969482422
172.19000244140625
172.1699981689453
172.1125030517578
172.1300048828125
172.1605987548828
172.14480590820312
172.1649932861328
172.1300048828125
172.13999938964844
172.05499267578125
172.0399932861328
172.0800018310547
172.1300048828125
172.11000061035156
172.10400390625
172.0850067138672
172.02000427246094
172.02000427246094
171.9250030517578
171.9647979736328
172.0800018310547
172.0800018310547
172.1300048828125
172.1999969482422
172.25
172.2725067138672
172.28970336914062
172.36000061035156
172.2949981689453
172.2899932861328
172.2899932861328
172.3000030517578
172.38499450683594
172.3300018310547
172.30499267578125
172.28500366210938
172.30999755859375
172.39999389648438
172.39999389648438
172.48500061035156
172.48219299316406
172.41000366210938
172.4199981689453
172.4499969482422
172.4550018310547
172.39999389648438
172.4600067138672
172.45770263671875
172.4499969482422
172.47000122070312
172.4600067138672
172.47999572753906
172.4600067138672
172.40989685058594
172.36000061035156
172.32150268554688
172.35000610351562
172.39999389648438
172.35850524902344
172.39239501953125
172.34500122070312
172.3699951171875
172.33999633789062
172.3300018310547
172.36000061035156
172.36500549316406
172.4250030517578
172.35000610351562
172.2100067138672
172.19439697265625
172.2322998046875
172.33999633789062
172.39500427246094
172.39500427246094
172.41000366210938
172.4199981689453
172.4250030517578
172.41000366210938
172.41000366210938
172.4149932861328
172.4250030517578
172.41000366210938
172.44000244140625
172.42999267578125
172.47500610351562
172.44500732421875
172.3800048828125
172.3699951171875
172.3800048828125
172.40989685058594
172.39999389648438
172.3350067138672
172.30999755859375
172.3000030517578
172.31410217285156
172.30999755859375
172.27000427246094
172.27000427246094
172.24000549316406
172.1999969482422
172.1999969482422
172.25
172.25
172.25999450683594
172.27000427246094
172.28500366210938
172.24000549316406
172.21209716796875
172.19000244140625
172.1999969482422
172.1999969482422
172.22000122070312
172.22000122070312
172.24000549316406
172.28500366210938
172.32000732421875
172.3699951171875
172.3300018310547
172.35000610351562
172.36000061035156
172.4250030517578
172.49000549316406
172.44000244140625
172.38999938964844
172.4499969482422
172.44000244140625
172.48500061035156
172.5196990966797
172.5
172.49000549316406
172.47000122070312
172.4499969482422
172.4499969482422
172.4199981689453
172.40499877929688
172.39500427246094
172.3000030517578
172.30499267578125
172.2550048828125
172.24000549316406
172.22999572753906
172.14999389648438
172.1199951171875
172.0800018310547
172.1201934814453
172.12429809570312
172.15499877929688
172.16000366210938
172.1699981689453
172.1999969482422
172.1999969482422
172.21279907226562
172.2100067138672
172.18499755859375
172.25
172.2899932861328
172.3000030517578
172.24000549316406
172.1544952392578
172.1822967529297
172.11000061035156
172.10000610351562
172.0930938720703
172.0749969482422
172.05999755859375
172.05999755859375
172.08999633789062
172.07000732421875
172.0500030517578
172.05999755859375
172.02000427246094
172.0399932861328
172.0500030517578
172.02999877929688
172.02999877929688
172.02999877929688
172.02999877929688
172.02999877929688
172.10000610351562
172.11000061035156
172.1300048828125
172.10009765625
172.22000122070312
172.22999572753906
172.2899932861328
172.4499969482422
172.4199981689453
172.38999938964844
172.41000366210938
172.22999572753906
172.3000030517578
172.25
172.31500244140625
172.3350067138672
172.3350067138672
172.32000732421875
172.35000610351562
172.3699951171875
172.36000061035156
172.35000610351562
172.35499572753906
172.3896026611328
172.3300018310547
172.33999633789062
172.34500122070312
172.39500427246094
172.27000427246094
172.25
172.22000122070312
172.2949981689453
172.30999755859375
172.38499450683594
172.35499572753906
172.35499572753906
172.33999633789062
172.3800048828125
172.3800048828125
172.39999389648438
172.35989379882812
172.34500122070312
172.3000030517578
172.25
172.25999450683594
172.25999450683594
172.2100067138672
172.22999572753906
172.2899932861328
172.2050018310547
172.16000366210938
172.19000244140625
172.2100067138672
172.1699981689453
172.17999267578125
172.19000244140625
172.19000244140625
172.25
172.29110717773438
172.32000732421875
172.2899932861328
172.2899932861328
172.3249969482422
172.32000732421875
172.34500122070312
172.3000030517578
172.32000732421875
172.27999877929688
172.23500061035156
172.22999572753906
172.19000244140625
172.22000122070312
172.2100067138672
172.13999938964844
172.09500122070312
172.11000061035156
172.11500549316406
172.13499450683594
172.14999389648438
172.1251983642578
172.13999938964844
172.15499877929688
172.17669677734375
172.13360595703125
172.17999267578125
172.1649932861328
172.19000244140625
172.17999267578125
172.1999969482422
172.281005859375
172.27499389648438
172.24000549316406
172.26499938964844
172.23500061035156
172.22999572753906
172.22999572753906
172.28500366210938
172.22999572753906
172.22999572753906
172.2949981689453
172.30999755859375
172.30499267578125
172.32000732421875
172.25999450683594
172.2617950439453
172.2100067138672
172.2174072265625
172.2050018310547
172.2050018310547
172.14999389648438
172.14999389648438
172.10499572753906
172.14610290527344
172.11000061035156
172.13999938964844
172.10000610351562
172.1199951171875
172.1750030517578
172.22000122070312
172.1999969482422
172.1417999267578
172.1750030517578
172.16000366210938
172.25
172.2899932861328
172.25
172.22000122070312
172.2100067138672
172.22999572753906
172.21279907226562
172.25
172.24000549316406
172.22000122070312
172.24000549316406
172.2100067138672
172.1999969482422
172.2050018310547
172.22500610351562
172.2550048828125
172.32000732421875
172.2899932861328
172.3000030517578
172.3000030517578
172.2899932861328
172.3000030517578
172.3000030517578
172.30999755859375
172.31689453125
172.32000732421875
172.33999633789062
172.43930053710938
172.47000122070312
172.4499969482422
172.47000122070312
172.42999267578125
172.38999938964844
172.36000061035156
172.3699951171875
172.4199981689453
172.41000366210938
172.41000366210938
172.38980102539062
172.32000732421875
172.30999755859375
172.38999938964844
172.43499755859375
172.43429565429688
172.4499969482422
172.4250030517578
172.38999938964844
172.38999938964844
172.38999938964844
172.4499969482422
172.45989990234375
172.44000244140625
172.47000122070312
172.49000549316406
172.47000122070312
172.4199981689453
172.38999938964844
172.39999389648438
172.3699951171875
172.2740020751953
172.2899932861328
172.25
172.30999755859375
172.3300018310547
172.39500427246094
172.45640563964844
172.39999389648438
172.42999267578125
172.4199981689453
172.4250030517578
172.39999389648438
172.36000061035156
172.33999633789062
172.2899932861328
172.2100067138672
172.08999633789062
172.07000732421875
172.11000061035156
172.14999389648438
172.16000366210938
172.14999389648438
172.11500549316406
171.97999572753906
172.07000732421875
172.125
172.07000732421875
171.99000549316406
171.99000549316406
171.97999572753906
172.02999877929688
172.07000732421875
171.9199981689453
171.9199981689453
171.94000244140625
171.94000244140625
171.9499969482422
171.9199981689453
171.9199981689453
171.9199981689453
171.8000030517578
171.75999450683594
171.75999450683594
171.72000122070312
171.72000122070312
171.75999450683594
171.69000244140625
171.61000061035156
