150.08999633789062
150.25
150.27049255371094
150.40499877929688
150.0850067138672
149.59500122070312
149.63999938964844
149.593994140625
149.875
149.75999450683594
149.77000427246094
149.7550048828125
149.59750366210938
149.69500732421875
149.8000030517578
149.74000549316406
149.90240478515625
149.97999572753906
149.9550018310547
149.885498046875
149.82000732421875
149.69749450683594
149.7899932861328
149.83999633789062
149.875
149.9199981689453
149.64999389648438
149.7548065185547
149.7449951171875
149.6999969482422
149.69000244140625
149.63999938964844
149.58999633789062
149.4199981689453
149.5500030517578
149.44000244140625
149.44000244140625
149.47000122070312
149.27000427246094
149.13999938964844
149.27000427246094
149.30499267578125
149.30499267578125
149.27000427246094
149.35000610351562
149.37989807128906
149.17999267578125
149.3300018310547
149.13999938964844
149.16290283203125
149.1367950439453
149.1199951171875
149.17999267578125
149.14999389648438
149.17999267578125
149.1199951171875
149.22000122070312
149.22000122070312
149.04989624023438
148.86000061035156
149.00999450683594
149.07000732421875
149.10000610351562
149.32000732421875
149.43499755859375
149.3699951171875
149.50999450683594
149.55459594726562
149.52000427246094
149.60000610351562
149.42999267578125
149.44000244140625
149.52000427246094
149.4250030517578
149.41000366210938
149.4199981689453
149.52000427246094
149.5
149.61000061035156
149.68499755859375
149.6999969482422
149.69500732421875
149.52999877929688
149.56500244140625
149.61000061035156
149.77000427246094
149.75
149.69000244140625
149.61000061035156
149.46499633789062
149.4281005859375
149.52999877929688
149.59500122070312
149.72500610351562
149.69000244140625
149.58749389648438
149.58999633789062
149.6501007080078
149.58999633789062
149.47000122070312
149.47999572753906
149.4499969482422
149.3000030517578
149.1999969482422
149.11000061035156
149.06500244140625
149.27999877929688
149.3699951171875
149.36000061035156
149.28829956054688
149.3300018310547
149.35000610351562
149.19940185546875
149.25
149.1199951171875
149.02999877929688
149.02999877929688
149.14999389648438
149.11000061035156
149.0800018310547
149.13999938964844
149.0850067138672
149.17999267578125
149.24000549316406
149.33999633789062
149.375
149.32000732421875
149.2899932861328
149.3000030517578
149.31500244140625
149.27000427246094
149.17999267578125
149.1199951171875
149.16000366210938
149.02999877929688
149.10000610351562
149.07000732421875
149.14999389648438
149.17999267578125
149.07000732421875
149.05999755859375
149.08999633789062
149.0760040283203
149.0500030517578
148.99000549316406
148.97999572753906
149.0399932861328
149.08999633789062
149.0800018310547
149.0800018310547
148.97000122070312
148.8000030517578
148.7899932861328
148.83999633789062
148.9600067138672
149.05499267578125
148.99000549316406
148.94000244140625
148.8990020751953
148.9499969482422
149.05999755859375
149.00999450683594
149.05999755859375
149.07000732421875
149.1699981689453
149.10870361328125
149.10000610351562
149.05999755859375
149.07000732421875
149.0500030517578
149.13499450683594
149.08999633789062
149.1699981689453
149.19000244140625
149.25
149.3800048828125
149.3699951171875
149.2821044921875
149.2100067138672
149.22000122070312
149.14999389648438
149.1199951171875
149.1199951171875
149.11500549316406
149.19000244140625
149.22860717773438
149.3000030517578
149.44000244140625
149.4832000732422
149.47000122070312
149.49989318847656
149.5500030517578
149.50999450683594
149.47000122070312
149.56039428710938
149.7100067138672
149.7100067138672
149.6501007080078
149.6699981689453
149.7100067138672
149.6750030517578
149.6999969482422
149.67630004882812
149.6999969482422
149.75999450683594
149.8800048828125
149.83999633789062
149.82000732421875
149.77499389648438
149.75
149.8000030517578
149.89999389648438
149.8990020751953
149.83999633789062
149.8000030517578
149.86500549316406
149.89999389648438
149.94979858398438
149.97000122070312
150.00999450683594
150.0399932861328
150.05999755859375
150.03990173339844
149.97000122070312
149.9936981201172
150.02000427246094
149.94000244140625
149.91990661621094
149.88999938964844
150.00999450683594
150.02000427246094
150.1999969482422
150.17999267578125
150.14500427246094
150.125
150.07000732421875
150.01499938964844
149.97000122070312
149.8979949951172
149.86000061035156
149.86000061035156
149.89300537109375
149.94000244140625
149.91000366210938
149.92999267578125
149.94000244140625
149.91000366210938
149.99000549316406
150.0
150.00999450683594
149.97999572753906
149.98390197753906
149.99000549316406
149.99000549316406
150.0
149.99000549316406
149.97000122070312
149.9001007080078
149.9550018310547
149.9499969482422
149.94000244140625
149.94000244140625
149.99000549316406
149.94500732421875
150.01890563964844
150.02999877929688
150.023193359375
150.02999877929688
150.02000427246094
150.0050048828125
150.02999877929688
149.97999572753906
150.0
150.0500030517578
150.0500030517578
150.1199951171875
150.03900146484375
150.02999877929688
149.9600067138672
150.0
149.97000122070312
150.00999450683594
150.0
150.0800018310547
150.00999450683594
150.0399932861328
150.0800018310547
150.09500122070312
150.1199951171875
150.08999633789062
150.1096954345703
150.14999389648438
150.14999389648438
150.1199951171875
150.11000061035156
150.0800018310547
150.07130432128906
150.08999633789062
150.11500549316406
150.10699462890625
150.0800018310547
150.05999755859375
150.0500030517578
150.08999633789062
150.08999633789062
150.0850067138672
150.16000366210938
150.1300048828125
150.11500549316406
150.13999938964844
150.11000061035156
150.13999938964844
150.13499450683594
150.19000244140625
150.22999572753906
150.19000244140625
150.16000366210938
150.19500732421875
150.19000244140625
150.1999969482422
150.2899932861328
150.22000122070312
150.25
150.2799072265625
150.36000061035156
150.43499755859375
150.3800048828125
150.38560485839844
150.35000610351562
150.42999267578125
150.5399932861328
150.5749969482422
150.5399932861328
150.67999267578125
150.69000244140625
150.7899932861328
150.77999877929688
150.8000030517578
150.8300018310547
150.8800048828125
150.87269592285156
150.88999938964844
150.93499755859375
151.00999450683594
151.02999877929688
150.9949951171875
150.97000122070312
150.9250030517578
150.99000549316406
151.0
150.92999267578125
150.94000244140625
150.83999633789062
150.8249969482422
150.77000427246094
150.72000122070312
150.68499755859375
150.7823028564453
150.8509063720703
150.86000061035156
150.88999938964844
150.9001007080078
150.9600067138672
150.94000244140625
150.9499969482422
150.97999572753906
150.89999389648438
150.9550018310547
150.99000549316406
150.97000122070312
150.9499969482422
150.9600067138672
150.97999572753906
150.94500732421875
150.9600067138672
150.97999572753906
151.0
151.0399932861328
151.0500030517578
151.02499389648438
151.11839294433594
151.13999938964844
151.17999267578125
151.19500732421875
151.24000549316406
151.24000549316406
151.22000122070312
151.3350067138672
151.30999755859375
151.38999938964844
151.3800048828125
151.3800048828125
151.375
151.42999267578125
151.57000732421875
151.5998992919922
151.58990478515625
151.5800018310547
151.44000244140625
151.53550720214844
151.4499969482422
151.52000427246094
151.52000427246094
151.58999633789062
151.65989685058594
151.66000366210938
151.64999389648438
151.67999267578125
151.7100067138672
151.6999969482422
151.69009399414062
151.64999389648438
151.66000366210938
151.6300048828125
151.64999389648438
151.60000610351562
151.60000610351562
151.57000732421875
151.60000610351562
151.55999755859375
151.52000427246094
151.5850067138672
151.57000732421875
151.6699981689453
151.68980407714844
151.7100067138672
151.75
151.67999267578125
151.6699981689453
151.66009521484375
151.6300048828125
151.77999877929688
151.80499267578125
151.80999755859375
151.75999450683594
151.85499572753906
151.7949981689453
151.7866973876953
151.7899932861328
151.86000061035156
151.7899932861328
151.79200744628906
151.78250122070312
151.72999572753906
151.77000427246094
151.92999267578125
151.96499633789062
151.97000122070312
151.91000366210938
151.91000366210938
151.875
151.88999938964844
151.9499969482422
151.96499633789062
151.96139526367188
152.0449981689453
152.06500244140625
152.11000061035156
152.2100067138672
152.25
152.25999450683594
152.24000549316406
152.2050018310547
152.24000549316406
152.30999755859375
152.39999389648438
152.32000732421875
152.35000610351562
152.35499572753906
152.42999267578125
152.36500549316406
152.4600067138672
152.41000366210938
152.36000061035156
152.42999267578125
152.518798828125
152.6199951171875
152.50999450683594
152.47000122070312
152.5
152.51519775390625
152.5
152.50999450683594
152.56129455566406
152.48989868164062
152.5500030517578
152.56570434570312
152.6199951171875
152.56190490722656
152.5399932861328
152.4949951171875
152.48500061035156
152.3800048828125
152.4600067138672
152.52499389648438
152.47000122070312
152.4499969482422
152.4185028076172
152.5
152.52330017089844
152.52000427246094
152.4824981689453
152.5
152.52999877929688
152.5
152.5500030517578
152.49000549316406
152.5
152.5
152.48500061035156
152.5800018310547
152.60000610351562
152.57000732421875
152.5800018310547
152.58900451660156
152.57000732421875
152.5500030517578
152.57009887695312
152.6199951171875
152.66360473632812
152.6999969482422
152.6699981689453
152.63999938964844
152.66000366210938
152.65499877929688
152.67999267578125
152.67999267578125
152.57000732421875
152.60000610351562
152.6300048828125
152.68499755859375
152.7100067138672
152.8000030517578
152.8800048828125
152.94000244140625
152.9600067138672
152.97000122070312
152.96499633789062
153.0399932861328
153.02999877929688
153.10499572753906
153.1300048828125
153.11000061035156
153.0500030517578
153.00999450683594
153.02000427246094
153.02999877929688
153.02499389648438
152.92999267578125
152.89999389648438
152.93499755859375
152.89999389648438
152.94000244140625
152.9499969482422
152.97000122070312
152.99000549316406
153.0
153.0496063232422
153.0762939453125
153.1300048828125
153.14999389648438
153.15499877929688
153.1750030517578
153.2100067138672
153.19000244140625
153.1748046875
153.2200927734375
153.32000732421875
153.34979248046875
153.3000030517578
153.27000427246094
153.27999877929688
153.375
153.375
153.42999267578125
153.4149932861328
153.3800048828125
153.4250030517578
153.49000549316406
153.46530151367188
153.4199981689453
153.39500427246094
153.35000610351562
153.32000732421875
153.28500366210938
153.13999938964844
153.05499267578125
153.05999755859375
153.031005859375
152.97000122070312
153.07000732421875
152.99569702148438
152.87890625
153.1300048828125
153.26499938964844
153.2100067138672
153.11000061035156
153.14999389648438
153.02020263671875
153.14500427246094
153.22999572753906
153.05999755859375
153.07000732421875
153.13999938964844
153.13999938964844
153.17770385742188
153.1750030517578
153.3300018310547
153.25999450683594
153.14999389648438
153.22999572753906
153.2100067138672
153.13999938964844
153.0
152.8000030517578
152.64999389648438
152.6199951171875
