61.345001220703125
61.279998779296875
61.40999984741211
61.45000076293945
61.470001220703125
61.5099983215332
61.4900016784668
61.41999816894531
61.48500061035156
61.51499938964844
61.47999954223633
61.529998779296875
61.48500061035156
61.46500015258789
61.59000015258789
61.54999923706055
61.6150016784668
61.625
61.665000915527344
61.6349983215332
61.630001068115234
61.599998474121094
61.540000915527344
61.51499938964844
61.560001373291016
61.5
61.505001068115234
61.494998931884766
61.47999954223633
61.42499923706055
61.41999816894531
61.41999816894531
61.415000915527344
61.42499923706055
61.45500183105469
61.52000045776367
61.47050094604492
61.46799850463867
61.40999984741211
61.40999984741211
61.415000915527344
61.459999084472656
61.404998779296875
61.372501373291016
61.400001525878906
61.3650016784668
61.29499816894531
61.31999969482422
61.33869934082031
61.3849983215332
61.341800689697266
61.319400787353516
61.28499984741211
61.25
61.209999084472656
61.165000915527344
61.220001220703125
61.189998626708984
61.16999816894531
61.099998474121094
61.09000015258789
61.13949966430664
61.13999938964844
61.165000915527344
61.220001220703125
61.22999954223633
61.29999923706055
61.29499816894531
61.27989959716797
61.189998626708984
61.17499923706055
61.16999816894531
61.13999938964844
61.130001068115234
61.13999938964844
61.11109924316406
61.05500030517578
61.02000045776367
60.98500061035156
60.9900016784668
60.97999954223633
60.970001220703125
60.994998931884766
61.005001068115234
60.95500183105469
60.935001373291016
60.94499969482422
60.900001525878906
60.86000061035156
60.79999923706055
60.779998779296875
60.755001068115234
60.79999923706055
60.76499938964844
60.76499938964844
60.779998779296875
60.7599983215332
60.720001220703125
60.67499923706055
60.665000915527344
60.63999938964844
60.61000061035156
60.599998474121094
60.584999084472656
60.61000061035156
60.619998931884766
60.66999816894531
60.70000076293945
60.72999954223633
60.7599983215332
60.779998779296875
60.73500061035156
60.689998626708984
60.685001373291016
60.72999954223633
60.73500061035156
60.73500061035156
60.720001220703125
60.724998474121094
60.72999954223633
60.76499938964844
60.79999923706055
60.85499954223633
60.8650016784668
60.86149978637695
60.8650016784668
60.845001220703125
60.849998474121094
60.845001220703125
60.834999084472656
60.869998931884766
60.84000015258789
60.834999084472656
60.825401306152344
60.79999923706055
60.810001373291016
60.8849983215332
60.89500045776367
60.88999938964844
60.86000061035156
60.85319900512695
60.880001068115234
60.869998931884766
60.84000015258789
60.867000579833984
60.869998931884766
60.845001220703125
60.834999084472656
60.85499954223633
60.81999969482422
60.845001220703125
60.869998931884766
60.900001525878906
60.9900016784668
61.0
61.03499984741211
61.005001068115234
61.0099983215332
61.005001068115234
61.06949996948242
61.11000061035156
61.09000015258789
61.08000183105469
61.06999969482422
61.06999969482422
61.07500076293945
61.06999969482422
61.084999084472656
61.084999084472656
61.06999969482422
61.095001220703125
61.060001373291016
61.130001068115234
61.1150016784668
61.14500045776367
61.150001525878906
61.150001525878906
61.119998931884766
61.09000015258789
61.10499954223633
61.11750030517578
61.130001068115234
61.154998779296875
61.165000915527344
61.18000030517578
61.19499969482422
61.20500183105469
61.22719955444336
61.25
61.20500183105469
61.2400016784668
61.2400016784668
61.20500183105469
61.209999084472656
61.20500183105469
61.209999084472656
61.220001220703125
61.19499969482422
61.20500183105469
61.224998474121094
61.22999954223633
61.2671012878418
61.279998779296875
61.275001525878906
61.279998779296875
61.310001373291016
61.28499984741211
61.29999923706055
61.25
61.279998779296875
61.27040100097656
61.2400016784668
61.224998474121094
61.21500015258789
61.20009994506836
61.20500183105469
61.209999084472656
61.224998474121094
61.23249816894531
61.2400016784668
61.27000045776367
61.274600982666016
61.26499938964844
61.275001525878906
61.275001525878906
61.275001525878906
61.24380111694336
61.220001220703125
61.209999084472656
61.244998931884766
61.2400016784668
61.2599983215332
61.27000045776367
61.25
61.275001525878906
61.275001525878906
61.279998779296875
61.26499938964844
61.255001068115234
61.27000045776367
61.2599983215332
61.290000915527344
61.29499816894531
61.26499938964844
61.2599983215332
61.275001525878906
61.27000045776367
61.28499984741211
61.29499816894531
61.310001373291016
61.290000915527344
61.29999923706055
61.314998626708984
61.310001373291016
61.32500076293945
61.314998626708984
61.314998626708984
61.29999923706055
61.30500030517578
61.30500030517578
61.308998107910156
61.28499984741211
61.310001373291016
61.29999923706055
61.314998626708984
61.310001373291016
61.32350158691406
61.30500030517578
61.33000183105469
61.314998626708984
61.31999969482422
61.335601806640625
61.34000015258789
61.32500076293945
61.31999969482422
61.36000061035156
61.34000015258789
61.310001373291016
61.28990173339844
61.290000915527344
61.29499816894531
61.29999923706055
61.31610107421875
61.29999923706055
61.30509948730469
61.30500030517578
61.314998626708984
61.33000183105469
61.35499954223633
61.349998474121094
61.35499954223633
61.349998474121094
61.349998474121094
61.345001220703125
61.34000015258789
61.32500076293945
61.31669998168945
61.314998626708984
61.34000015258789
61.314998626708984
61.30500030517578
61.30500030517578
61.290000915527344
61.29309844970703
61.29499816894531
61.28499984741211
61.290000915527344
61.29499816894531
61.29499816894531
61.275001525878906
61.29499816894531
61.29499816894531
61.290000915527344
61.316898345947266
61.314998626708984
61.29990005493164
61.28499984741211
61.282501220703125
61.28609848022461
61.29999923706055
61.314998626708984
61.314998626708984
61.32699966430664
61.347599029541016
61.37009811401367
61.404998779296875
61.3650016784668
61.375
61.404998779296875
61.435001373291016
61.445098876953125
61.44499969482422
61.415000915527344
61.41999816894531
61.404998779296875
61.43000030517578
61.438201904296875
61.4364013671875
61.435001373291016
61.42499923706055
61.415000915527344
61.442501068115234
61.44499969482422
61.42499923706055
61.435001373291016
61.39500045776367
61.39500045776367
61.375
61.369998931884766
61.375
61.3650016784668
61.35499954223633
61.334999084472656
61.34000015258789
61.345001220703125
61.31999969482422
61.33000183105469
61.36000061035156
61.349998474121094
61.339900970458984
61.334999084472656
61.349998474121094
61.345001220703125
61.33000183105469
61.32500076293945
61.314998626708984
61.290000915527344
61.26499938964844
61.279998779296875
61.2599983215332
61.255001068115234
61.25
61.23500061035156
61.22200012207031
61.22999954223633
61.224998474121094
61.2400016784668
61.23500061035156
61.210601806640625
61.20500183105469
61.212799072265625
61.209999084472656
61.19499969482422
61.18000030517578
61.185001373291016
61.20500183105469
61.189998626708984
61.220001220703125
61.20000076293945
61.209999084472656
61.20500183105469
61.21500015258789
61.20500183105469
61.19499969482422
61.255001068115234
61.255001068115234
61.244998931884766
61.22999954223633
61.185001373291016
61.19499969482422
61.150001525878906
61.154998779296875
61.17499923706055
61.17499923706055
61.165000915527344
61.176700592041016
61.165000915527344
61.14500045776367
61.165000915527344
61.14500045776367
61.150001525878906
61.125
61.125
61.119998931884766
61.1150016784668
61.09619903564453
61.064998626708984
61.060001373291016
61.07529830932617
61.07500076293945
61.099998474121094
61.11000061035156
61.084999084472656
61.095001220703125
61.099998474121094
61.084999084472656
61.119998931884766
61.10499954223633
61.099998474121094
61.095001220703125
61.064998626708984
61.10499954223633
61.099998474121094
61.07569885253906
61.05500030517578
61.10499954223633
61.07500076293945
61.08000183105469
61.095001220703125
61.099998474121094
61.1150016784668
61.10499954223633
61.099998474121094
61.095001220703125
61.102500915527344
61.119998931884766
61.119998931884766
61.1150016784668
61.119998931884766
61.10499954223633
61.130001068115234
61.1150016784668
61.1150016784668
61.1150016784668
61.099998474121094
61.064998626708984
61.06999969482422
61.060001373291016
61.084999084472656
61.095001220703125
61.084999084472656
61.07500076293945
61.064998626708984
61.064998626708984
61.08000183105469
61.09579849243164
61.084999084472656
61.09000015258789
61.095001220703125
61.099998474121094
61.08000183105469
61.083499908447266
61.095001220703125
61.10850143432617
61.099998474121094
61.095001220703125
61.1349983215332
61.150001525878906
61.1349983215332
61.14400100708008
61.15999984741211
61.1349983215332
61.14830017089844
61.17499923706055
61.150001525878906
61.1599006652832
61.20000076293945
61.21500015258789
61.21500015258789
61.20000076293945
61.19499969482422
61.20000076293945
61.17499923706055
61.154998779296875
61.14500045776367
61.125
61.1349983215332
61.125
61.1150016784668
61.125
61.125
61.130001068115234
61.1349983215332
61.154998779296875
61.165000915527344
61.20000076293945
61.185001373291016
61.165000915527344
61.154998779296875
61.154998779296875
61.20000076293945
61.20000076293945
61.19499969482422
61.20000076293945
61.19499969482422
61.20500183105469
61.19499969482422
61.21070098876953
61.209999084472656
61.2234992980957
61.21500015258789
61.224998474121094
61.224998474121094
61.23500061035156
61.25
61.254798889160156
61.27000045776367
61.2400016784668
61.279998779296875
61.279998779296875
61.28499984741211
61.29999923706055
61.290000915527344
61.29999923706055
61.310001373291016
61.31999969482422
61.334999084472656
61.34000015258789
61.349998474121094
61.345001220703125
61.380001068115234
61.37799835205078
61.3849983215332
61.35499954223633
61.349998474121094
61.35499954223633
61.345001220703125
61.34450149536133
61.334999084472656
61.32500076293945
61.31999969482422
61.345001220703125
61.34000015258789
61.334999084472656
61.32500076293945
61.334999084472656
61.31999969482422
61.314998626708984
61.30500030517578
61.32500076293945
61.34000015258789
61.334999084472656
61.334999084472656
61.334999084472656
61.32500076293945
61.314998626708984
61.32500076293945
61.345001220703125
61.345001220703125
61.314998626708984
61.29999923706055
61.29499816894531
61.334999084472656
61.32500076293945
61.334999084472656
61.314998626708984
61.30500030517578
61.279998779296875
61.290000915527344
61.30500030517578
61.28379821777344
61.2599983215332
61.26499938964844
61.25
61.22999954223633
61.189998626708984
61.20000076293945
61.20920181274414
61.23500061035156
61.20500183105469
61.220001220703125
61.17499923706055
61.150001525878906
61.165000915527344
61.19499969482422
61.165000915527344
61.13999938964844
61.14500045776367
61.13999938964844
61.20000076293945
61.18000030517578
61.1150016784668
61.119998931884766
61.119998931884766
61.095001220703125
61.084999084472656
61.084999084472656
61.11000061035156
61.04499816894531
61.03499984741211
61.0099983215332
61.025001525878906
61.04999923706055
61.04499816894531
61.0099983215332
60.96500015258789
60.970001220703125
