260.2300109863281
260.2349853515625
259.7300109863281
259.91009521484375
260.0
259.9241943359375
259.9700012207031
259.95001220703125
260.04998779296875
260.0199890136719
259.8999938964844
260.135009765625
259.989990234375
259.6700134277344
259.8999938964844
259.8900146484375
259.8900146484375
259.989990234375
260.06500244140625
260.1499938964844
260.2300109863281
259.9599914550781
259.9209899902344
259.7900085449219
259.92498779296875
259.9700012207031
260.1499938964844
260.2699890136719
260.4100036621094
260.0299987792969
260.1199951171875
260.010009765625
260.05999755859375
259.910888671875
259.8800048828125
259.8699951171875
259.8699951171875
259.510009765625
259.4966125488281
259.2200012207031
259.30999755859375
259.30499267578125
259.32000732421875
259.1700134277344
259.3900146484375
259.1499938964844
259.2099914550781
259.05999755859375
259.07000732421875
259.2099914550781
259.1400146484375
259.57000732421875
259.32000732421875
259.2900085449219
259.25
259.375
259.3290100097656
259.260009765625
259.1400146484375
258.9100036621094
258.9100036621094
258.8699951171875
258.8800048828125
258.9800109863281
259.0299987792969
259.0299987792969
259.40399169921875
259.4359130859375
259.5461120605469
259.6600036621094
259.6099853515625
259.4877014160156
259.5
259.4574890136719
259.3800048828125
259.55999755859375
259.5199890136719
259.3500061035156
259.25
259.2300109863281
259.2200012207031
259.25
259.3999938964844
259.3999938964844
259.239990234375
259.30499267578125
259.260009765625
259.2200012207031
259.1499938964844
258.8450012207031
258.8039855957031
258.7799987792969
258.7550048828125
258.7200012207031
258.5899963378906
258.66668701171875
258.6400146484375
258.5799865722656
258.3699951171875
258.2699890136719
258.2799987792969
258.239990234375
258.2099914550781
257.9949951171875
257.8699951171875
258.260009765625
258.2814025878906
258.2814025878906
258.3699951171875
258.2699890136719
258.40570068359375
258.2699890136719
258.1499938964844
258.1000061035156
258.010009765625
258.010009765625
257.8699951171875
257.8800048828125
257.8747863769531
257.9670104980469
258.0011901855469
257.7900085449219
258.0899963378906
258.0899963378906
258.30999755859375
258.42999267578125
258.5899963378906
258.5849914550781
258.739990234375
258.54998779296875
258.4599914550781
258.4599914550781
259.2049865722656
259.0450134277344
258.9100036621094
258.7850036621094
259.1000061035156
258.989990234375
258.9700012207031
258.7449951171875
258.70001220703125
258.6545104980469
258.7309875488281
258.614990234375
258.5299987792969
258.6600036621094
258.510009765625
258.510009765625
258.6650085449219
258.6650085449219
258.6099853515625
258.6099853515625
258.57000732421875
258.6400146484375
258.7799987792969
258.7749938964844
258.7699890136719
258.7300109863281
258.7300109863281
258.9800109863281
259.05999755859375
259.05999755859375
258.9949951171875
259.1549987792969
259.1050109863281
259.0849914550781
259.1000061035156
259.0390930175781
258.9100036621094
258.8900146484375
258.8900146484375
259.2250061035156
259.32000732421875
259.3349914550781
259.4580078125
259.55999755859375
259.55999755859375
259.55999755859375
259.3800048828125
259.239990234375
259.3500061035156
259.30999755859375
259.29998779296875
259.44000244140625
259.6199951171875
259.6499938964844
259.79998779296875
259.79998779296875
259.75
259.760009765625
259.9100036621094
259.9100036621094
259.9100036621094
259.94500732421875
260.20001220703125
260.0459899902344
260.2099914550781
260.0400085449219
260.0400085449219
260.0199890136719
260.0899963378906
260.2900085449219
260.4700012207031
260.3800048828125
260.3999938964844
260.49700927734375
260.3399963378906
260.3399963378906
260.3699951171875
260.364990234375
260.4100036621094
260.3999938964844
260.3999938964844
260.0899963378906
260.0
260.0799865722656
260.0400085449219
260.1600036621094
260.1773986816406
260.3341064453125
260.2550048828125
260.3399963378906
260.20599365234375
260.20599365234375
260.1400146484375
260.1400146484375
260.07000732421875
260.0
259.92010498046875
260.05999755859375
260.05999755859375
260.03460693359375
260.3399963378906
260.2799987792969
260.26690673828125
260.26690673828125
260.2749938964844
260.19000244140625
260.1449890136719
260.125
260.118408203125
260.135009765625
260.31988525390625
260.17999267578125
260.15399169921875
259.989990234375
260.0271911621094
260.0271911621094
260.0271911621094
260.4150085449219
260.3999938964844
260.2850036621094
260.2850036621094
260.2850036621094
260.43499755859375
260.375
260.4200134277344
260.4200134277344
260.4200134277344
260.4200134277344
260.37969970703125
260.44000244140625
260.3699951171875
260.3599853515625
260.3999938964844
260.42999267578125
260.4700012207031
260.57000732421875
260.5199890136719
260.5199890136719
260.42999267578125
260.50799560546875
260.50799560546875
260.4599914550781
260.5199890136719
260.75
260.6000061035156
260.6000061035156
260.6000061035156
260.3987121582031
260.2200012207031
260.2900085449219
260.364990234375
260.45001220703125
260.3299865722656
260.3299865722656
260.385009765625
260.3659973144531
260.4700012207031
260.4100036621094
260.4200134277344
260.5
260.5
260.55999755859375
260.6000061035156
260.5299987792969
260.50799560546875
260.54998779296875
260.75
260.69000244140625
260.69000244140625
260.5899963378906
260.5899963378906
260.5
260.4949951171875
260.45001220703125
260.54998779296875
260.6246032714844
260.6000061035156
260.4849853515625
260.4849853515625
260.4599914550781
260.4599914550781
260.4800109863281
260.5199890136719
260.5199890136719
260.45001220703125
260.45001220703125
260.4800109863281
260.4800109863281
260.6300048828125
260.5899963378906
260.6000061035156
260.6099853515625
260.64080810546875
260.8500061035156
260.7799987792969
260.7909851074219
260.80499267578125
261.0
261.0050048828125
261.055908203125
261.0
261.0
261.0299987792969
261.2349853515625
261.2349853515625
261.114990234375
261.1400146484375
261.2850036621094
261.2507019042969
261.239990234375
261.42999267578125
261.42498779296875
261.364990234375
261.23260498046875
261.2200012207031
261.2099914550781
261.19000244140625
261.260009765625
261.2550048828125
261.05999755859375
261.05499267578125
261.114990234375
261.19000244140625
261.239990234375
261.2799987792969
261.2799987792969
261.32501220703125
261.2799987792969
261.2887878417969
261.25
261.25
261.1700134277344
261.30499267578125
261.260009765625
261.07501220703125
261.07501220703125
261.0450134277344
261.06500244140625
260.92999267578125
260.989990234375
260.9259948730469
260.9100036621094
260.95001220703125
260.95001220703125
260.8800048828125
260.8800048828125
260.8900146484375
260.9198913574219
260.9200134277344
260.8900146484375
260.7749938964844
260.739990234375
260.67999267578125
260.6400146484375
260.6499938964844
260.760009765625
260.8349914550781
260.8900146484375
260.9049987792969
260.9049987792969
260.8399963378906
260.864990234375
261.04998779296875
261.07000732421875
260.9599914550781
260.94000244140625
260.7300109863281
260.8205871582031
260.7650146484375
260.8699951171875
260.9700012207031
260.9700012207031
260.9100036621094
260.9599914550781
260.9849853515625
260.92999267578125
260.92999267578125
260.9649963378906
261.06500244140625
260.9200134277344
260.9599914550781
261.04901123046875
261.05499267578125
260.9200134277344
260.8949890136719
260.9150085449219
260.92999267578125
260.8439025878906
260.9599914550781
260.9814147949219
261.0199890136719
260.9700012207031
260.9549865722656
260.8599853515625
260.9993896484375
260.94000244140625
261.01470947265625
260.9419860839844
260.8299865722656
260.8800048828125
260.9042053222656
260.82501220703125
260.82501220703125
260.9100036621094
260.8800048828125
260.7300109863281
260.7300109863281
260.7799987792969
260.6400146484375
260.6400146484375
260.5199890136719
260.56500244140625
260.4800109863281
260.6099853515625
260.6499938964844
260.5899963378906
260.6199951171875
260.58551025390625
260.58551025390625
260.5400085449219
260.5400085449219
260.5539855957031
260.6000061035156
260.3900146484375
260.32501220703125
260.32281494140625
260.45001220703125
260.45001220703125
260.43499755859375
260.43121337890625
260.3900146484375
260.5
260.5150146484375
260.5199890136719
260.635009765625
260.6000061035156
260.6099853515625
260.635009765625
260.5400085449219
260.5799865722656
260.6300048828125
260.6300048828125
260.57000732421875
260.5450134277344
260.6650085449219
260.6700134277344
260.7200012207031
260.7200012207031
260.67999267578125
260.7300109863281
260.80999755859375
260.95001220703125
260.8550109863281
260.9100036621094
260.9100036621094
260.989990234375
260.9599914550781
261.0299987792969
260.8999938964844
260.8450012207031
260.95001220703125
260.82000732421875
260.7699890136719
260.79998779296875
260.6860046386719
260.6695861816406
260.5849914550781
260.67498779296875
260.5849914550781
260.5849914550781
260.5849914550781
260.6600036621094
260.7699890136719
260.7283020019531
260.7049865722656
260.57000732421875
260.6650085449219
260.6549987792969
260.7149963378906
260.7770080566406
260.6199951171875
260.6499938964844
260.5899963378906
260.54998779296875
260.5450134277344
260.5
260.5199890136719
260.7049865722656
260.79998779296875
260.81500244140625
260.7900085449219
260.82000732421875
260.8500061035156
260.8599853515625
260.9049987792969
260.8900146484375
260.9200134277344
261.0299987792969
261.1050109863281
261.1400146484375
261.17999267578125
261.17999267578125
261.2099914550781
261.29998779296875
261.2900085449219
261.3550109863281
261.4150085449219
261.5799865722656
261.7300109863281
261.69500732421875
261.54998779296875
261.44500732421875
261.3599853515625
261.3752136230469
261.3752136230469
261.3900146484375
261.2850036621094
261.2900085449219
261.25
261.29998779296875
261.4200134277344
261.3800048828125
261.44000244140625
261.43499755859375
261.44000244140625
261.4150085449219
261.4100036621094
261.4700012207031
261.510009765625
261.4700012207031
261.42498779296875
261.4049987792969
261.3599853515625
261.30499267578125
261.3699951171875
261.3800048828125
261.43499755859375
261.42999267578125
261.38641357421875
261.3550109863281
261.3999938964844
261.53338623046875
261.5
261.6199951171875
261.5574035644531
261.3399963378906
261.35009765625
261.4100036621094
261.29998779296875
261.20001220703125
261.239990234375
261.0799865722656
261.0199890136719
260.8399963378906
260.9649963378906
261.0
261.0849914550781
260.94500732421875
260.9800109863281
260.7414855957031
260.5899963378906
260.6400146484375
260.864990234375
260.7799987792969
260.6099853515625
260.6099853515625
260.5050048828125
260.70001220703125
260.875
260.44000244140625
260.364990234375
260.364990234375
260.2950134277344
260.239990234375
260.3399963378906
260.3949890136719
260.2250061035156
260.17999267578125
260.1423034667969
260.2250061035156
260.1499938964844
260.2699890136719
260.1300048828125
260.05999755859375
260.0899963378906
