164.1699981689453
164.32000732421875
164.64999389648438
164.58999633789062
164.5
164.40570068359375
164.14999389648438
163.89999389648438
163.92999267578125
164.02499389648438
163.94000244140625
163.86000061035156
163.6385955810547
163.6199951171875
163.75999450683594
163.89500427246094
163.9600067138672
163.91000366210938
163.93499755859375
164.0399932861328
164.07000732421875
163.7899932861328
163.5800018310547
163.47999572753906
163.6699981689453
163.58999633789062
163.39999389648438
163.50840759277344
163.60000610351562
163.50999450683594
163.57000732421875
163.1925048828125
162.97999572753906
162.9167022705078
162.97999572753906
163.17999267578125
163.19000244140625
162.86000061035156
162.94000244140625
162.64999389648438
162.7100067138672
162.86500549316406
162.97000122070312
162.80499267578125
162.85020446777344
162.67999267578125
162.47000122070312
162.1999969482422
162.21400451660156
162.13999938964844
161.97000122070312
161.8925018310547
161.8800048828125
161.9600067138672
162.02999877929688
161.8249969482422
161.75999450683594
161.94000244140625
161.69630432128906
161.69000244140625
161.72999572753906
161.77000427246094
161.67999267578125
161.86000061035156
161.9781036376953
162.05999755859375
162.1300048828125
162.2550048828125
162.22500610351562
162.33999633789062
162.1199951171875
162.16000366210938
162.08999633789062
162.14999389648438
161.9499969482422
161.91000366210938
162.0399932861328
161.89610290527344
161.80999755859375
161.8300018310547
161.65499877929688
161.64500427246094
161.42999267578125
161.47000122070312
161.30999755859375
161.32000732421875
161.25
161.25999450683594
161.14999389648438
160.88999938964844
160.88999938964844
160.79629516601562
160.8699951171875
160.83999633789062
160.69630432128906
160.72479248046875
160.60499572753906
160.55999755859375
160.4105987548828
160.30999755859375
160.33999633789062
160.32000732421875
160.2698974609375
160.27999877929688
160.33999633789062
160.2454071044922
160.3000030517578
160.3000030517578
160.4499969482422
160.4741973876953
160.57000732421875
160.52499389648438
160.389892578125
160.57000732421875
160.57000732421875
160.6199951171875
160.6291961669922
160.5500030517578
160.4550018310547
160.58999633789062
160.52999877929688
160.5399932861328
160.55999755859375
160.6649932861328
160.72999572753906
160.8699951171875
160.85000610351562
160.84500122070312
160.92770385742188
160.8800048828125
160.97000122070312
160.8000030517578
160.77000427246094
160.6999969482422
160.65899658203125
160.63999938964844
160.67999267578125
160.77499389648438
160.9228057861328
160.6300048828125
160.64329528808594
160.74000549316406
160.6699981689453
160.68829345703125
160.65499877929688
160.78880310058594
160.7198944091797
160.8300018310547
160.88999938964844
160.9149932861328
160.67999267578125
160.69500732421875
160.67909240722656
160.77999877929688
160.89999389648438
160.9600067138672
160.9326934814453
160.92999267578125
160.9199981689453
161.0500030517578
161.1999969482422
161.07000732421875
161.00999450683594
161.0
161.0500030517578
161.0800018310547
161.03370666503906
161.0980987548828
161.05999755859375
161.0399932861328
161.12930297851562
161.10000610351562
161.16000366210938
161.27999877929688
161.22500610351562
161.1699981689453
161.19000244140625
161.05999755859375
161.11000061035156
161.11000061035156
161.1699981689453
161.22000122070312
161.30499267578125
161.25270080566406
161.2949981689453
161.27999877929688
161.33999633789062
161.50999450683594
161.50999450683594
161.40499877929688
161.50999450683594
161.6199951171875
161.39999389648438
161.41000366210938
161.40780639648438
161.39999389648438
161.40499877929688
161.3699951171875
161.22999572753906
161.2781982421875
161.27999877929688
161.36000061035156
161.34930419921875
161.3300018310547
161.41000366210938
161.42999267578125
161.38999938964844
161.36000061035156
161.3000030517578
161.42999267578125
161.50999450683594
161.49000549316406
161.4600067138672
161.49000549316406
161.42999267578125
161.4149932861328
161.44000244140625
161.52499389648438
161.59649658203125
161.5399932861328
161.52000427246094
161.52999877929688
161.4199981689453
161.34500122070312
161.38999938964844
161.47000122070312
161.30499267578125
161.25
161.22970581054688
161.27999877929688
161.2100067138672
161.32069396972656
161.27000427246094
161.16000366210938
161.11000061035156
161.02000427246094
160.93499755859375
160.77499389648438
160.8300018310547
160.8300018310547
160.86500549316406
160.89500427246094
160.8300018310547
160.80499267578125
160.75
160.72000122070312
160.74000549316406
160.7801055908203
160.8699951171875
160.85499572753906
160.77499389648438
160.85000610351562
160.83999633789062
160.7899932861328
160.8249969482422
160.7449951171875
160.7655029296875
160.57000732421875
160.52000427246094
160.58999633789062
160.5399932861328
160.5850067138672
160.66000366210938
160.6199951171875
160.74000549316406
160.7100067138672
160.8000030517578
160.85000610351562
160.9600067138672
160.83999633789062
160.9199981689453
160.8800048828125
160.77000427246094
160.80999755859375
160.8050994873047
160.88999938964844
160.8574981689453
160.75
160.69000244140625
160.61000061035156
160.63999938964844
160.64500427246094
160.63999938964844
160.63999938964844
160.6300048828125
160.64999389648438
160.63760375976562
160.55999755859375
160.6199951171875
160.6199951171875
160.63009643554688
160.6300048828125
160.6649932861328
160.66000366210938
160.67559814453125
160.63999938964844
160.57000732421875
160.51710510253906
160.60499572753906
160.6199951171875
160.58999633789062
160.56280517578125
160.58999633789062
160.6199951171875
160.6199951171875
160.55999755859375
160.5
160.4600067138672
160.3800048828125
160.375
160.375
160.36000061035156
160.33999633789062
160.3699951171875
160.38999938964844
160.33970642089844
160.25
160.27999877929688
160.2949981689453
160.3686981201172
160.43499755859375
160.37319946289062
160.38999938964844
160.35000610351562
160.4499969482422
160.5684051513672
160.47999572753906
160.50999450683594
160.49000549316406
160.6199951171875
160.72500610351562
160.69500732421875
160.72000122070312
160.75120544433594
160.7949981689453
160.94000244140625
161.02999877929688
160.9149932861328
160.91619873046875
160.92999267578125
160.92999267578125
160.89999389648438
160.94000244140625
161.05999755859375
160.99000549316406
160.8800048828125
160.86459350585938
160.88999938964844
160.91000366210938
160.89500427246094
160.8343963623047
160.78500366210938
160.69000244140625
160.66050720214844
160.6300048828125
160.5
160.52000427246094
160.57000732421875
160.4600067138672
160.56199645996094
160.5399932861328
160.6123046875
160.57000732421875
160.5800018310547
160.60000610351562
160.54490661621094
160.52999877929688
160.46499633789062
160.47000122070312
160.4600067138672
160.38999938964844
160.44000244140625
160.38999938964844
160.40499877929688
160.41969299316406
160.4199981689453
160.3800048828125
160.39010620117188
160.42999267578125
160.40499877929688
160.3594970703125
160.3300018310547
160.30499267578125
160.33999633789062
160.3699951171875
160.42999267578125
160.4199981689453
160.41000366210938
160.49339294433594
160.59010314941406
160.5399932861328
160.44960021972656
160.47999572753906
160.52000427246094
160.60000610351562
160.6199951171875
160.61000061035156
160.60629272460938
160.5
160.5782012939453
160.4600067138672
160.4600067138672
160.51499938964844
160.48269653320312
160.33999633789062
160.30999755859375
160.3000030517578
160.30999755859375
160.33999633789062
160.30499267578125
160.32000732421875
160.17999267578125
160.14999389648438
160.2281951904297
160.1300048828125
160.1300048828125
160.13999938964844
160.13999938964844
160.19920349121094
160.19000244140625
160.18499755859375
160.1999969482422
160.25
160.33999633789062
160.310302734375
160.31480407714844
160.34249877929688
160.22999572753906
160.22410583496094
160.22000122070312
160.19000244140625
160.31869506835938
160.3699951171875
160.32000732421875
160.25
160.39990234375
160.42990112304688
160.3699951171875
160.375
160.39999389648438
160.38999938964844
160.4149932861328
160.41000366210938
160.3260040283203
160.38499450683594
160.43499755859375
160.50950622558594
160.4550018310547
160.50379943847656
160.5048065185547
160.5
160.4882049560547
160.4925994873047
160.4748992919922
160.41000366210938
160.4199981689453
160.3800048828125
160.39999389648438
160.42999267578125
160.45590209960938
160.33999633789062
160.27999877929688
160.32339477539062
160.32000732421875
160.41000366210938
160.42999267578125
160.38499450683594
160.4199981689453
160.41000366210938
160.40499877929688
160.3300018310547
160.33999633789062
160.36000061035156
160.30999755859375
160.3000030517578
160.3300018310547
160.4199981689453
160.41029357910156
160.41050720214844
160.41000366210938
160.52000427246094
160.50999450683594
160.52000427246094
160.74000549316406
160.55999755859375
160.6300048828125
160.64999389648438
160.6800994873047
160.7050018310547
160.6999969482422
160.6699981689453
160.7100067138672
160.69000244140625
160.64939880371094
160.6300048828125
160.64999389648438
160.60989379882812
160.58999633789062
160.5800018310547
160.63999938964844
160.63999938964844
160.66000366210938
160.7100067138672
160.8000030517578
160.7949981689453
160.7899932861328
160.72189331054688
160.63999938964844
160.66000366210938
160.6199951171875
160.66000366210938
160.75
160.78500366210938
160.7899932861328
160.75650024414062
160.69000244140625
160.63999938964844
160.6300048828125
160.6999969482422
160.72999572753906
160.75999450683594
160.82000732421875
160.7899932861328
160.84410095214844
160.9199981689453
160.9698944091797
161.0800018310547
161.04379272460938
161.0749969482422
161.11000061035156
161.1699981689453
161.13499450683594
161.17999267578125
161.19000244140625
161.17999267578125
161.27000427246094
161.2615966796875
161.34500122070312
161.49000549316406
161.38999938964844
161.47999572753906
161.38999938964844
161.44500732421875
161.34970092773438
161.3300018310547
161.22999572753906
161.17999267578125
161.19000244140625
161.18789672851562
161.1199951171875
161.08009338378906
161.1833953857422
161.25999450683594
161.30499267578125
161.27920532226562
161.31820678710938
161.26930236816406
161.22999572753906
161.22000122070312
161.29989624023438
161.31430053710938
161.3300018310547
161.3300018310547
161.41099548339844
161.44000244140625
161.39999389648438
161.42999267578125
161.47569274902344
161.49000549316406
161.51499938964844
161.49000549316406
161.61000061035156
161.8000030517578
161.6999969482422
161.82640075683594
161.7947998046875
161.72999572753906
161.6649932861328
161.67999267578125
161.6999969482422
161.63999938964844
161.5800018310547
161.56500244140625
161.49000549316406
161.4199981689453
161.38999938964844
161.51499938964844
161.47999572753906
161.5
161.5050048828125
161.49000549316406
161.39999389648438
161.27000427246094
161.35499572753906
161.47999572753906
161.41000366210938
161.33999633789062
161.27999877929688
161.27999877929688
161.44000244140625
161.47659301757812
161.1970977783203
161.16000366210938
161.0399932861328
161.0659942626953
161.07000732421875
161.08990478515625
161.1199951171875
160.97500610351562
160.8300018310547
160.77000427246094
160.83999633789062
160.82000732421875
160.86000061035156
160.85000610351562
160.74000549316406
160.72999572753906
