79.01000213623047
78.7249984741211
78.95999908447266
78.97000122070312
79.01000213623047
79.19000244140625
79.06999969482422
79.16000366210938
79.2699966430664
79.5
79.44999694824219
79.33999633789062
79.16999816894531
79.22000122070312
79.28500366210938
79.21499633789062
79.29499816894531
79.23999786376953
79.19999694824219
79.19029998779297
79.21499633789062
79.19000244140625
79.24259948730469
79.43000030517578
79.31500244140625
79.31999969482422
79.27999877929688
79.22000122070312
79.30000305175781
79.31159973144531
79.26000213623047
79.20999908447266
79.30000305175781
79.28800201416016
79.30000305175781
79.30000305175781
79.31809997558594
79.23500061035156
79.19999694824219
79.08999633789062
78.95999908447266
78.9800033569336
78.86000061035156
78.9000015258789
78.9800033569336
79.01499938964844
78.9800033569336
79.04499816894531
78.93499755859375
78.97000122070312
78.9800033569336
78.94999694824219
78.90789794921875
78.86000061035156
78.80000305175781
78.72000122070312
78.7750015258789
78.81999969482422
78.77999877929688
78.8499984741211
78.91000366210938
79.0199966430664
78.95999908447266
78.98500061035156
79.01000213623047
78.9115982055664
78.87999725341797
78.91000366210938
78.88999938964844
78.8499984741211
78.80999755859375
78.87999725341797
78.9030990600586
78.91999816894531
78.83460235595703
78.79000091552734
78.81999969482422
78.81999969482422
78.79000091552734
78.62999725341797
78.62000274658203
78.6500015258789
78.56999969482422
78.58000183105469
78.51000213623047
78.4800033569336
78.45500183105469
78.4800033569336
78.48500061035156
78.31999969482422
78.33999633789062
78.36000061035156
78.43000030517578
78.4000015258789
78.36000061035156
78.41999816894531
78.43000030517578
78.39350128173828
78.33999633789062
78.38500213623047
78.37999725341797
78.26000213623047
78.26000213623047
78.22000122070312
78.2249984741211
78.27999877929688
78.33000183105469
78.38999938964844
78.38999938964844
78.37989807128906
78.4000015258789
78.41500091552734
78.36000061035156
78.4000015258789
78.3550033569336
78.37000274658203
78.37000274658203
78.33190155029297
78.36499786376953
78.36499786376953
78.41000366210938
78.41999816894531
78.44999694824219
78.45999908447266
78.44000244140625
78.51000213623047
78.4896011352539
78.48300170898438
78.47000122070312
78.43499755859375
78.45030212402344
78.5
78.55500030517578
78.52999877929688
78.5
78.48999786376953
78.47000122070312
78.44999694824219
78.46499633789062
78.48970031738281
78.49500274658203
78.48999786376953
78.4749984741211
78.5
78.5
78.5199966430664
78.54499816894531
78.56999969482422
78.55799865722656
78.52999877929688
78.55999755859375
78.56999969482422
78.63999938964844
78.67500305175781
78.75
78.77999877929688
78.73999786376953
78.76499938964844
78.72000122070312
78.80999755859375
78.81999969482422
78.78500366210938
78.77999877929688
78.70999908447266
78.69999694824219
78.62999725341797
78.66999816894531
78.6500015258789
78.70929718017578
78.69000244140625
78.69499969482422
78.71479797363281
78.70999908447266
78.69000244140625
78.72000122070312
78.73999786376953
78.75499725341797
78.73999786376953
78.66999816894531
78.68000030517578
78.70999908447266
78.71269989013672
78.72000122070312
78.69000244140625
78.68499755859375
78.7073974609375
78.76000213623047
78.7750015258789
78.78500366210938
78.87000274658203
78.87999725341797
78.9000015258789
78.87000274658203
78.80000305175781
78.78379821777344
78.77999877929688
78.73999786376953
78.72019958496094
78.69999694824219
78.75
78.75019836425781
78.77999877929688
78.80619812011719
78.82450103759766
78.79000091552734
78.83000183105469
78.81500244140625
78.86000061035156
78.8499984741211
78.81999969482422
78.83999633789062
78.86000061035156
78.87000274658203
78.87999725341797
78.87200164794922
78.88500213623047
78.94000244140625
78.94999694824219
78.91999816894531
78.94999694824219
78.98999786376953
78.98999786376953
79.0
79.00489807128906
78.97000122070312
78.94999694824219
78.93000030517578
78.91999816894531
78.90489959716797
78.97000122070312
79.01000213623047
79.05000305175781
79.04499816894531
79.05000305175781
78.97000122070312
78.98999786376953
78.98999786376953
79.0
78.98999786376953
78.98699951171875
78.97000122070312
79.0
78.9800033569336
78.97000122070312
78.95500183105469
78.94950103759766
78.9800033569336
79.01000213623047
79.01940155029297
79.01499938964844
79.00499725341797
78.9749984741211
78.97440338134766
78.9800033569336
78.97000122070312
78.9800033569336
78.98999786376953
78.9800033569336
78.9800033569336
78.98500061035156
79.0
79.0
78.97019958496094
78.97000122070312
79.0
79.04000091552734
79.04499816894531
79.03780364990234
79.04000091552734
79.02069854736328
79.02999877929688
79.04000091552734
79.02010345458984
79.03500366210938
79.00499725341797
79.01000213623047
78.97000122070312
78.95500183105469
78.94309997558594
78.95999908447266
78.98999786376953
78.99849700927734
78.98999786376953
78.97000122070312
78.9800033569336
78.9800033569336
78.95999908447266
78.97000122070312
79.0
78.98760223388672
78.9801025390625
78.98999786376953
78.98999786376953
79.00499725341797
79.00499725341797
78.98999786376953
79.0
79.0
78.9749984741211
78.97000122070312
78.94999694824219
78.9385986328125
78.92500305175781
78.91999816894531
78.9219970703125
78.91000366210938
78.88369750976562
78.8949966430664
78.875
78.91000366210938
78.93000030517578
78.93499755859375
78.9375
78.93000030517578
78.93000030517578
78.9000015258789
78.90499877929688
78.9000015258789
78.9000015258789
78.9000015258789
78.90499877929688
78.90499877929688
78.91000366210938
78.93499755859375
78.93499755859375
78.93000030517578
78.8949966430664
78.8949966430664
78.88999938964844
78.8949966430664
78.91999816894531
78.87999725341797
78.8499984741211
78.86190032958984
78.86499786376953
78.89420318603516
78.88999938964844
78.87999725341797
78.88999938964844
78.8949966430664
78.87999725341797
78.87229919433594
78.87999725341797
78.8499984741211
78.82520294189453
78.80500030517578
78.80999755859375
78.79000091552734
78.80500030517578
78.86000061035156
78.84500122070312
78.86000061035156
78.86000061035156
78.8550033569336
78.8499984741211
78.8499984741211
78.81999969482422
78.84500122070312
78.8499984741211
78.875
78.86009979248047
78.87789916992188
78.875
78.83999633789062
78.9000015258789
78.86499786376953
78.8550033569336
78.8550033569336
78.86499786376953
78.8499984741211
78.8291015625
78.83000183105469
78.83499908447266
78.82499694824219
78.81999969482422
78.81999969482422
78.86499786376953
78.8550033569336
78.8550033569336
78.84500122070312
78.83499908447266
78.82499694824219
78.82499694824219
78.82499694824219
78.82499694824219
78.83399963378906
78.83000183105469
78.81809997558594
78.81500244140625
78.81999969482422
78.80999755859375
78.81500244140625
78.80500030517578
78.8499984741211
78.91999816894531
78.93499755859375
78.90499877929688
78.88999938964844
78.8499984741211
78.8551025390625
78.83499908447266
78.84500122070312
78.85220336914062
78.86499786376953
78.84239959716797
78.86000061035156
78.8499984741211
78.8499984741211
78.8550033569336
78.83999633789062
78.86000061035156
78.84500122070312
78.86499786376953
78.87000274658203
78.86000061035156
78.8499984741211
78.83000183105469
78.84249877929688
78.81500244140625
78.81999969482422
78.82499694824219
78.82230377197266
78.83499908447266
78.84500122070312
78.8550033569336
78.83499908447266
78.84700012207031
78.81700134277344
78.84500122070312
78.82499694824219
78.81500244140625
78.81500244140625
78.80829620361328
78.79000091552734
78.77999877929688
78.79789733886719
78.77999877929688
78.76499938964844
78.7876968383789
78.79000091552734
78.81999969482422
78.84809875488281
78.86499786376953
78.87999725341797
78.8949966430664
78.88980102539062
78.91500091552734
78.93990325927734
78.92500305175781
78.93499755859375
78.90499877929688
78.91000366210938
78.91500091552734
78.93000030517578
78.88999938964844
78.8949966430664
78.90499877929688
78.9000015258789
78.91999816894531
78.88289642333984
78.80999755859375
78.79000091552734
78.80999755859375
78.79280090332031
78.79859924316406
78.80999755859375
78.81500244140625
78.8125
78.81500244140625
78.82250213623047
78.81279754638672
78.8499984741211
78.86499786376953
78.88999938964844
78.88500213623047
78.91000366210938
78.88500213623047
78.89849853515625
78.88999938964844
78.88999938964844
78.8949966430664
78.8949966430664
78.88500213623047
78.86499786376953
78.86000061035156
78.88500213623047
78.875
78.88500213623047
78.91000366210938
78.90499877929688
78.88999938964844
78.88500213623047
78.8550033569336
78.84500122070312
78.84500122070312
78.8550033569336
78.83499908447266
78.84500122070312
78.81999969482422
78.86540222167969
78.91000366210938
78.94499969482422
78.94000244140625
78.94999694824219
78.94999694824219
78.95999908447266
78.93499755859375
78.93000030517578
78.92009735107422
78.91500091552734
78.93499755859375
78.94999694824219
78.93499755859375
78.91500091552734
78.91500091552734
78.91999816894531
78.91000366210938
78.94499969482422
78.93499755859375
78.93990325927734
78.92500305175781
78.93499755859375
78.91500091552734
78.94499969482422
78.95500183105469
78.94499969482422
78.93499755859375
78.93499755859375
78.92500305175781
78.94709777832031
78.93509674072266
78.94999694824219
78.94000244140625
78.94999694824219
78.95500183105469
78.94999694824219
78.96499633789062
78.956298828125
78.95500183105469
78.91500091552734
78.91000366210938
78.90499877929688
78.8949966430664
78.8833999633789
78.92500305175781
78.91000366210938
78.91999816894531
78.88999938964844
78.90499877929688
78.875
78.88999938964844
78.88999938964844
78.91500091552734
78.91999816894531
78.93499755859375
78.94000244140625
78.95999908447266
78.96199798583984
78.9800033569336
78.9800033569336
79.01000213623047
79.01000213623047
79.00499725341797
79.01000213623047
78.99919891357422
78.98500061035156
79.0
78.98989868164062
79.0
78.96499633789062
78.96440124511719
78.91999816894531
78.9126968383789
78.94000244140625
78.95809936523438
78.97000122070312
78.9749984741211
78.9749984741211
78.9800033569336
79.01000213623047
78.98500061035156
78.96499633789062
78.94000244140625
78.9000015258789
78.8949966430664
78.86499786376953
78.83000183105469
78.80000305175781
78.81999969482422
78.81500244140625
78.8499984741211
78.84500122070312
78.78970336914062
78.80999755859375
78.86499786376953
78.81999969482422
78.77999877929688
78.7699966430664
78.76000213623047
78.77999877929688
78.79499816894531
78.67500305175781
78.67500305175781
78.66500091552734
78.6500015258789
78.67500305175781
78.66999816894531
78.66500091552734
78.68499755859375
78.68499755859375
78.67500305175781
78.62999725341797
78.63999938964844
78.6449966430664
78.58000183105469
78.56999969482422
78.56999969482422
