301.2099914550781
301.82000732421875
301.67999267578125
300.54998779296875
300.8699951171875
300.9176940917969
300.5199890136719
300.0
300.95001220703125
301.010009765625
300.6499938964844
300.4200134277344
300.7666015625
300.45001220703125
301.760009765625
301.9700012207031
302.82501220703125
303.18499755859375
302.7900085449219
303.2300109863281
302.6499938964844
303.0299987792969
304.0549011230469
304.1300048828125
303.7200012207031
303.4849853515625
303.239990234375
303.4169921875
303.20001220703125
302.5285949707031
302.5799865722656
302.260009765625
302.10308837890625
302.37921142578125
302.4800109863281
302.7134094238281
302.7611999511719
303.989990234375
304.0350036621094
303.7200927734375
304.44268798828125
304.45941162109375
304.30999755859375
304.69500732421875
304.7900085449219
304.7900085449219
304.79998779296875
304.4700012207031
304.7149963378906
305.1000061035156
305.19000244140625
305.5043029785156
305.1099853515625
304.7290954589844
304.7749938964844
305.2300109863281
305.2300109863281
305.0899963378906
304.5199890136719
304.2323913574219
304.4800109863281
304.5899963378906
304.8174133300781
305.2799987792969
305.44000244140625
305.2799987792969
305.67999267578125
305.7900085449219
306.0
305.95001220703125
305.8399963378906
305.7218017578125
305.8800048828125
305.95001220703125
305.989990234375
306.0199890136719
305.92999267578125
305.8900146484375
305.38128662109375
305.5199890136719
305.0309143066406
304.7200012207031
304.6300048828125
305.3550109863281
305.9599914550781
305.6600036621094
305.69500732421875
305.5
304.7699890136719
303.75
304.3299865722656
304.510009765625
304.30999755859375
304.2200012207031
304.07000732421875
303.9700012207031
303.5899963378906
303.5107116699219
303.25
302.989990234375
303.41900634765625
303.2550048828125
303.5050048828125
303.32000732421875
303.6600036621094
303.6400146484375
303.5150146484375
303.8599853515625
303.82000732421875
303.70001220703125
303.6199951171875
303.5199890136719
303.1199951171875
303.1549987792969
302.739990234375
302.7799987792969
302.7799987792969
302.8900146484375
302.9901123046875
303.2250061035156
302.95001220703125
302.80999755859375
303.0400085449219
303.1099853515625
303.2900085449219
303.92999267578125
303.9200134277344
303.92999267578125
303.94000244140625
303.7900085449219
303.7799987792969
303.55999755859375
303.6199951171875
303.58990478515625
303.3399963378906
303.2134094238281
303.43939208984375
303.6000061035156
303.5400085449219
303.5899963378906
303.55999755859375
304.0899963378906
304.1700134277344
303.9100036621094
304.0199890136719
303.7900085449219
304.05999755859375
304.1200866699219
303.9200134277344
303.8399963378906
303.3299865722656
303.1199951171875
303.2196960449219
303.3800048828125
303.30999755859375
303.3599853515625
303.30010986328125
303.1700134277344
302.9100036621094
303.45001220703125
303.6700134277344
303.69000244140625
303.7699890136719
303.9150085449219
303.9366149902344
304.1376037597656
303.7618103027344
303.760009765625
303.8900146484375
303.80999755859375
304.25
304.2099914550781
304.3299865722656
304.840087890625
305.1099853515625
305.29998779296875
305.42999267578125
305.1449890136719
305.0899963378906
305.135009765625
305.1099853515625
304.989990234375
305.25
305.4800109863281
305.6199951171875
305.4700012207031
305.69891357421875
305.9100036621094
305.8699951171875
305.69000244140625
305.739990234375
305.7099914550781
305.239990234375
305.42999267578125
305.6098937988281
305.6715087890625
305.502685546875
305.3699951171875
305.2200012207031
305.125
305.1099853515625
305.5249938964844
305.32000732421875
305.25
305.3146057128906
305.7228088378906
305.4700012207031
305.2799987792969
305.1499938964844
305.2701110839844
305.17999267578125
305.2699890136719
305.04998779296875
304.9700012207031
305.1813049316406
305.1499938964844
305.1099853515625
305.1549987792969
305.69000244140625
305.7200012207031
305.8999938964844
305.79998779296875
305.6387939453125
305.3599853515625
305.4783020019531
305.55499267578125
304.95001220703125
304.75
304.84698486328125
305.0400085449219
304.9800109863281
305.2900085449219
305.2900085449219
305.2300109863281
305.4800109863281
305.5
305.30999755859375
305.0799865722656
305.0899963378906
305.239990234375
305.29998779296875
305.71728515625
305.7099914550781
305.3829040527344
305.0799865722656
305.3550109863281
305.57000732421875
305.3699951171875
305.69000244140625
305.6400146484375
305.5299987792969
305.82000732421875
305.6600036621094
305.6499938964844
305.54998779296875
305.5
305.6199951171875
305.29998779296875
305.7099914550781
305.7900085449219
305.67999267578125
305.7200012207031
305.92999267578125
305.7900085449219
305.5199890136719
305.6099853515625
305.6404113769531
306.0065002441406
305.89300537109375
305.9100036621094
306.05999755859375
305.6300048828125
305.6000061035156
305.8299865722656
305.82000732421875
306.19000244140625
306.0199890136719
305.4685974121094
305.510009765625
305.3299865722656
305.2799987792969
305.3868103027344
305.6199951171875
305.80999755859375
305.6852111816406
305.6072998046875
305.9700012207031
306.13299560546875
306.2349853515625
306.2200012207031
306.29998779296875
306.9200134277344
306.8800048828125
306.57000732421875
306.67999267578125
306.55999755859375
306.260009765625
306.473388671875
306.7069091796875
306.5299987792969
306.760009765625
306.80499267578125
306.70001220703125
306.760009765625
306.55999755859375
306.4150085449219
306.7900085449219
306.9100036621094
306.760009765625
306.5350036621094
306.69500732421875
306.65008544921875
306.6600036621094
306.91351318359375
306.6099853515625
306.6400146484375
306.4508972167969
306.6000061035156
306.489990234375
306.5899963378906
306.8299865722656
306.5400085449219
306.42999267578125
306.44000244140625
306.6199951171875
306.8599853515625
306.80999755859375
306.8399963378906
306.75
307.04998779296875
307.21868896484375
307.40728759765625
307.2598876953125
307.44500732421875
307.19000244140625
307.2699890136719
307.19000244140625
307.1199951171875
307.2650146484375
307.239990234375
307.1199951171875
307.3599853515625
307.2699890136719
307.23968505859375
307.260009765625
307.106689453125
307.06781005859375
307.114990234375
307.25
307.260498046875
307.2799987792969
307.1777038574219
307.0050048828125
307.0799865722656
307.1600036621094
307.2200012207031
307.2789001464844
307.4202880859375
307.510009765625
307.3999938964844
307.3608093261719
307.4849853515625
307.54998779296875
307.5600891113281
307.67999267578125
307.67498779296875
307.42010498046875
307.3702087402344
307.2560119628906
307.1700134277344
307.010009765625
307.1798095703125
307.19000244140625
307.1000061035156
307.0498046875
307.04998779296875
307.06500244140625
307.0299987792969
307.19000244140625
307.34698486328125
307.5032043457031
307.45660400390625
307.3999938964844
307.30999755859375
307.3210144042969
307.2200012207031
307.010009765625
307.1231994628906
307.19000244140625
307.260009765625
307.25
307.32000732421875
307.30999755859375
307.3900146484375
307.9599914550781
308.010009765625
307.9999084472656
307.89300537109375
307.5299987792969
307.7276916503906
307.5299987792969
307.5199890136719
307.635009765625
307.6600036621094
307.54998779296875
307.80499267578125
307.7799987792969
307.7200012207031
307.8500061035156
307.8699951171875
307.9150085449219
307.69000244140625
307.8500061035156
307.83099365234375
307.6600036621094
307.6242980957031
307.55999755859375
307.5299987792969
307.75
307.6000061035156
307.5299987792969
307.6189880371094
307.42999267578125
307.6700134277344
307.6300048828125
307.510009765625
307.4800109863281
307.4700012207031
307.5
307.3263854980469
307.06549072265625
307.3800048828125
307.35699462890625
307.0799865722656
307.1400146484375
307.3399963378906
307.510009765625
307.67999267578125
307.6499938964844
307.489990234375
307.2099914550781
307.2099914550781
306.9895935058594
307.0199890136719
306.8999938964844
307.0495910644531
307.0950012207031
306.8999938964844
306.9649963378906
306.885009765625
306.92999267578125
306.875
306.7041931152344
306.54998779296875
306.45001220703125
306.510009765625
306.635009765625
306.45001220703125
306.6199951171875
306.7976989746094
306.82000732421875
306.7300109863281
306.70001220703125
306.8349914550781
306.8999938964844
307.0299987792969
306.9125061035156
306.9007873535156
306.9700012207031
306.8800048828125
306.82501220703125
307.2099914550781
307.2300109863281
307.14691162109375
307.3044128417969
307.38970947265625
307.74200439453125
307.6199951171875
307.6199951171875
307.625
307.55999755859375
307.45001220703125
307.6199951171875
307.75
307.4700012207031
307.3999938964844
307.4049987792969
307.3800048828125
307.44000244140625
307.20001220703125
306.95001220703125
307.0400085449219
306.9100036621094
306.94000244140625
306.75
306.94989013671875
306.8200988769531
306.8999938964844
306.885009765625
307.0249938964844
306.95001220703125
306.8500061035156
307.1400146484375
307.239990234375
307.2650146484375
307.2550048828125
307.0899963378906
306.8399963378906
307.04998779296875
307.1300048828125
307.45001220703125
307.489990234375
307.4490966796875
307.3800048828125
307.260009765625
307.30999755859375
307.2900085449219
307.2965087890625
307.54998779296875
307.7300109863281
307.9200134277344
307.82501220703125
307.8800048828125
308.04998779296875
308.0899963378906
308.2200012207031
308.2900085449219
308.0400085449219
308.29998779296875
308.29998779296875
308.3349914550781
308.2200012207031
308.2699890136719
308.239990234375
308.24700927734375
308.409912109375
308.3660888671875
308.4200134277344
308.739990234375
308.54998779296875
308.5199890136719
308.4700012207031
308.510009765625
308.42999267578125
308.3699951171875
308.2900085449219
308.19000244140625
308.2349853515625
308.0400085449219
307.54998779296875
307.5299987792969
307.70001220703125
307.6830139160156
307.7099914550781
307.7998962402344
307.8299865722656
307.61370849609375
307.7699890136719
307.8360900878906
308.0299987792969
308.2300109863281
307.92999267578125
307.9097900390625
307.8999938964844
307.5950012207031
307.6400146484375
307.80120849609375
307.95001220703125
308.0011901855469
307.92999267578125
307.9599914550781
307.9800109863281
308.25
308.20001220703125
308.32501220703125
307.94000244140625
307.9200134277344
307.989990234375
308.0299987792969
308.0799865722656
308.04010009765625
308.0199890136719
308.0199890136719
307.82000732421875
307.69000244140625
307.42999267578125
307.4200134277344
307.61199951171875
307.7099914550781
307.5299987792969
307.6449890136719
307.1000061035156
306.7200012207031
306.9314880371094
307.4414978027344
307.3349914550781
307.05999755859375
307.25
306.8500061035156
307.2699890136719
307.3800048828125
307.1300048828125
306.989990234375
306.92999267578125
306.70001220703125
306.3699951171875
306.5950012207031
306.2900085449219
306.3900146484375
306.13958740234375
306.1300048828125
306.3900146484375
306.2300109863281
306.4747009277344
306.1647033691406
305.989990234375
305.94000244140625
