144.5500030517578
144.80999755859375
144.82000732421875
144.8583984375
144.61000061035156
144.91000366210938
144.75999450683594
144.72830200195312
144.64999389648438
144.2209014892578
144.22000122070312
144.25999450683594
144.1999969482422
143.96499633789062
143.94000244140625
143.9600067138672
144.3300018310547
144.32000732421875
144.2899932861328
144.59730529785156
144.52000427246094
144.52999877929688
144.35000610351562
144.4199981689453
144.05999755859375
144.2100067138672
144.0800018310547
144.25999450683594
144.24000549316406
144.1300048828125
144.22999572753906
144.1649932861328
144.27499389648438
144.3699951171875
144.4199981689453
144.3800048828125
144.27000427246094
144.35000610351562
144.27000427246094
144.07000732421875
144.19000244140625
144.3000030517578
144.3800048828125
144.49000549316406
144.6649932861328
144.6999969482422
144.65499877929688
144.63999938964844
144.6199951171875
144.6750030517578
144.5800018310547
144.77000427246094
144.72000122070312
144.72000122070312
144.7100067138672
144.88999938964844
144.8227996826172
144.66000366210938
144.5800018310547
144.61000061035156
144.72000122070312
144.8800048828125
144.88999938964844
144.99000549316406
145.03500366210938
144.9199981689453
145.02999877929688
145.0749969482422
145.1199951171875
145.30999755859375
145.25
145.375
145.4199981689453
145.3195037841797
145.22000122070312
145.27999877929688
145.32000732421875
145.30999755859375
145.31500244140625
145.3000030517578
145.3800048828125
145.2899932861328
145.17999267578125
145.16000366210938
145.31500244140625
145.10000610351562
145.10000610351562
145.00999450683594
144.9949951171875
144.68499755859375
144.7100067138672
144.7050018310547
144.83999633789062
144.9499969482422
144.86549377441406
144.75999450683594
144.67999267578125
144.5800018310547
144.6300048828125
144.49000549316406
144.3699951171875
144.3000030517578
144.4600067138672
144.42999267578125
144.5399932861328
144.5800018310547
144.39999389648438
144.38999938964844
144.3800048828125
144.38999938964844
144.375
144.2899932861328
144.2100067138672
144.25
144.19000244140625
144.16000366210938
144.21499633789062
144.27000427246094
144.18499755859375
144.1510009765625
144.0399932861328
143.95010375976562
144.00999450683594
143.97999572753906
143.97999572753906
144.02000427246094
144.02000427246094
144.08999633789062
144.1649932861328
144.2100067138672
144.22000122070312
143.89999389648438
143.9600067138672
144.01499938964844
143.8699951171875
143.86000061035156
144.00369262695312
144.08999633789062
144.10000610351562
144.1199951171875
144.16000366210938
144.32000732421875
144.27999877929688
144.2100067138672
144.17999267578125
144.17999267578125
144.22999572753906
144.22000122070312
144.25999450683594
144.15020751953125
144.00999450683594
143.9199981689453
143.8699951171875
143.9199981689453
143.91000366210938
143.93499755859375
143.88999938964844
143.80999755859375
143.77850341796875
143.83999633789062
143.9199981689453
143.94749450683594
143.80499267578125
143.74000549316406
143.80999755859375
143.75
143.75999450683594
143.6699981689453
143.75999450683594
143.77999877929688
143.9600067138672
143.87010192871094
144.0
144.0399932861328
144.1699981689453
144.2100067138672
144.22000122070312
144.14999389648438
144.1999969482422
144.16000366210938
144.25
144.2100067138672
144.42529296875
144.5399932861328
144.5050048828125
144.3800048828125
144.44000244140625
144.39999389648438
144.49000549316406
144.38999938964844
144.4499969482422
144.4499969482422
144.3000030517578
144.33999633789062
144.32000732421875
144.31500244140625
144.375
144.3800048828125
144.35159301757812
144.40499877929688
144.49000549316406
144.58999633789062
144.52999877929688
144.41769409179688
144.5399932861328
144.57000732421875
144.4600067138672
144.39999389648438
144.33999633789062
144.3000030517578
144.22999572753906
144.1999969482422
144.1999969482422
144.1593017578125
144.11000061035156
144.1999969482422
144.16000366210938
144.22999572753906
144.36000061035156
144.3699951171875
144.30999755859375
144.38009643554688
144.2550048828125
144.22000122070312
144.25
144.2899932861328
144.14500427246094
144.0800018310547
144.1199951171875
144.08999633789062
144.08999633789062
144.17999267578125
144.13999938964844
144.1199951171875
144.16000366210938
144.1461944580078
144.13499450683594
144.14999389648438
144.11000061035156
144.14999389648438
144.1999969482422
144.33999633789062
144.38499450683594
144.3300018310547
144.22000122070312
144.27999877929688
144.25999450683594
144.22000122070312
144.32000732421875
144.3800048828125
144.32000732421875
144.44000244140625
144.4499969482422
144.36500549316406
144.32000732421875
144.35499572753906
144.35499572753906
144.31979370117188
144.30999755859375
144.3699951171875
144.41000366210938
144.39999389648438
144.42999267578125
144.35000610351562
144.314697265625
144.3800048828125
144.3699951171875
144.4199981689453
144.4199981689453
144.44000244140625
144.4600067138672
144.33999633789062
144.33999633789062
144.39999389648438
144.43499755859375
144.5
144.5500030517578
144.4499969482422
144.38999938964844
144.3699951171875
144.3699951171875
144.39999389648438
144.49989318847656
144.5399932861328
144.5
144.49000549316406
144.5240020751953
144.58999633789062
144.66000366210938
144.6699981689453
144.66000366210938
144.75
144.72000122070312
144.68499755859375
144.63999938964844
144.60000610351562
144.5399932861328
144.6199951171875
144.7100067138672
144.7100067138672
144.75
144.77999877929688
144.77029418945312
144.81500244140625
144.77000427246094
144.8000030517578
144.80999755859375
144.83999633789062
144.8000030517578
144.80999755859375
144.86000061035156
144.8800048828125
144.875
144.94000244140625
144.89999389648438
144.86000061035156
144.7899932861328
144.86500549316406
144.9199981689453
144.9499969482422
144.97000122070312
144.88999938964844
144.93499755859375
144.97999572753906
145.07000732421875
145.125
145.02999877929688
145.07000732421875
145.10000610351562
145.21859741210938
145.19500732421875
145.3000030517578
145.22000122070312
145.27999877929688
145.2899932861328
145.3800048828125
145.39999389648438
145.4499969482422
145.4499969482422
145.4499969482422
145.42999267578125
145.5399932861328
145.55499267578125
145.5399932861328
145.5850067138672
145.47000122070312
145.50999450683594
145.5
145.5
145.5
145.49000549316406
145.44000244140625
145.3699951171875
145.4156036376953
145.4149932861328
145.45889282226562
145.48890686035156
145.5500030517578
145.50999450683594
145.4949951171875
145.4600067138672
145.47000122070312
145.50999450683594
145.50289916992188
145.5399932861328
145.5399932861328
145.52000427246094
145.42999267578125
145.42999267578125
145.4499969482422
145.37840270996094
145.4600067138672
145.38999938964844
145.39999389648438
145.4199981689453
145.49000549316406
145.4698944091797
145.47000122070312
145.4199981689453
145.4949951171875
145.48770141601562
145.44000244140625
145.43080139160156
145.39999389648438
145.4199981689453
145.3800048828125
145.2899932861328
145.39999389648438
145.44000244140625
145.42999267578125
145.49000549316406
145.47000122070312
145.47000122070312
145.44000244140625
145.6569061279297
145.63999938964844
145.63999938964844
145.61000061035156
145.5032958984375
145.53550720214844
145.39999389648438
145.4499969482422
145.4949951171875
145.43499755859375
145.4499969482422
145.47000122070312
145.49000549316406
145.47000122070312
145.47000122070312
145.39999389648438
145.4622039794922
145.38999938964844
145.42999267578125
145.35499572753906
145.37550354003906
145.33999633789062
145.33999633789062
145.3135986328125
145.30999755859375
145.30499267578125
145.27000427246094
145.30499267578125
145.25999450683594
145.33999633789062
145.2801971435547
145.38499450683594
145.41000366210938
145.33999633789062
145.35499572753906
145.3300018310547
145.27000427246094
145.33819580078125
145.34500122070312
145.3000030517578
145.27999877929688
145.40499877929688
145.35499572753906
145.41000366210938
145.3800048828125
145.32000732421875
145.19500732421875
145.26499938964844
145.23500061035156
145.27000427246094
145.27000427246094
145.3000030517578
145.30999755859375
145.25999450683594
145.22360229492188
145.216796875
145.22000122070312
145.1999969482422
145.19500732421875
145.13499450683594
145.10499572753906
145.16000366210938
145.11500549316406
145.10000610351562
145.22999572753906
145.23069763183594
145.3000030517578
145.25999450683594
145.26499938964844
145.3300018310547
145.35000610351562
145.39999389648438
145.3699951171875
145.42999267578125
145.44500732421875
145.41000366210938
145.39999389648438
145.5
145.55999755859375
145.52000427246094
145.58999633789062
145.58999633789062
145.7449951171875
145.69500732421875
145.75
145.72000122070312
145.8000030517578
145.75
145.80999755859375
145.91000366210938
145.8350067138672
145.86000061035156
145.8800048828125
145.94500732421875
145.92999267578125
145.94000244140625
145.8000030517578
145.8699951171875
145.7899932861328
145.8000030517578
145.73500061035156
145.74949645996094
145.67999267578125
145.6699981689453
145.66000366210938
145.6699981689453
145.67999267578125
145.64999389648438
145.69000244140625
145.69500732421875
145.72500610351562
145.74119567871094
145.77999877929688
145.73500061035156
145.77999877929688
145.78709411621094
145.88949584960938
145.92999267578125
145.92999267578125
145.9199981689453
145.91000366210938
145.92999267578125
145.88999938964844
145.89999389648438
145.9199981689453
145.9949951171875
146.02999877929688
146.0399932861328
145.97999572753906
146.0
145.9949951171875
145.89999389648438
145.9499969482422
145.8800048828125
146.006103515625
146.05999755859375
146.08999633789062
146.1300048828125
146.13499450683594
146.125
146.1300048828125
146.1999969482422
146.21499633789062
146.25
146.30999755859375
146.36000061035156
146.44000244140625
146.44000244140625
146.39999389648438
146.34979248046875
146.33999633789062
146.30999755859375
146.3000030517578
146.27000427246094
146.2100067138672
146.08999633789062
146.14999389648438
146.1649932861328
146.25999450683594
146.24000549316406
146.2899932861328
146.27999877929688
146.25
146.28500366210938
146.27000427246094
146.32000732421875
146.33999633789062
146.27499389648438
146.26499938964844
146.26499938964844
146.19500732421875
146.16000366210938
146.24000549316406
146.2899932861328
146.1999969482422
146.1699981689453
146.1300048828125
146.17999267578125
146.32000732421875
146.30999755859375
146.3800048828125
146.27999877929688
146.3000030517578
146.27499389648438
146.35000610351562
146.36000061035156
146.2899932861328
146.17999267578125
146.13999938964844
146.0399932861328
146.10000610351562
145.9600067138672
145.97999572753906
145.97999572753906
146.0
145.99000549316406
145.93179321289062
145.75
145.63999938964844
145.67999267578125
145.80499267578125
145.74000549316406
145.55999755859375
145.48500061035156
145.5
145.57000732421875
145.64999389648438
145.47509765625
145.4499969482422
145.41000366210938
145.38999938964844
145.36990356445312
145.3800048828125
145.4600067138672
145.35879516601562
145.32000732421875
145.2550048828125
145.36000061035156
145.30999755859375
145.32000732421875
145.3000030517578
145.47000122070312
145.3699951171875
