163.25999450683594
163.39999389648438
163.19000244140625
163.49000549316406
163.6300048828125
163.61500549316406
163.77999877929688
163.6999969482422
163.85000610351562
163.58999633789062
163.68499755859375
163.77999877929688
163.55999755859375
163.8350067138672
163.88999938964844
163.77499389648438
163.91000366210938
163.91000366210938
164.10499572753906
164.38499450683594
164.43099975585938
164.0800018310547
164.0800018310547
163.93600463867188
163.97000122070312
164.08999633789062
164.10499572753906
164.02000427246094
163.89999389648438
163.7100067138672
163.58999633789062
163.61000061035156
163.61000061035156
163.6999969482422
163.91000366210938
163.94000244140625
163.85000610351562
163.6699981689453
163.50999450683594
163.4199981689453
163.470703125
163.6219024658203
163.58999633789062
163.47999572753906
163.5399932861328
163.53500366210938
163.39500427246094
163.33999633789062
163.4600067138672
163.6300048828125
163.60000610351562
163.4600067138672
163.33999633789062
163.3000030517578
163.22000122070312
163.1750030517578
163.3000030517578
163.27999877929688
163.125
163.10000610351562
163.05999755859375
163.19000244140625
163.17999267578125
163.19000244140625
163.2899932861328
163.15499877929688
163.1999969482422
163.25
163.1497039794922
162.98500061035156
162.88999938964844
162.9250030517578
162.8699951171875
162.77000427246094
162.75
162.72999572753906
162.66000366210938
162.4600067138672
162.34500122070312
162.38999938964844
162.42779541015625
162.42999267578125
162.66000366210938
162.74000549316406
162.52000427246094
162.5050048828125
162.4499969482422
162.47500610351562
162.4499969482422
162.22999572753906
162.0749969482422
162.03500366210938
162.07000732421875
161.85000610351562
161.8000030517578
161.78860473632812
161.7100067138672
161.66000366210938
161.6199951171875
161.60000610351562
161.63999938964844
161.49000549316406
161.52000427246094
161.5500030517578
161.52999877929688
161.63999938964844
161.9199981689453
161.97999572753906
162.1199951171875
162.1011962890625
162.17999267578125
162.15499877929688
161.92999267578125
162.00999450683594
162.05999755859375
162.1649932861328
162.10000610351562
162.07000732421875
162.0800018310547
162.00999450683594
161.98800659179688
162.11000061035156
162.24000549316406
162.2899932861328
162.2946014404297
162.47000122070312
162.41000366210938
162.44000244140625
162.4250030517578
162.33999633789062
162.3730926513672
162.41000366210938
162.4199981689453
162.38999938964844
162.3000030517578
162.47000122070312
162.6699981689453
162.61000061035156
162.5500030517578
162.49000549316406
162.47000122070312
162.58999633789062
162.5800018310547
162.5800018310547
162.6300048828125
162.66000366210938
162.63999938964844
162.66000366210938
162.69000244140625
162.6699981689453
162.6699981689453
162.8300018310547
162.89999389648438
163.0800018310547
163.10000610351562
163.19009399414062
163.14999389648438
163.14999389648438
163.1649932861328
163.2100067138672
163.3300018310547
163.2899932861328
163.14939880371094
163.2899932861328
163.28500366210938
163.2449951171875
163.3300018310547
163.36500549316406
163.3647003173828
163.36000061035156
163.42999267578125
163.35000610351562
163.4199981689453
163.49000549316406
163.47000122070312
163.41000366210938
163.35000610351562
163.19000244140625
163.06829833984375
163.0800018310547
163.2050018310547
163.25999450683594
163.20150756835938
163.2100067138672
163.31500244140625
163.47999572753906
163.42239379882812
163.35000610351562
163.38999938964844
163.24000549316406
163.42999267578125
163.4199981689453
163.4199981689453
163.44000244140625
163.41000366210938
163.4199981689453
163.4600067138672
163.39999389648438
163.4199981689453
163.4499969482422
163.5050048828125
163.58489990234375
163.60000610351562
163.5500030517578
163.66000366210938
163.6750030517578
163.52999877929688
163.4600067138672
163.35000610351562
163.30999755859375
163.33999633789062
163.22999572753906
163.22500610351562
163.28500366210938
163.27000427246094
163.3000030517578
163.35000610351562
163.47999572753906
163.4600067138672
163.52999877929688
163.52000427246094
163.52499389648438
163.50999450683594
163.47000122070312
163.47259521484375
163.44000244140625
163.3300018310547
163.30999755859375
163.32000732421875
163.35000610351562
163.27000427246094
163.2899932861328
163.32000732421875
163.25
163.32000732421875
163.3300018310547
163.3800048828125
163.38999938964844
163.34500122070312
163.3699951171875
163.3800048828125
163.39999389648438
163.33999633789062
163.2899932861328
163.30499267578125
163.27000427246094
163.30999755859375
163.35000610351562
163.38999938964844
163.3800048828125
163.32000732421875
163.3800048828125
163.375
163.38519287109375
163.36599731445312
163.30999755859375
163.35000610351562
163.36199951171875
163.3800048828125
163.32330322265625
163.39999389648438
163.36439514160156
163.38999938964844
163.41000366210938
163.44000244140625
163.42999267578125
163.49000549316406
163.44000244140625
163.51199340820312
163.4499969482422
163.52000427246094
163.50999450683594
163.49000549316406
163.41000366210938
163.3699951171875
163.42999267578125
163.35000610351562
163.27999877929688
163.2209930419922
163.25999450683594
163.3000030517578
163.3300018310547
163.35000610351562
163.36000061035156
163.35000610351562
163.35000610351562
163.3699951171875
163.38999938964844
163.3800048828125
163.3800048828125
163.41000366210938
163.3699951171875
163.2899932861328
163.25
163.22000122070312
163.16000366210938
163.19000244140625
163.24000549316406
163.24000549316406
163.16000366210938
163.19000244140625
163.15499877929688
163.1300048828125
163.08999633789062
163.07000732421875
163.0399932861328
163.0
163.0
163.02000427246094
162.99000549316406
163.05999755859375
163.0399932861328
163.01499938964844
163.02000427246094
163.0500030517578
163.0500030517578
162.97470092773438
163.00999450683594
163.02000427246094
163.10000610351562
163.05999755859375
162.97999572753906
163.0399932861328
163.08999633789062
163.11000061035156
163.18780517578125
163.0800018310547
163.1199951171875
163.1699981689453
163.2550048828125
163.2899932861328
163.27000427246094
163.22000122070312
163.22000122070312
163.14999389648438
163.30999755859375
163.3000030517578
163.2550048828125
163.24000549316406
163.1999969482422
163.1699981689453
163.24000549316406
163.1699981689453
163.1699981689453
163.19290161132812
163.10000610351562
163.1199951171875
163.11000061035156
163.14999389648438
163.11000061035156
163.11669921875
163.0399932861328
163.00999450683594
163.02999877929688
163.02999877929688
163.02000427246094
162.97000122070312
163.05999755859375
163.05999755859375
162.97999572753906
162.94000244140625
163.0
162.97999572753906
162.91000366210938
162.92999267578125
162.92999267578125
162.91000366210938
162.8300018310547
162.7949981689453
162.73500061035156
162.75
162.718994140625
162.74000549316406
162.69000244140625
162.75
162.72999572753906
162.75320434570312
162.71499633789062
162.72000122070312
162.6699981689453
162.67010498046875
162.64999389648438
162.6300048828125
162.58999633789062
162.55999755859375
162.52999877929688
162.5
162.57000732421875
162.5449981689453
162.5800018310547
162.5399932861328
162.57000732421875
162.5800018310547
162.57090759277344
162.67999267578125
162.6699981689453
162.6199951171875
162.66000366210938
162.56390380859375
162.62100219726562
162.5428924560547
162.58009338378906
162.63999938964844
162.6300048828125
162.49000549316406
162.5500030517578
162.53500366210938
162.5001983642578
162.5
162.4499969482422
162.41000366210938
162.3699951171875
162.3300018310547
162.33999633789062
162.27999877929688
162.25999450683594
162.19000244140625
162.2100067138672
162.1999969482422
162.22999572753906
162.25
162.25
162.22999572753906
162.24000549316406
162.25
162.22000122070312
162.39999389648438
162.36000061035156
162.4199981689453
162.3737030029297
162.27499389648438
162.36000061035156
162.27999877929688
162.17999267578125
162.17999267578125
162.2686004638672
162.19000244140625
162.1699981689453
162.19000244140625
162.19000244140625
162.17999267578125
162.19500732421875
162.14999389648438
162.17999267578125
162.1999969482422
162.19000244140625
162.19000244140625
162.148193359375
162.1199951171875
162.11000061035156
162.1300048828125
162.0749969482422
162.05999755859375
162.02000427246094
162.02000427246094
161.92999267578125
161.97000122070312
161.97999572753906
161.97000122070312
162.0
161.97999572753906
161.92999267578125
161.94000244140625
162.02000427246094
162.05999755859375
162.04029846191406
162.08999633789062
162.1300048828125
162.08999633789062
162.08999633789062
162.0800018310547
162.07000732421875
162.09249877929688
162.13999938964844
162.12100219726562
162.11000061035156
162.24000549316406
162.24609375
162.22000122070312
162.22000122070312
162.28990173339844
162.19000244140625
162.22999572753906
162.2664031982422
162.1699981689453
162.1999969482422
162.1999969482422
162.25
162.22000122070312
162.25
162.2100067138672
162.19000244140625
162.12030029296875
162.08999633789062
162.0399932861328
162.02999877929688
161.94009399414062
161.9600067138672
161.9600067138672
161.9600067138672
161.9250030517578
161.92999267578125
161.8699951171875
161.8699951171875
161.89999389648438
161.9499969482422
161.89500427246094
161.77000427246094
161.77999877929688
161.77499389648438
161.85299682617188
161.8800048828125
161.88999938964844
161.8800048828125
161.86000061035156
161.88499450683594
161.8800048828125
161.89999389648438
161.9149932861328
161.9499969482422
161.9499969482422
162.00999450683594
162.0
162.02999877929688
162.08999633789062
162.10220336914062
162.1199951171875
162.15499877929688
162.24000549316406
162.24000549316406
162.2899932861328
162.29299926757812
162.36000061035156
162.39999389648438
162.44000244140625
162.41000366210938
162.4600067138672
162.47000122070312
162.50999450683594
162.55499267578125
162.66000366210938
162.6199951171875
162.6699981689453
162.6199951171875
162.57000732421875
162.6425018310547
162.64999389648438
162.64999389648438
162.67999267578125
162.58999633789062
162.5050048828125
162.52000427246094
162.5500030517578
162.5399932861328
162.4813995361328
162.49000549316406
162.47000122070312
162.47999572753906
162.4499969482422
162.5399932861328
162.57000732421875
162.5500030517578
162.5399932861328
162.5500030517578
162.50999450683594
162.5
162.48190307617188
162.5500030517578
162.55999755859375
162.5
162.4600067138672
162.4600067138672
162.5399932861328
162.52999877929688
162.56500244140625
162.57000732421875
162.53500366210938
162.5
162.49000549316406
162.49000549316406
162.4600067138672
162.42999267578125
162.43499755859375
162.3300018310547
162.24000549316406
162.19000244140625
162.22999572753906
162.27000427246094
162.32000732421875
162.25
162.25
162.19000244140625
162.00999450683594
162.03700256347656
162.13999938964844
162.1300048828125
162.05499267578125
162.0500030517578
162.04310607910156
162.0800018310547
162.0500030517578
161.96099853515625
161.97000122070312
161.89999389648438
161.8800048828125
161.86000061035156
161.77999877929688
161.7899932861328
161.7050018310547
161.6300048828125
161.59170532226562
161.6300048828125
161.63499450683594
161.6199951171875
161.57000732421875
161.57000732421875
161.50999450683594
