172.11500549316406
172.25999450683594
172.25999450683594
172.61500549316406
172.65499877929688
172.5399932861328
172.5399932861328
172.47999572753906
172.58999633789062
172.52999877929688
172.2550048828125
172.2550048828125
172.16000366210938
172.25999450683594
172.64999389648438
172.64999389648438
172.8300018310547
173.0
173.14999389648438
173.31280517578125
173.11500549316406
173.1334991455078
172.97999572753906
172.47999572753906
172.66000366210938
172.66000366210938
172.2550048828125
172.44000244140625
172.22500610351562
172.22500610351562
172.47999572753906
172.4499969482422
172.4499969482422
172.33999633789062
172.6300048828125
172.60000610351562
172.61500549316406
172.5500030517578
172.47999572753906
172.32000732421875
172.55999755859375
172.61000061035156
172.4949951171875
172.42999267578125
172.625
172.3699951171875
172.42999267578125
172.2050018310547
172.16000366210938
172.1199951171875
172.1999969482422
172.1999969482422
172.05999755859375
172.05999755859375
171.9600067138672
171.80999755859375
171.75999450683594
171.88999938964844
171.8800048828125
171.88099670410156
171.9499969482422
172.0500030517578
171.97000122070312
172.0399932861328
172.10000610351562
172.25
172.1699981689453
172.16000366210938
172.22999572753906
172.22999572753906
172.11000061035156
171.9199981689453
171.99000549316406
171.89999389648438
171.89500427246094
171.89500427246094
172.05999755859375
171.88999938964844
171.88999938964844
171.88999938964844
172.08999633789062
172.19000244140625
171.97000122070312
172.0
171.8300018310547
171.8300018310547
171.75999450683594
171.80999755859375
171.80999755859375
171.64999389648438
171.6844024658203
171.66000366210938
172.08999633789062
172.01499938964844
171.85000610351562
171.85000610351562
171.73500061035156
171.7899932861328
171.7100067138672
171.67999267578125
171.72000122070312
171.77000427246094
171.4600067138672
171.49000549316406
171.47000122070312
171.3699951171875
171.48500061035156
171.61000061035156
171.61000061035156
171.4499969482422
171.44500732421875
171.47500610351562
171.3300018310547
171.25
171.2899932861328
171.35000610351562
171.32000732421875
171.38499450683594
171.34500122070312
171.3350067138672
171.27999877929688
171.28480529785156
171.28500366210938
171.41000366210938
171.53500366210938
171.58999633789062
171.55999755859375
171.4199981689453
171.44500732421875
171.50999450683594
171.5399932861328
171.5399932861328
171.5399932861328
171.5399932861328
171.4600067138672
171.47000122070312
171.72000122070312
171.7100067138672
171.7100067138672
171.52499389648438
171.52499389648438
171.52499389648438
171.5
171.3300018310547
171.31500244140625
171.4008026123047
171.4499969482422
171.39999389648438
171.52000427246094
171.58999633789062
171.47000122070312
171.39999389648438
171.39999389648438
171.5
171.6699981689453
171.72000122070312
171.72999572753906
171.72999572753906
171.8000030517578
171.80999755859375
172.02000427246094
172.0
171.89500427246094
171.9600067138672
171.97999572753906
172.02000427246094
171.97259521484375
171.91000366210938
171.86000061035156
171.86000061035156
171.9499969482422
171.88999938964844
171.99000549316406
172.00999450683594
172.0449981689453
172.17999267578125
172.17999267578125
172.1199951171875
172.1699981689453
172.1699981689453
172.25999450683594
172.1300048828125
172.14999389648438
172.0
172.0749969482422
172.05499267578125
172.10000610351562
172.1699981689453
172.05999755859375
172.16000366210938
172.16000366210938
172.16000366210938
172.1322021484375
172.1322021484375
172.14500427246094
172.14500427246094
172.22999572753906
172.17999267578125
172.11000061035156
172.25999450683594
172.22000122070312
172.22000122070312
172.17999267578125
172.07000732421875
172.22000122070312
172.17999267578125
172.0800018310547
172.11000061035156
172.13999938964844
172.0800018310547
172.0800018310547
172.0800018310547
172.05499267578125
172.05499267578125
171.9550018310547
172.02000427246094
172.02000427246094
172.07000732421875
172.1199951171875
172.13999938964844
172.0399932861328
172.0800018310547
172.10000610351562
172.14999389648438
172.1199951171875
172.1199951171875
172.08999633789062
172.08999633789062
172.10000610351562
172.07000732421875
172.07000732421875
172.19000244140625
172.19000244140625
172.1199951171875
172.02499389648438
172.02499389648438
172.07000732421875
171.98500061035156
171.9600067138672
171.91000366210938
171.9199981689453
171.9499969482422
171.9499969482422
171.8699951171875
171.83999633789062
171.85000610351562
171.91000366210938
171.9600067138672
171.97000122070312
171.9600067138672
171.8699951171875
171.92999267578125
171.92999267578125
171.92999267578125
171.89999389648438
171.92999267578125
171.9199981689453
171.86000061035156
171.88999938964844
171.8350067138672
171.89999389648438
171.89999389648438
171.88999938964844
171.875
171.88499450683594
171.94000244140625
171.97500610351562
172.00999450683594
171.99000549316406
171.97500610351562
171.97999572753906
171.9499969482422
172.0
172.11000061035156
172.1300048828125
172.16000366210938
172.11729431152344
172.10000610351562
172.0399932861328
171.97000122070312
171.99000549316406
171.97000122070312
171.98500061035156
172.05999755859375
172.0500030517578
172.05999755859375
172.00999450683594
172.0399932861328
172.08999633789062
172.11000061035156
172.09750366210938
172.08999633789062
172.19000244140625
172.08999633789062
172.11000061035156
172.05999755859375
172.05999755859375
172.0399932861328
172.10000610351562
172.10000610351562
172.10000610351562
172.08999633789062
172.08999633789062
172.1300048828125
172.25999450683594
172.25999450683594
172.22999572753906
172.25999450683594
172.25999450683594
172.2050018310547
172.22999572753906
172.27000427246094
172.25
172.5
172.52000427246094
172.47000122070312
172.41000366210938
172.40499877929688
172.32000732421875
172.33999633789062
172.44000244140625
172.38499450683594
172.35000610351562
172.36000061035156
172.38999938964844
172.5399932861328
172.5399932861328
172.47500610351562
172.47500610351562
172.6300048828125
172.63499450683594
172.64500427246094
172.68499755859375
172.68499755859375
172.75999450683594
172.8000030517578
172.8350067138672
172.92999267578125
172.9199981689453
173.00999450683594
172.88999938964844
172.9199981689453
172.86500549316406
172.875
172.7899932861328
172.6999969482422
172.6999969482422
172.61000061035156
172.61000061035156
172.56500244140625
172.4949951171875
172.44000244140625
172.4499969482422
172.48500061035156
172.50999450683594
172.55999755859375
172.57000732421875
172.72999572753906
172.77000427246094
172.77000427246094
172.88999938964844
172.91000366210938
172.8699951171875
172.85499572753906
172.77999877929688
172.77999877929688
172.67999267578125
172.6199951171875
172.63499450683594
172.66000366210938
172.61000061035156
172.60499572753906
172.60499572753906
172.57000732421875
172.55999755859375
172.55499267578125
172.56500244140625
172.52000427246094
172.5124969482422
172.42999267578125
172.42999267578125
172.39999389648438
172.38999938964844
172.40499877929688
172.3175048828125
172.28500366210938
172.3300018310547
172.3249969482422
172.27749633789062
172.27000427246094
172.3000030517578
172.35000610351562
172.4149932861328
172.375
172.50999450683594
172.4550018310547
172.4600067138672
172.46499633789062
172.19500732421875
172.22500610351562
172.16000366210938
172.25
172.3249969482422
172.27000427246094
172.27000427246094
172.35000610351562
172.27000427246094
172.27000427246094
172.35499572753906
172.2949981689453
172.36000061035156
172.35980224609375
172.35980224609375
172.39999389648438
172.3699951171875
172.3800048828125
172.3800048828125
172.38999938964844
172.40499877929688
172.3800048828125
172.3800048828125
172.44000244140625
172.47000122070312
172.47999572753906
172.47999572753906
172.48989868164062
172.5
172.41000366210938
172.4149932861328
172.34500122070312
172.24000549316406
172.4199981689453
172.3699951171875
172.30999755859375
172.27999877929688
172.33999633789062
172.27999877929688
172.2899932861328
172.28500366210938
172.2899932861328
172.24000549316406
172.25999450683594
172.13999938964844
172.24000549316406
172.25
172.30999755859375
172.36000061035156
172.3699951171875
172.32000732421875
172.27999877929688
172.25999450683594
172.25999450683594
172.22500610351562
172.25
172.27999877929688
172.2100067138672
172.23080444335938
172.22999572753906
172.22999572753906
172.22500610351562
172.3115997314453
172.25990295410156
172.25990295410156
172.39500427246094
172.47999572753906
172.47999572753906
172.52999877929688
172.6999969482422
172.7100067138672
172.72999572753906
172.7899932861328
172.8249969482422
172.89999389648438
172.83999633789062
172.89999389648438
172.83999633789062
172.86000061035156
172.82000732421875
172.82000732421875
172.84750366210938
172.85569763183594
172.8000030517578
172.83999633789062
173.0
172.86000061035156
172.86000061035156
172.83999633789062
172.9199981689453
172.9199981689453
172.9199981689453
172.8699951171875
172.8699951171875
172.84500122070312
172.88999938964844
172.82000732421875
172.92999267578125
172.88999938964844
172.88999938964844
172.8300018310547
172.9600067138672
173.02000427246094
172.90499877929688
172.99000549316406
172.99000549316406
173.1300048828125
173.1300048828125
173.11000061035156
173.02999877929688
173.11180114746094
173.05999755859375
173.0800018310547
173.13999938964844
173.08079528808594
173.15499877929688
173.0500030517578
173.02499389648438
172.9550018310547
172.97999572753906
172.9499969482422
173.00999450683594
172.97000122070312
172.94000244140625
172.9499969482422
172.97000122070312
172.9875030517578
172.9949951171875
173.0
172.9199981689453
172.99000549316406
173.0
173.0050048828125
173.05999755859375
173.1199951171875
173.1540069580078
173.22000122070312
173.33999633789062
173.24000549316406
173.25999450683594
173.35000610351562
173.3800048828125
173.4250030517578
173.33999633789062
173.36000061035156
173.19500732421875
173.19500732421875
173.0500030517578
173.0399932861328
172.9949951171875
172.92999267578125
172.9250030517578
172.97999572753906
172.8800048828125
172.91000366210938
173.02999877929688
172.97000122070312
173.02000427246094
172.86000061035156
172.91000366210938
172.9199981689453
173.0
172.99749755859375
172.9600067138672
172.98500061035156
173.0500030517578
173.05999755859375
172.97999572753906
173.07000732421875
173.08999633789062
173.07000732421875
172.9499969482422
172.88999938964844
172.91000366210938
173.1024932861328
173.11000061035156
173.1199951171875
173.02999877929688
173.00999450683594
173.03500366210938
173.13999938964844
173.17999267578125
173.02999877929688
172.94000244140625
172.9600067138672
172.93800354003906
172.89999389648438
172.8000030517578
172.8800048828125
172.94000244140625
172.9949951171875
172.97999572753906
173.0
172.83999633789062
172.6699981689453
172.72999572753906
172.80999755859375
172.7100067138672
172.6300048828125
172.63499450683594
172.49000549316406
172.5399932861328
172.75999450683594
172.5050048828125
172.4199981689453
172.4499969482422
172.38999938964844
172.39999389648438
172.375
172.3800048828125
172.3300018310547
172.22000122070312
172.14500427246094
172.1999969482422
172.19000244140625
172.13499450683594
172.0
171.97999572753906
171.94000244140625
