483.30999755859375
482.7698974609375
483.1499938964844
484.489990234375
484.239990234375
485.25
484.45001220703125
484.79998779296875
484.6600036621094
486.0199890136719
485.6600036621094
486.0400085449219
485.5899963378906
485.69500732421875
486.8599853515625
486.9200134277344
487.1600036621094
488.05999755859375
488.1000061035156
488.75
488.9551086425781
489.0799865722656
487.8399963378906
488.0299987792969
488.1499938964844
488.30499267578125
487.352294921875
487.5
487.89349365234375
487.6449890136719
487.8599853515625
488.1199951171875
488.0849914550781
488.67498779296875
488.5050048828125
488.7200012207031
488.6499938964844
487.885009765625
487.07000732421875
487.0143127441406
486.30230712890625
486.739990234375
486.44500732421875
486.7900085449219
486.81500244140625
486.92999267578125
485.25
484.79998779296875
485.3800048828125
485.739990234375
486.17999267578125
486.4649963378906
486.4649963378906
486.30999755859375
486.3550109863281
486.4100036621094
486.489990234375
486.6000061035156
486.17388916015625
486.0799865722656
486.3500061035156
486.82501220703125
486.760009765625
487.2349853515625
487.5249938964844
487.6000061035156
487.94000244140625
488.0899963378906
488.2550048828125
488.2200012207031
487.7200012207031
488.1099853515625
487.9100036621094
487.7799987792969
488.42999267578125
488.3949890136719
487.6700134277344
487.010009765625
486.6400146484375
486.7799987792969
486.3999938964844
486.55999755859375
486.6199951171875
487.0224914550781
485.9800109863281
485.8800048828125
485.74578857421875
485.260009765625
485.06640625
483.7749938964844
483.92999267578125
483.75
484.1600036621094
484.32000732421875
484.2850036621094
484.29998779296875
483.7799987792969
483.44500732421875
483.37908935546875
483.29998779296875
483.2699890136719
483.0400085449219
482.5799865722656
482.3800048828125
481.9200134277344
481.7099914550781
481.9849853515625
482.20001220703125
482.0
481.5299987792969
481.37200927734375
481.2300109863281
481.2900085449219
480.5799865722656
480.32000732421875
480.6199951171875
480.6199951171875
480.79998779296875
480.9200134277344
480.9800109863281
481.1499938964844
481.2900085449219
481.4549865722656
481.5799865722656
481.7799987792969
481.5
481.82000732421875
481.75
481.739990234375
481.8299865722656
482.2349853515625
481.8900146484375
482.0400085449219
482.19000244140625
482.125
481.8500061035156
481.67999267578125
481.760009765625
481.7250061035156
481.5
481.5
481.8699951171875
481.9450988769531
481.4695129394531
481.489990234375
481.6630859375
481.2799987792969
481.2799987792969
481.79998779296875
481.79998779296875
481.7099914550781
481.2799987792969
481.32000732421875
481.885009765625
481.79998779296875
482.44000244140625
482.17999267578125
482.1199951171875
482.1199951171875
482.7200012207031
482.697998046875
482.864990234375
482.2699890136719
482.5400085449219
482.5400085449219
482.4200134277344
482.4150085449219
482.1400146484375
482.9200134277344
482.9200134277344
483.07000732421875
482.69500732421875
483.0282897949219
483.5299987792969
483.6099853515625
483.69000244140625
483.6600036621094
483.67999267578125
483.239990234375
483.1650085449219
483.44000244140625
483.1199951171875
483.4100036621094
483.4800109863281
483.7900085449219
483.7099914550781
484.1650085449219
484.7200012207031
484.6499938964844
484.625
484.7080993652344
484.885009765625
484.7149963378906
484.3450012207031
484.4599914550781
484.5299987792969
484.5150146484375
484.489990234375
484.32000732421875
484.17999267578125
483.8500061035156
484.1050109863281
484.0
483.82000732421875
484.45001220703125
484.45001220703125
484.385009765625
484.45001220703125
484.2799987792969
484.2359924316406
484.2359924316406
484.30499267578125
484.1390075683594
483.9700012207031
484.30999755859375
484.4110107421875
484.2200012207031
484.2200012207031
485.05999755859375
485.05999755859375
485.114990234375
485.2650146484375
485.0325012207031
484.79998779296875
484.79998779296875
484.7650146484375
484.260009765625
484.260009765625
484.32000732421875
484.3900146484375
484.3900146484375
484.875
484.875
484.875
484.8900146484375
485.07000732421875
485.10430908203125
485.10430908203125
484.5249938964844
484.8136901855469
484.70001220703125
484.6400146484375
484.76190185546875
484.44500732421875
484.17999267578125
484.4200134277344
484.30499267578125
484.68499755859375
485.1899108886719
485.2950134277344
485.0299987792969
485.135009765625
485.06500244140625
485.06500244140625
484.5950012207031
484.94000244140625
484.94000244140625
484.94000244140625
484.8949890136719
485.1099853515625
484.96929931640625
484.6600036621094
484.6300048828125
484.2200012207031
484.45001220703125
484.3399963378906
484.9100036621094
484.6780090332031
485.0050048828125
485.0050048828125
484.92498779296875
485.0199890136719
484.92999267578125
484.989990234375
485.0863952636719
485.2650146484375
485.3900146484375
485.1400146484375
485.2200012207031
485.04998779296875
485.0
485.0646057128906
485.1600036621094
485.32000732421875
485.32000732421875
485.1700134277344
485.1099853515625
485.1000061035156
485.17999267578125
485.1099853515625
485.2900085449219
485.2799987792969
485.1000061035156
485.1000061035156
485.2650146484375
485.2099914550781
484.69000244140625
484.69000244140625
485.0199890136719
485.0199890136719
484.79998779296875
484.8550109863281
484.8550109863281
485.04998779296875
485.1600036621094
485.30999755859375
484.9800109863281
485.18499755859375
485.2900085449219
485.489990234375
485.67999267578125
485.69000244140625
485.5
485.95001220703125
485.739990234375
485.739990234375
485.82000732421875
485.8450012207031
485.8399963378906
486.0899963378906
486.3800048828125
486.20001220703125
486.17999267578125
486.1099853515625
486.1199951171875
486.2950134277344
486.04998779296875
486.04998779296875
485.95001220703125
486.20001220703125
486.5899963378906
486.635009765625
486.5899963378906
486.864990234375
486.8550109863281
487.17999267578125
487.17999267578125
487.5199890136719
487.4800109863281
487.5299987792969
487.1650085449219
487.3063049316406
487.45001220703125
487.45001220703125
487.57501220703125
487.1000061035156
487.0277099609375
487.29998779296875
487.29998779296875
487.29998779296875
487.4849853515625
487.4849853515625
487.4849853515625
487.3699951171875
487.3699951171875
487.4599914550781
487.2925109863281
487.3800048828125
487.4840087890625
487.3399963378906
487.17999267578125
487.25
487.05999755859375
486.8800048828125
486.8800048828125
487.1700134277344
487.07000732421875
486.8028869628906
486.8028869628906
486.8999938964844
486.8822937011719
486.9649963378906
486.7449951171875
486.9100036621094
486.8349914550781
486.8349914550781
486.7334899902344
486.82000732421875
487.04998779296875
487.04998779296875
486.8399963378906
486.8399963378906
487.0799865722656
487.0799865722656
487.0799865722656
486.9744873046875
486.9549865722656
486.9549865722656
486.739990234375
486.739990234375
487.010009765625
487.4200134277344
487.4200134277344
487.5
487.9200134277344
487.81390380859375
487.80999755859375
487.80999755859375
487.5350036621094
487.8797912597656
487.42999267578125
487.75
487.75
487.48431396484375
487.48431396484375
487.60980224609375
487.6099853515625
487.635986328125
487.7250061035156
487.7900085449219
487.69000244140625
487.44000244140625
487.42999267578125
487.57000732421875
487.4599914550781
487.25
487.3299865722656
487.4100036621094
487.3999938964844
487.6400146484375
487.25
487.4100036621094
487.30999755859375
487.3800048828125
487.42498779296875
487.4200134277344
487.30999755859375
487.2699890136719
487.29998779296875
486.8900146484375
487.0199890136719
487.31500244140625
487.30999755859375
486.9800109863281
486.8699951171875
487.1400146484375
486.8599853515625
486.94000244140625
487.2099914550781
486.8999938964844
486.7200012207031
486.7449951171875
486.5150146484375
486.8599853515625
486.6400146484375
486.55340576171875
486.55340576171875
486.82000732421875
486.84149169921875
486.8800048828125
486.739990234375
486.92291259765625
486.7799987792969
486.760009765625
486.8800048828125
486.6700134277344
486.5299987792969
486.67999267578125
486.80999755859375
486.864990234375
486.864990234375
486.625
486.7850036621094
486.9242858886719
487.0950012207031
487.6000061035156
486.9797058105469
487.07000732421875
486.7550048828125
486.93499755859375
486.93499755859375
487.05499267578125
487.17999267578125
486.9200134277344
486.77520751953125
486.69000244140625
486.7099914550781
486.7099914550781
486.760009765625
486.7650146484375
486.80999755859375
486.7049865722656
486.7049865722656
486.8500061035156
487.25
487.29998779296875
487.5
487.7900085449219
487.6700134277344
487.69000244140625
487.3800048828125
487.6099853515625
487.1600036621094
487.3800048828125
487.2149963378906
487.260009765625
487.1700134277344
487.010009765625
486.8399963378906
487.1099853515625
486.8599853515625
486.9100036621094
487.1199951171875
487.05999755859375
487.1000061035156
487.27069091796875
487.19000244140625
487.0299987792969
487.1650085449219
487.2665100097656
487.3599853515625
487.6199951171875
487.56500244140625
487.5249938964844
487.3599853515625
487.3949890136719
487.5332946777344
487.55499267578125
487.6499938964844
487.6099853515625
487.5299987792969
487.68499755859375
487.42999267578125
487.75
487.7300109863281
487.989990234375
488.05999755859375
487.9713134765625
487.8399963378906
488.010009765625
488.1099853515625
488.1700134277344
488.19500732421875
488.2799987792969
488.25
488.2699890136719
488.2900085449219
488.30999755859375
488.3999938964844
488.0400085449219
488.4700012207031
488.5
488.3800048828125
488.0899963378906
488.0979919433594
488.19000244140625
488.1700134277344
488.110595703125
488.0350036621094
487.7936096191406
487.54998779296875
487.5
487.70001220703125
487.4849853515625
487.510009765625
487.5400085449219
487.5
487.5
487.364990234375
487.6099853515625
487.4599914550781
487.44000244140625
487.4049987792969
487.3550109863281
487.135009765625
487.1000061035156
487.4200134277344
487.4200134277344
487.4800109863281
487.3900146484375
487.3399963378906
487.1700134277344
487.25
487.2550048828125
487.25
487.1000061035156
487.0
486.95001220703125
487.2099914550781
487.2699890136719
487.114990234375
487.0350036621094
486.94000244140625
486.8900146484375
486.45001220703125
486.1400146484375
486.1700134277344
486.3550109863281
486.3900146484375
486.1700134277344
486.32000732421875
486.06500244140625
485.5899963378906
485.94000244140625
486.1400146484375
485.9200134277344
485.67999267578125
485.6300048828125
485.2699890136719
485.7900085449219
485.885009765625
485.5400085449219
485.2550048828125
485.20001220703125
485.1499938964844
485.1000061035156
484.9949951171875
485.30999755859375
484.7300109863281
484.510009765625
484.5299987792969
484.44000244140625
484.0799865722656
484.1000061035156
483.5329895019531
483.2749938964844
483.1400146484375
