228.6199951171875
229.14999389648438
228.9149932861328
228.85499572753906
229.22000122070312
229.50999450683594
229.0500030517578
228.69500732421875
228.11000061035156
228.0
228.02000427246094
227.92999267578125
227.93499755859375
227.69000244140625
228.1999969482422
228.0
228.4600067138672
228.7899932861328
228.89999389648438
228.87010192871094
228.25999450683594
228.3000030517578
228.2449951171875
228.10499572753906
228.09669494628906
227.83999633789062
227.88999938964844
228.00999450683594
227.72999572753906
227.42999267578125
227.39999389648438
227.0399932861328
226.80999755859375
226.44000244140625
226.38499450683594
226.11000061035156
225.85499572753906
226.2100067138672
226.17999267578125
225.9600067138672
226.45559692382812
226.125
225.9499969482422
226.14999389648438
226.52999877929688
226.4499969482422
226.2449951171875
226.08999633789062
225.97999572753906
226.13999938964844
226.19500732421875
226.36500549316406
226.1300048828125
226.0800018310547
225.9199981689453
225.9199981689453
226.06500244140625
226.10000610351562
225.58999633789062
225.7100067138672
225.52000427246094
225.77999877929688
225.77999877929688
225.91000366210938
225.97999572753906
226.22999572753906
226.6999969482422
226.5800018310547
226.51499938964844
226.55999755859375
226.41000366210938
226.5800018310547
226.4550018310547
226.38999938964844
226.20669555664062
226.375
226.4199981689453
226.57000732421875
226.36500549316406
226.55999755859375
226.5500030517578
226.64999389648438
226.63999938964844
226.72999572753906
226.80999755859375
226.77000427246094
227.08999633789062
226.9600067138672
226.3800048828125
225.9499969482422
225.86000061035156
226.07000732421875
226.14999389648438
225.8699951171875
225.92999267578125
226.0460968017578
226.14999389648438
225.97000122070312
225.8699951171875
225.8000030517578
225.8249969482422
225.6999969482422
225.39999389648438
225.17999267578125
225.72000122070312
225.64990234375
225.63999938964844
225.95790100097656
225.87289428710938
225.69000244140625
225.5500030517578
225.60499572753906
225.3300018310547
225.2899932861328
225.2899932861328
225.3000030517578
225.2100067138672
225.2100067138672
225.0399932861328
225.1699981689453
225.22000122070312
225.06500244140625
225.11500549316406
225.2100067138672
225.43499755859375
225.5800018310547
225.47999572753906
225.82000732421875
226.0
226.1199951171875
226.0
225.92999267578125
226.0850067138672
225.97999572753906
226.0800018310547
226.22000122070312
226.16000366210938
225.9550018310547
225.89999389648438
225.7711944580078
225.6649932861328
225.77000427246094
225.58999633789062
225.74000549316406
225.58999633789062
225.63999938964844
225.60000610351562
225.42999267578125
225.5399932861328
225.36380004882812
225.05999755859375
225.23500061035156
225.35569763183594
225.3699951171875
225.55999755859375
225.7100067138672
225.50999450683594
225.2899932861328
225.1300048828125
225.22999572753906
225.5399932861328
225.4499969482422
225.468994140625
225.49000549316406
225.33999633789062
225.44000244140625
225.19000244140625
225.25999450683594
225.12680053710938
225.2050018310547
225.2899932861328
225.1699981689453
225.32000732421875
225.39500427246094
225.375
225.60000610351562
225.49000549316406
225.1300048828125
225.22000122070312
225.21499633789062
225.1999969482422
225.2899932861328
225.6300048828125
225.66000366210938
225.77999877929688
225.47000122070312
225.6199951171875
225.88999938964844
225.88800048828125
225.8280029296875
225.8800048828125
225.88589477539062
225.7100067138672
225.72999572753906
225.7899932861328
225.85000610351562
225.8800048828125
225.89999389648438
225.8000030517578
225.9550018310547
226.0800018310547
226.09339904785156
226.1199951171875
226.1490936279297
226.0500030517578
226.22000122070312
226.0800018310547
225.9199981689453
225.96929931640625
226.00999450683594
226.00799560546875
225.9499969482422
225.88299560546875
225.83999633789062
225.77999877929688
225.75999450683594
225.62010192871094
225.83099365234375
225.9720001220703
225.9199981689453
225.8699951171875
225.91000366210938
225.69000244140625
225.7100067138672
225.7550048828125
225.80999755859375
225.77000427246094
225.69000244140625
225.8000030517578
225.83999633789062
225.85000610351562
225.9550018310547
225.90499877929688
225.85000610351562
225.9499969482422
226.0
225.97000122070312
225.9600067138672
225.91000366210938
225.9333038330078
225.9600067138672
225.9980010986328
226.02000427246094
225.9600067138672
225.8249969482422
225.88999938964844
225.96499633789062
225.96499633789062
226.05999755859375
226.0800018310547
226.0
226.05999755859375
226.18499755859375
226.47000122070312
226.71620178222656
226.64999389648438
226.77000427246094
226.60000610351562
226.71499633789062
226.79049682617188
226.9199981689453
226.67999267578125
226.59500122070312
226.44000244140625
226.4199981689453
226.38999938964844
226.47000122070312
226.6186065673828
226.6300048828125
226.66000366210938
226.6999969482422
226.58999633789062
226.52000427246094
226.60499572753906
226.5435028076172
226.6699981689453
226.84820556640625
226.61940002441406
226.5699005126953
226.7100067138672
226.58999633789062
226.5800018310547
226.4499969482422
226.49000549316406
226.2899932861328
226.4250030517578
226.6199951171875
226.68499755859375
226.72999572753906
226.72500610351562
226.75999450683594
226.81329345703125
227.0
227.0
226.99000549316406
227.00999450683594
226.63999938964844
226.7100067138672
226.8300018310547
226.74000549316406
226.72000122070312
226.72979736328125
226.72999572753906
226.72000122070312
226.69009399414062
226.72999572753906
226.9499969482422
227.02999877929688
227.00999450683594
227.1199951171875
227.02999877929688
227.07000732421875
227.10000610351562
227.02999877929688
227.13999938964844
227.14999389648438
227.031005859375
227.125
227.24000549316406
227.32000732421875
227.4499969482422
227.16090393066406
227.2899932861328
227.3000030517578
227.38499450683594
227.5399932861328
227.67999267578125
227.7100067138672
227.56500244140625
227.63999938964844
227.6999969482422
227.7050018310547
227.7100067138672
227.82960510253906
227.66000366210938
227.74000549316406
227.71499633789062
227.6300048828125
227.86000061035156
227.94000244140625
227.8699951171875
227.97999572753906
227.947998046875
227.99000549316406
227.90969848632812
227.9499969482422
227.91000366210938
227.7720947265625
227.97000122070312
228.14999389648438
228.25999450683594
228.17999267578125
228.2550048828125
228.27000427246094
228.16000366210938
228.15499877929688
227.9600067138672
228.05499267578125
228.17999267578125
228.1699981689453
228.0
228.02999877929688
227.97999572753906
228.02499389648438
228.00999450683594
228.02999877929688
227.91000366210938
227.8448944091797
227.74000549316406
227.64999389648438
227.5050048828125
227.64999389648438
227.5850067138672
227.5
227.53500366210938
227.42999267578125
227.52369689941406
227.36099243164062
227.36000061035156
227.50999450683594
227.6699981689453
227.63999938964844
227.58999633789062
227.61000061035156
227.7899932861328
227.72999572753906
227.66000366210938
227.66000366210938
227.56500244140625
227.6649932861328
227.77499389648438
227.90609741210938
227.94000244140625
228.06370544433594
228.09500122070312
228.0500030517578
227.9949951171875
227.92999267578125
227.73880004882812
227.77000427246094
227.82249450683594
228.11000061035156
228.25999450683594
228.1300048828125
228.0449981689453
228.02499389648438
227.8000030517578
227.76499938964844
227.80499267578125
227.8800048828125
228.01499938964844
227.9156036376953
227.8800048828125
228.0399932861328
228.02999877929688
227.97000122070312
228.02000427246094
228.11000061035156
228.16000366210938
228.1999969482422
228.10000610351562
228.14999389648438
228.00999450683594
228.02499389648438
227.9940948486328
227.96499633789062
228.0
227.97569274902344
227.92010498046875
227.9199981689453
227.77000427246094
227.9600067138672
227.9199981689453
227.86500549316406
227.77999877929688
227.86000061035156
227.77000427246094
227.91000366210938
227.92999267578125
227.9600067138672
227.8350067138672
227.88999938964844
227.72999572753906
227.78500366210938
227.6300048828125
227.75999450683594
227.85000610351562
227.8300018310547
227.8300018310547
227.6999969482422
227.67999267578125
227.60000610351562
227.5
227.5198974609375
227.47000122070312
227.5
227.4499969482422
227.3800048828125
227.4499969482422
227.41000366210938
227.38999938964844
227.4499969482422
227.46499633789062
227.44500732421875
227.41000366210938
227.4600067138672
227.3699951171875
227.36000061035156
227.27999877929688
227.2100067138672
227.16000366210938
227.17999267578125
227.09500122070312
227.02999877929688
227.14999389648438
226.97999572753906
227.0
227.0
227.03500366210938
227.05499267578125
227.2100067138672
227.2899932861328
227.52000427246094
227.56019592285156
227.4949951171875
227.6300048828125
227.6999969482422
227.74000549316406
227.80999755859375
227.72000122070312
227.7100067138672
227.6750030517578
227.52999877929688
227.47000122070312
227.41000366210938
227.53500366210938
227.5
227.42999267578125
227.3300018310547
227.44000244140625
227.52000427246094
227.56790161132812
227.64999389648438
227.71499633789062
227.8300018310547
227.75999450683594
227.80999755859375
227.80999755859375
227.77999877929688
227.80999755859375
227.89999389648438
227.91000366210938
227.827392578125
227.9199981689453
227.97999572753906
228.00999450683594
227.89999389648438
227.8800048828125
228.0
228.07000732421875
227.99000549316406
228.0
228.0050048828125
228.02000427246094
228.02000427246094
228.07000732421875
228.14500427246094
228.11500549316406
228.0500030517578
228.16000366210938
228.13999938964844
228.09500122070312
228.2949981689453
228.43499755859375
228.50999450683594
228.52999877929688
228.55999755859375
228.50999450683594
228.53500366210938
228.5800018310547
228.71499633789062
229.00999450683594
229.1300048828125
229.0500030517578
229.10499572753906
229.16000366210938
229.21499633789062
229.27000427246094
229.32000732421875
229.2100067138672
229.16000366210938
229.1699981689453
229.19000244140625
229.17999267578125
229.2100067138672
229.3699951171875
229.55999755859375
229.6699981689453
229.69000244140625
229.9499969482422
230.0850067138672
229.88499450683594
229.82000732421875
229.82000732421875
229.7899932861328
229.61000061035156
229.73399353027344
229.63499450683594
229.69000244140625
229.6300048828125
229.4600067138672
229.55999755859375
229.80499267578125
229.86000061035156
229.9199981689453
229.89999389648438
229.9600067138672
229.50999450683594
229.60000610351562
229.39999389648438
229.3800048828125
229.4250030517578
229.5449981689453
229.38729858398438
229.36000061035156
229.32000732421875
229.29249572753906
229.3699951171875
229.36000061035156
229.4600067138672
229.375
229.19000244140625
229.07000732421875
229.08999633789062
229.41110229492188
229.32000732421875
229.0399932861328
229.0399932861328
228.9199981689453
229.1699981689453
229.3249969482422
229.3000030517578
229.27000427246094
229.32000732421875
229.3300018310547
229.35000610351562
229.25999450683594
229.23500061035156
229.10000610351562
228.89999389648438
228.80999755859375
228.80999755859375
228.67999267578125
228.68499755859375
228.47000122070312
228.44000244140625
228.4499969482422
