53.540000915527344
53.505001068115234
53.57500076293945
53.529998779296875
53.500301361083984
53.58000183105469
53.564998626708984
53.54999923706055
53.650001525878906
53.70920181274414
53.70500183105469
53.720001220703125
53.584999084472656
53.709999084472656
53.72999954223633
53.67499923706055
53.744998931884766
53.7400016784668
53.755001068115234
53.744998931884766
53.75
53.630001068115234
53.630001068115234
53.64500045776367
53.700199127197266
53.720001220703125
53.70669937133789
53.71500015258789
53.745601654052734
53.76499938964844
53.80500030517578
53.80179977416992
53.810001373291016
53.790000915527344
53.80059814453125
53.790000915527344
53.77000045776367
53.7599983215332
53.69160079956055
53.6349983215332
53.619998931884766
53.61000061035156
53.595001220703125
53.54999923706055
53.55500030517578
53.494998931884766
53.5
53.54499816894531
53.540000915527344
53.53559875488281
53.529998779296875
53.5099983215332
53.494998931884766
53.494998931884766
53.4900016784668
53.45000076293945
53.44499969482422
53.459999084472656
53.459999084472656
53.435001373291016
53.45000076293945
53.47460174560547
53.45349884033203
53.459999084472656
53.505001068115234
53.48500061035156
53.525001525878906
53.525001525878906
53.51499938964844
53.48500061035156
53.435001373291016
53.46860122680664
53.45500183105469
53.42499923706055
53.41999816894531
53.43109893798828
53.41999816894531
53.375
53.3650016784668
53.35499954223633
53.375
53.39500045776367
53.40330123901367
53.40999984741211
53.349998474121094
53.3650016784668
53.375
53.35499954223633
53.369998931884766
53.334999084472656
53.358699798583984
53.349998474121094
53.36000061035156
53.310001373291016
53.30500030517578
53.310001373291016
53.314998626708984
53.31999969482422
53.314998626708984
53.310001373291016
53.29999923706055
53.290000915527344
53.244998931884766
53.255001068115234
53.24549865722656
53.22999954223633
53.28499984741211
53.29999923706055
53.31999969482422
53.31999969482422
53.334999084472656
53.30500030517578
53.310001373291016
53.279998779296875
53.28730010986328
53.27000045776367
53.25
53.27000045776367
53.279998779296875
53.27159881591797
53.310001373291016
53.29790115356445
53.314998626708984
53.3650016784668
53.32500076293945
53.345001220703125
53.31999969482422
53.310001373291016
53.32500076293945
53.279998779296875
53.290000915527344
53.29499816894531
53.33000183105469
53.334999084472656
53.31999969482422
53.345001220703125
53.38999938964844
53.38999938964844
53.3650016784668
53.334999084472656
53.349998474121094
53.35499954223633
53.33000183105469
53.32500076293945
53.334999084472656
53.345001220703125
53.34000015258789
53.33300018310547
53.334999084472656
53.32500076293945
53.31999969482422
53.310001373291016
53.30500030517578
53.34000015258789
53.380001068115234
53.42499923706055
53.39469909667969
53.395999908447266
53.40999984741211
53.43000030517578
53.439998626708984
53.44449996948242
53.444400787353516
53.44499969482422
53.420101165771484
53.43000030517578
53.41999816894531
53.423500061035156
53.41999816894531
53.42570114135742
53.45790100097656
53.42499923706055
53.43000030517578
53.409000396728516
53.41999816894531
53.42639923095703
53.439998626708984
53.404998779296875
53.375
53.39500045776367
53.40999984741211
53.438201904296875
53.474998474121094
53.46099853515625
53.46500015258789
53.48360061645508
53.51499938964844
53.4900016784668
53.50080108642578
53.483299255371094
53.4901008605957
53.48500061035156
53.45000076293945
53.41999816894531
53.42300033569336
53.41899871826172
53.43000030517578
53.43000030517578
53.435001373291016
53.41999816894531
53.41999816894531
53.42959976196289
53.41999816894531
53.404998779296875
53.41999816894531
53.459999084472656
53.4468994140625
53.43450164794922
53.48460006713867
53.494998931884766
53.54999923706055
53.524600982666016
53.494998931884766
53.4900016784668
53.47719955444336
53.4900016784668
53.4900016784668
53.494998931884766
53.45000076293945
53.45000076293945
53.4900016784668
53.46500015258789
53.47010040283203
53.474998474121094
53.489498138427734
53.48500061035156
53.48500061035156
53.472999572753906
53.47999954223633
53.505001068115234
53.494998931884766
53.51499938964844
53.505001068115234
53.50699996948242
53.51499938964844
53.505001068115234
53.52000045776367
53.51729965209961
53.51499938964844
53.5
53.494998931884766
53.5099983215332
53.51499938964844
53.474998474121094
53.48419952392578
53.48500061035156
53.494998931884766
53.505001068115234
53.5
53.5
53.5
53.50410079956055
53.505001068115234
53.5
53.5099983215332
53.505001068115234
53.5
53.4900016784668
53.47999954223633
53.459999084472656
53.46989822387695
53.46500015258789
53.474998474121094
53.470001220703125
53.4900016784668
53.47999954223633
53.48550033569336
53.470699310302734
53.470001220703125
53.45000076293945
53.48500061035156
53.48350143432617
53.48500061035156
53.494998931884766
53.49300003051758
53.5
53.503700256347656
53.4900016784668
53.5
53.4900016784668
53.49700164794922
53.5
53.505001068115234
53.51499938964844
53.5099983215332
53.51499938964844
53.510101318359375
53.51499938964844
53.52000045776367
53.525001525878906
53.52050018310547
53.525001525878906
53.51499938964844
53.52000045776367
53.525001525878906
53.52000045776367
53.525001525878906
53.525001525878906
53.525001525878906
53.52000045776367
53.51499938964844
53.5
53.494998931884766
53.49769973754883
53.494998931884766
53.4900016784668
53.494998931884766
53.474998474121094
53.470001220703125
53.47669982910156
53.46500015258789
53.46500015258789
53.45500183105469
53.464298248291016
53.474998474121094
53.459999084472656
53.44990158081055
53.44499969482422
53.4370002746582
53.435001373291016
53.43000030517578
53.435001373291016
53.445098876953125
53.44089889526367
53.45000076293945
53.472599029541016
53.459999084472656
53.462501525878906
53.47999954223633
53.494998931884766
53.51499938964844
53.496498107910156
53.48040008544922
53.459999084472656
53.474998474121094
53.5099983215332
53.50389862060547
53.5099983215332
53.51499938964844
53.49959945678711
53.494998931884766
53.5099983215332
53.5099983215332
53.49959945678711
53.470001220703125
53.45180130004883
53.45500183105469
53.459999084472656
53.46730041503906
53.46500015258789
53.46120071411133
53.45800018310547
53.45500183105469
53.455101013183594
53.44900131225586
53.44499969482422
53.439998626708984
53.44660186767578
53.45000076293945
53.44499969482422
53.439998626708984
53.45500183105469
53.439998626708984
53.439998626708984
53.45000076293945
53.43000030517578
53.42409896850586
53.420101165771484
53.42359924316406
53.42499923706055
53.423500061035156
53.41999816894531
53.42499923706055
53.400001525878906
53.404998779296875
53.40999984741211
53.404998779296875
53.404998779296875
53.404998779296875
53.39310073852539
53.38999938964844
53.38999938964844
53.40999984741211
53.39500045776367
53.39500045776367
53.39500045776367
53.38999938964844
53.4099006652832
53.40999984741211
53.417999267578125
53.39500045776367
53.404998779296875
53.40999984741211
53.404998779296875
53.440101623535156
53.429100036621094
53.40999984741211
53.415000915527344
53.38999938964844
53.40079879760742
53.369998931884766
53.393699645996094
53.400001525878906
53.400001525878906
53.38999938964844
53.38999938964844
53.3650016784668
53.36000061035156
53.3650016784668
53.35499954223633
53.35499954223633
53.345001220703125
53.33440017700195
53.334999084472656
53.321998596191406
53.319000244140625
53.31999969482422
53.314998626708984
53.34400177001953
53.345001220703125
53.36009979248047
53.375
53.375
53.369998931884766
53.375
53.37369918823242
53.400001525878906
53.369998931884766
53.3849983215332
53.3849983215332
53.375
53.375
53.380001068115234
53.35139846801758
53.35499954223633
53.38990020751953
53.375
53.3650016784668
53.369998931884766
53.36000061035156
53.36000061035156
53.380001068115234
53.380001068115234
53.37480163574219
53.39500045776367
53.415000915527344
53.45000076293945
53.44499969482422
53.43470001220703
53.42570114135742
53.42499923706055
53.43000030517578
53.43790054321289
53.4379997253418
53.42499923706055
53.44499969482422
53.45500183105469
53.45500183105469
53.46500015258789
53.45389938354492
53.45500183105469
53.44499969482422
53.46500015258789
53.45500183105469
53.45500183105469
53.494998931884766
53.494998931884766
53.505001068115234
53.5
53.5099983215332
53.505001068115234
53.49570083618164
53.494998931884766
53.49250030517578
53.4900016784668
53.4650993347168
53.49380111694336
53.48500061035156
53.48970031738281
53.494998931884766
53.4900016784668
53.47999954223633
53.466800689697266
53.48500061035156
53.474998474121094
53.48189926147461
53.489601135253906
53.5
53.499000549316406
53.50199890136719
53.492401123046875
53.49209976196289
53.47570037841797
53.45009994506836
53.459999084472656
53.459999084472656
53.46009826660156
53.46500015258789
53.44499969482422
53.45000076293945
53.44409942626953
53.44499969482422
53.435001373291016
53.44499969482422
53.44499969482422
53.465999603271484
53.470001220703125
53.463600158691406
53.459999084472656
53.45000076293945
53.47999954223633
53.494998931884766
53.494998931884766
53.5004997253418
53.494998931884766
53.494998931884766
53.48440170288086
53.4900016784668
53.49489974975586
53.48500061035156
53.48500061035156
53.496299743652344
53.500099182128906
53.51499938964844
53.505001068115234
53.505001068115234
53.50529861450195
53.494998931884766
53.5
53.5099983215332
53.525001525878906
53.52009963989258
53.540000915527344
53.540000915527344
53.575801849365234
53.564998626708984
53.59000015258789
53.59000015258789
53.595001220703125
53.60499954223633
53.61000061035156
53.6150016784668
53.6150016784668
53.595001220703125
53.58000183105469
53.584999084472656
53.58000183105469
53.57500076293945
53.560001373291016
53.564998626708984
53.5619010925293
53.56999969482422
53.564998626708984
53.57500076293945
53.56999969482422
53.59000015258789
53.57609939575195
53.56999969482422
53.56999969482422
53.595001220703125
53.592899322509766
53.59000015258789
53.584999084472656
53.599998474121094
53.595001220703125
53.58000183105469
53.595001220703125
53.58000183105469
53.57500076293945
53.58000183105469
53.58000183105469
53.58000183105469
53.599998474121094
53.595001220703125
53.59000015258789
53.59000015258789
53.564998626708984
53.589698791503906
53.57500076293945
53.584999084472656
53.55500030517578
53.53150177001953
53.54499816894531
53.525001525878906
53.529998779296875
53.525001525878906
53.53499984741211
53.54499816894531
53.553001403808594
53.54999923706055
53.560001373291016
53.525001525878906
53.4900016784668
53.50899887084961
53.515098571777344
53.505001068115234
53.48500061035156
53.48500061035156
53.494998931884766
53.540000915527344
53.52000045776367
53.49679946899414
53.48500061035156
53.48500061035156
53.46500015258789
53.459999084472656
53.459999084472656
53.459999084472656
53.45000076293945
53.415000915527344
53.38999938964844
53.40010070800781
53.38019943237305
53.37689971923828
53.35499954223633
53.31999969482422
53.310001373291016
