49.189998626708984
49.27000045776367
49.20500183105469
49.29499816894531
49.31999969482422
49.24769973754883
49.29499816894531
49.33000183105469
49.39500045776367
49.290000915527344
49.31399917602539
49.33000183105469
49.2400016784668
49.27899932861328
49.36000061035156
49.369998931884766
49.349998474121094
49.380001068115234
49.3849983215332
49.38999938964844
49.349998474121094
49.33000183105469
49.243499755859375
49.22999954223633
49.279998779296875
49.209999084472656
49.22999954223633
49.220001220703125
49.22999954223633
49.22999954223633
49.2400016784668
49.209999084472656
49.209999084472656
49.189998626708984
49.26959991455078
49.25
49.220001220703125
49.20000076293945
49.154998779296875
49.11000061035156
49.18000030517578
49.17499923706055
49.21160125732422
49.189998626708984
49.25
49.2400016784668
49.150001525878906
49.16999816894531
49.160099029541016
49.16999816894531
49.189998626708984
49.154998779296875
49.15999984741211
49.099998474121094
49.099998474121094
49.099998474121094
49.04999923706055
49.005001068115234
48.9900016784668
48.97999954223633
48.970001220703125
49.039398193359375
49.03390121459961
49.08399963378906
49.18000030517578
49.130001068115234
49.16899871826172
49.20000076293945
49.18000030517578
49.154998779296875
49.06999969482422
49.09000015258789
49.099998474121094
49.03459930419922
49.029998779296875
48.9900016784668
49.00400161743164
48.900001525878906
48.88999938964844
48.88999938964844
48.88999938964844
48.87699890136719
48.86000061035156
48.880001068115234
48.83000183105469
48.84000015258789
48.810001373291016
48.779998779296875
48.7400016784668
48.689998626708984
48.68000030517578
48.65999984741211
48.70000076293945
48.66999816894531
48.63999938964844
48.66999816894531
48.72999954223633
48.689998626708984
48.647300720214844
48.63999938964844
48.61000061035156
48.55500030517578
48.54999923706055
48.54499816894531
48.54999923706055
48.535400390625
48.599998474121094
48.61000061035156
48.58000183105469
48.540000915527344
48.54999923706055
48.58000183105469
48.560001373291016
48.564998626708984
48.529998779296875
48.52000045776367
48.474998474121094
48.51499938964844
48.45000076293945
48.46009826660156
48.525001525878906
48.52000045776367
48.4900016784668
48.43000030517578
48.380001068115234
48.39229965209961
48.38999938964844
48.34000015258789
48.32500076293945
48.310001373291016
48.279998779296875
48.23500061035156
48.310001373291016
48.31999969482422
48.290000915527344
48.290000915527344
48.34000015258789
48.35499954223633
48.38999938964844
48.334999084472656
48.33340072631836
48.33000183105469
48.29999923706055
48.2400016784668
48.27000045776367
48.25
48.220001220703125
48.20000076293945
48.22999954223633
48.228599548339844
48.23500061035156
48.16999816894531
48.18000030517578
48.220001220703125
48.255001068115234
48.34000015258789
48.29999923706055
48.279998779296875
48.25
48.34000015258789
48.400001525878906
48.41999816894531
48.38999938964844
48.45000076293945
48.459999084472656
48.41999816894531
48.41999816894531
48.400001525878906
48.380001068115234
48.38800048828125
48.43000030517578
48.37990188598633
48.41999816894531
48.43000030517578
48.459999084472656
48.5099983215332
48.56999969482422
48.54999923706055
48.529998779296875
48.529998779296875
48.51499938964844
48.51499938964844
48.560001373291016
48.59000015258789
48.58000183105469
48.56999969482422
48.595001220703125
48.630001068115234
48.65999984741211
48.650001525878906
48.63159942626953
48.63999938964844
48.58000183105469
48.584999084472656
48.595001220703125
48.560001373291016
48.59000015258789
48.59000015258789
48.5703010559082
48.58000183105469
48.54999923706055
48.56999969482422
48.57500076293945
48.560001373291016
48.58000183105469
48.599998474121094
48.599998474121094
48.595001220703125
48.560001373291016
48.58000183105469
48.599998474121094
48.56999969482422
48.599998474121094
48.599998474121094
48.58000183105469
48.58319854736328
48.58319854736328
48.60499954223633
48.599998474121094
48.60110092163086
48.599998474121094
48.59000015258789
48.58000183105469
48.59000015258789
48.58000183105469
48.58000183105469
48.54999923706055
48.52000045776367
48.4900016784668
48.47999954223633
48.494998931884766
48.48210144042969
48.459999084472656
48.439998626708984
48.44499969482422
48.439998626708984
48.470001220703125
48.5
48.47999954223633
48.5
48.5099983215332
48.54999923706055
48.560001373291016
48.51499938964844
48.5
48.529998779296875
48.5099983215332
48.54999923706055
48.61000061035156
48.62699890136719
48.59000015258789
48.599998474121094
48.619998931884766
48.625
48.619998931884766
48.619998931884766
48.630001068115234
48.599998474121094
48.619998931884766
48.599998474121094
48.61000061035156
48.61000061035156
48.595001220703125
48.59000015258789
48.57500076293945
48.59000015258789
48.58000183105469
48.59000015258789
48.599998474121094
48.584999084472656
48.60499954223633
48.61000061035156
48.61309814453125
48.619998931884766
48.643001556396484
48.63999938964844
48.665000915527344
48.654998779296875
48.6349983215332
48.599998474121094
48.61989974975586
48.59000015258789
48.608001708984375
48.599998474121094
48.59000015258789
48.59000015258789
48.595001220703125
48.592498779296875
48.560001373291016
48.5525016784668
48.53160095214844
48.57500076293945
48.61249923706055
48.599998474121094
48.599998474121094
48.58000183105469
48.55009841918945
48.56999969482422
48.58000183105469
48.59000015258789
48.540000915527344
48.540000915527344
48.529998779296875
48.53499984741211
48.532501220703125
48.525001525878906
48.51499938964844
48.51499938964844
48.505001068115234
48.5
48.505001068115234
48.540000915527344
48.51139831542969
48.5
48.5
48.496498107910156
48.48500061035156
48.5
48.5
48.4900016784668
48.50790023803711
48.5
48.54999923706055
48.55500030517578
48.595001220703125
48.63249969482422
48.59000015258789
48.56999969482422
48.599998474121094
48.619998931884766
48.64500045776367
48.65950012207031
48.625
48.60499954223633
48.619998931884766
48.66999816894531
48.61000061035156
48.619998931884766
48.630001068115234
48.629798889160156
48.599998474121094
48.60499954223633
48.630001068115234
48.619998931884766
48.599998474121094
48.54999923706055
48.58000183105469
48.584999084472656
48.599998474121094
48.59000015258789
48.595001220703125
48.584999084472656
48.56999969482422
48.59000015258789
48.54999923706055
48.59000015258789
48.599998474121094
48.61199951171875
48.6150016784668
48.599998474121094
48.60499954223633
48.61000061035156
48.625
48.630001068115234
48.619998931884766
48.61750030517578
48.63999938964844
48.61000061035156
48.6150016784668
48.619998931884766
48.599998474121094
48.60749816894531
48.595001220703125
48.6150016784668
48.61000061035156
48.6150016784668
48.6150016784668
48.595001220703125
48.599998474121094
48.58000183105469
48.599998474121094
48.60499954223633
48.59000015258789
48.56999969482422
48.560001373291016
48.5255012512207
48.540000915527344
48.53499984741211
48.55699920654297
48.59000015258789
48.57500076293945
48.60499954223633
48.60499954223633
48.6150016784668
48.65999984741211
48.685001373291016
48.660301208496094
48.665000915527344
48.59000015258789
48.64500045776367
48.60499954223633
48.63959884643555
48.650001525878906
48.65999984741211
48.650001525878906
48.66809844970703
48.68000030517578
48.65999984741211
48.66999816894531
48.65999984741211
48.66999816894531
48.6599006652832
48.66999816894531
48.685001373291016
48.685001373291016
48.68000030517578
48.70000076293945
48.689998626708984
48.709999084472656
48.689998626708984
48.70000076293945
48.709999084472656
48.70989990234375
48.689998626708984
48.70000076293945
48.67850112915039
48.66999816894531
48.650001525878906
48.65060043334961
48.650001525878906
48.61000061035156
48.654998779296875
48.65999984741211
48.630001068115234
48.63999938964844
48.6531982421875
48.63999938964844
48.619998931884766
48.6150016784668
48.56999969482422
48.54999923706055
48.560001373291016
48.54119873046875
48.560001373291016
48.560001373291016
48.55830001831055
48.59000015258789
48.58000183105469
48.58000183105469
48.564998626708984
48.56999969482422
48.54499816894531
48.540000915527344
48.529998779296875
48.540000915527344
48.540000915527344
48.540000915527344
48.54499816894531
48.564998626708984
48.540000915527344
48.53499984741211
48.525001525878906
48.525001525878906
48.52980041503906
48.54499816894531
48.56999969482422
48.54999923706055
48.560001373291016
48.560001373291016
48.595001220703125
48.579898834228516
48.61000061035156
48.58190155029297
48.579898834228516
48.59000015258789
48.61000061035156
48.63999938964844
48.630001068115234
48.63999938964844
48.63999938964844
48.650001525878906
48.63999938964844
48.63999938964844
48.66899871826172
48.6349983215332
48.63999938964844
48.65999984741211
48.68000030517578
48.70000076293945
48.689998626708984
48.65999984741211
48.70050048828125
48.679901123046875
48.67499923706055
48.640098571777344
48.65999984741211
48.63999938964844
48.63999938964844
48.65999984741211
48.689998626708984
48.68000030517578
48.689998626708984
48.70000076293945
48.689998626708984
48.67490005493164
48.687599182128906
48.654998779296875
48.63999938964844
48.63999938964844
48.619998931884766
48.66999816894531
48.66170120239258
48.650001525878906
48.650001525878906
48.63999938964844
48.630001068115234
48.61000061035156
48.60499954223633
48.630001068115234
48.654998779296875
48.6349983215332
48.650001525878906
48.619998931884766
48.619998931884766
48.650001525878906
48.65999984741211
48.68000030517578
48.65019989013672
48.65999984741211
48.68000030517578
48.685001373291016
48.70000076293945
48.689998626708984
48.69499969482422
48.689998626708984
48.72990036010742
48.7599983215332
48.779998779296875
48.790000915527344
48.803199768066406
48.84000015258789
48.830101013183594
48.834999084472656
48.83000183105469
48.810001373291016
48.79999923706055
48.779998779296875
48.77000045776367
48.75
48.720001220703125
48.73500061035156
48.779998779296875
48.79499816894531
48.809898376464844
48.84000015258789
48.88349914550781
48.900001525878906
48.849998474121094
48.834999084472656
48.80500030517578
48.80500030517578
48.77579879760742
48.775001525878906
48.82500076293945
48.79999923706055
48.7599983215332
48.77000045776367
48.79999923706055
48.80500030517578
48.790000915527344
48.79499816894531
48.80500030517578
48.79999923706055
48.85499954223633
48.85499954223633
48.81999969482422
48.79499816894531
48.790000915527344
48.79499816894531
48.816200256347656
48.790000915527344
48.814998626708984
48.84000015258789
48.83000183105469
48.834999084472656
48.79499816894531
48.84000015258789
48.849998474121094
48.8849983215332
48.875
48.86000061035156
48.79499816894531
48.7400016784668
48.742698669433594
48.76499938964844
48.72999954223633
48.689998626708984
48.70000076293945
48.665000915527344
48.685001373291016
48.619998931884766
48.59000015258789
48.584999084472656
48.584999084472656
48.564998626708984
48.564998626708984
48.584999084472656
48.63199996948242
48.61000061035156
48.58000183105469
48.57899856567383
48.599998474121094
48.638999938964844
48.64500045776367
48.6150016784668
48.59000015258789
48.599998474121094
