140.5399932861328
140.5330047607422
140.13999938964844
140.13519287109375
140.41000366210938
140.52999877929688
140.38999938964844
140.1999969482422
140.36000061035156
140.2899932861328
140.30499267578125
140.2899932861328
140.05999755859375
140.14500427246094
140.3300018310547
140.35000610351562
140.42999267578125
140.26300048828125
140.42799377441406
140.47000122070312
140.4199981689453
140.30499267578125
140.2550048828125
140.17999267578125
140.0800018310547
140.1699981689453
140.20680236816406
140.2050018310547
140.16000366210938
140.16000366210938
140.0800018310547
139.97999572753906
140.14999389648438
140.14999389648438
140.27999877929688
140.2550048828125
140.1300048828125
140.11000061035156
139.99000549316406
139.9886016845703
140.0800018310547
140.17999267578125
140.1699981689453
140.19500732421875
140.2550048828125
140.2100067138672
140.13999938964844
140.11000061035156
140.0850067138672
140.1750030517578
140.19000244140625
140.0399932861328
140.0399932861328
139.9600067138672
139.91000366210938
139.80999755859375
139.86000061035156
139.8000030517578
139.75
139.63999938964844
139.66000366210938
139.75999450683594
139.8300018310547
139.8699951171875
140.02999877929688
139.92010498046875
140.0500030517578
140.0601043701172
139.97999572753906
139.97999572753906
139.89999389648438
139.9290008544922
139.77999877929688
139.86000061035156
139.92999267578125
139.8800048828125
139.8300018310547
139.80499267578125
139.75
139.74000549316406
139.72000122070312
139.75999450683594
139.75
139.80999755859375
139.75999450683594
139.74000549316406
139.74000549316406
139.67999267578125
139.6199951171875
139.50999450683594
139.35000610351562
139.2895050048828
139.24000549316406
139.27999877929688
139.1750030517578
139.13999938964844
139.05999755859375
139.1199951171875
139.07000732421875
138.9058074951172
138.9600067138672
138.83180236816406
138.89999389648438
138.5
138.72999572753906
138.80999755859375
138.8800048828125
139.06500244140625
139.0500030517578
139.08749389648438
138.99000549316406
138.9499969482422
138.92999267578125
139.2100067138672
139.16000366210938
139.03509521484375
138.9499969482422
138.85000610351562
138.86000061035156
138.9499969482422
138.9149932861328
139.02999877929688
139.10000610351562
139.0570068359375
138.9676971435547
139.0399932861328
138.9499969482422
138.91000366210938
138.88999938964844
138.83999633789062
138.8300018310547
138.82000732421875
138.7899932861328
138.86000061035156
138.83999633789062
138.89999389648438
138.9199981689453
138.94000244140625
138.9199981689453
138.85499572753906
138.83770751953125
138.82000732421875
138.82000732421875
138.82000732421875
138.80999755859375
138.79820251464844
138.75
138.79930114746094
138.76040649414062
138.75
138.6999969482422
138.86000061035156
138.89999389648438
139.0113067626953
139.02000427246094
139.07000732421875
138.97999572753906
139.0478057861328
139.13999938964844
139.22999572753906
139.22000122070312
139.19000244140625
139.23590087890625
139.22999572753906
139.2899932861328
139.268798828125
139.17999267578125
139.18499755859375
139.1699981689453
139.1199951171875
139.13999938964844
139.13999938964844
139.14999389648438
139.22999572753906
139.25999450683594
139.31790161132812
139.36000061035156
139.22999572753906
139.22500610351562
139.24000549316406
139.27999877929688
139.25999450683594
139.36000061035156
139.39810180664062
139.38360595703125
139.33999633789062
139.47000122070312
139.50999450683594
139.5
139.4582977294922
139.49000549316406
139.47000122070312
139.40499877929688
139.43499755859375
139.38999938964844
139.42999267578125
139.41990661621094
139.375
139.40499877929688
139.3699951171875
139.375
139.4199981689453
139.47000122070312
139.44000244140625
139.49000549316406
139.50570678710938
139.4199981689453
139.47000122070312
139.41000366210938
139.42999267578125
139.4499969482422
139.39999389648438
139.38999938964844
139.39500427246094
139.36419677734375
139.3699951171875
139.3800048828125
139.4250030517578
139.39999389648438
139.36000061035156
139.38999938964844
139.3699951171875
139.39999389648438
139.39999389648438
139.40499877929688
139.40499877929688
139.32000732421875
139.27000427246094
139.2899932861328
139.3000030517578
139.2899932861328
139.36000061035156
139.3300018310547
139.3300018310547
139.36000061035156
139.35000610351562
139.3699951171875
139.35000610351562
139.3300018310547
139.32000732421875
139.35000610351562
139.33999633789062
139.32000732421875
139.25
139.1999969482422
139.21499633789062
139.25999450683594
139.27000427246094
139.33999633789062
139.3699951171875
139.3699951171875
139.34579467773438
139.36500549316406
139.36000061035156
139.3498992919922
139.2949981689453
139.30999755859375
139.2899932861328
139.32000732421875
139.3000030517578
139.34500122070312
139.27999877929688
139.3000030517578
139.25999450683594
139.2100067138672
139.22999572753906
139.25999450683594
139.27000427246094
139.3000030517578
139.27000427246094
139.32000732421875
139.25999450683594
139.28419494628906
139.3155059814453
139.31570434570312
139.38999938964844
139.3300018310547
139.2100067138672
139.19000244140625
139.1699981689453
139.1300048828125
139.1750030517578
139.25
139.27000427246094
139.25999450683594
139.24000549316406
139.22999572753906
139.23399353027344
139.27999877929688
139.27999877929688
139.3000030517578
139.32000732421875
139.35000610351562
139.35000610351562
139.33999633789062
139.30999755859375
139.27999877929688
139.30999755859375
139.389404296875
139.35000610351562
139.2949981689453
139.32989501953125
139.30999755859375
139.27999877929688
139.26499938964844
139.30999755859375
139.35000610351562
139.33999633789062
139.33999633789062
139.30999755859375
139.2899932861328
139.27999877929688
139.27999877929688
139.3300018310547
139.30999755859375
139.27999877929688
139.22999572753906
139.25
139.27000427246094
139.27000427246094
139.3300018310547
139.30999755859375
139.3000030517578
139.33999633789062
139.39999389648438
139.42999267578125
139.39500427246094
139.38999938964844
139.4199981689453
139.47000122070312
139.5
139.5
139.42999267578125
139.4499969482422
139.47000122070312
139.52000427246094
139.57000732421875
139.5
139.5449981689453
139.49009704589844
139.52000427246094
139.5800018310547
139.5800018310547
139.5800018310547
139.5800018310547
139.52000427246094
139.52000427246094
139.55999755859375
139.5500030517578
139.52000427246094
139.50999450683594
139.47999572753906
139.47500610351562
139.54660034179688
139.5800018310547
139.61000061035156
139.6699981689453
139.6710968017578
139.67999267578125
139.67669677734375
139.6199951171875
139.6300048828125
139.61000061035156
139.5800018310547
139.6199951171875
139.6116943359375
139.60000610351562
139.5500030517578
139.52999877929688
139.5334014892578
139.4499969482422
139.5
139.4550018310547
139.4871063232422
139.5500030517578
139.50999450683594
139.5500030517578
139.55499267578125
139.53500366210938
139.55029296875
139.6199951171875
139.61000061035156
139.58999633789062
139.5500030517578
139.5500030517578
139.5399932861328
139.55999755859375
139.6199951171875
139.6302032470703
139.65499877929688
139.63999938964844
139.66000366210938
139.68499755859375
139.7050018310547
139.8300018310547
139.8000030517578
139.8459930419922
139.83999633789062
139.72999572753906
139.76499938964844
139.72500610351562
139.77000427246094
139.8249969482422
139.7716064453125
139.75999450683594
139.8000030517578
139.77000427246094
139.75
139.75999450683594
139.75
139.72999572753906
139.6999969482422
139.70750427246094
139.7100067138672
139.6699981689453
139.65310668945312
139.60000610351562
139.6284942626953
139.7100067138672
139.7012939453125
139.72000122070312
139.77999877929688
139.75
139.72000122070312
139.7613067626953
139.74000549316406
139.69000244140625
139.67999267578125
139.69000244140625
139.6802978515625
139.64999389648438
139.67999267578125
139.6750030517578
139.62319946289062
139.61000061035156
139.6562042236328
139.64999389648438
139.6300048828125
139.60000610351562
139.58999633789062
139.5399932861328
139.5399932861328
139.47999572753906
139.50999450683594
139.50999450683594
139.52999877929688
139.5500030517578
139.5771942138672
139.5399932861328
139.52000427246094
139.5399932861328
139.5500030517578
139.52000427246094
139.5
139.44000244140625
139.42999267578125
139.44000244140625
139.39999389648438
139.41000366210938
139.41000366210938
139.39999389648438
139.35000610351562
139.33999633789062
139.3699951171875
139.41000366210938
139.4499969482422
139.4499969482422
139.4600067138672
139.42999267578125
139.47000122070312
139.4600067138672
139.510498046875
139.5399932861328
139.55039978027344
139.55999755859375
139.5399932861328
139.654296875
139.64500427246094
139.63999938964844
139.66000366210938
139.67999267578125
139.64999389648438
139.6605987548828
139.69000244140625
139.57000732421875
139.6300048828125
139.6300048828125
139.66000366210938
139.6300048828125
139.61000061035156
139.52000427246094
139.57000732421875
139.53919982910156
139.53500366210938
139.5
139.5
139.4600067138672
139.42999267578125
139.42999267578125
139.5
139.44000244140625
139.4550018310547
139.49000549316406
139.4499969482422
139.52000427246094
139.54299926757812
139.5449981689453
139.5
139.4949951171875
139.48770141601562
139.57449340820312
139.6300048828125
139.64999389648438
139.660400390625
139.6199951171875
139.6300048828125
139.6199951171875
139.63999938964844
139.66000366210938
139.72500610351562
139.6699981689453
139.7136993408203
139.7100067138672
139.72000122070312
139.77000427246094
139.78500366210938
139.85000610351562
139.85000610351562
139.8699951171875
139.8800048828125
139.88999938964844
139.88999938964844
139.88999938964844
139.9199981689453
139.94000244140625
139.9499969482422
140.00999450683594
140.0399932861328
140.06500244140625
140.04620361328125
140.0800018310547
140.0800018310547
140.08999633789062
140.02000427246094
139.99000549316406
139.99000549316406
139.9600067138672
140.0
139.9600067138672
139.90089416503906
139.8699951171875
139.9239044189453
139.92999267578125
139.92230224609375
139.9199981689453
139.94000244140625
139.92999267578125
139.9499969482422
139.9499969482422
139.97999572753906
140.010498046875
139.9499969482422
139.93499755859375
139.93980407714844
139.8699951171875
139.8699951171875
139.91000366210938
139.9340057373047
139.9499969482422
139.91000366210938
139.88999938964844
139.9499969482422
140.0399932861328
140.01629638671875
140.00999450683594
140.00990295410156
140.00399780273438
139.97999572753906
139.97000122070312
140.02000427246094
139.97999572753906
139.94000244140625
139.88999938964844
139.82000732421875
139.7899932861328
139.69500732421875
139.71499633789062
139.7239990234375
139.75999450683594
139.7100067138672
139.77000427246094
139.6750030517578
139.63999938964844
139.72000122070312
139.89500427246094
139.82000732421875
139.84500122070312
139.8300018310547
139.76499938964844
139.82000732421875
139.74000549316406
139.58999633789062
139.5800018310547
139.55999755859375
139.51499938964844
139.49000549316406
139.48599243164062
139.5
139.47000122070312
139.3699951171875
139.36000061035156
139.3800048828125
139.39100646972656
139.41229248046875
139.25999450683594
139.38999938964844
139.32000732421875
