35131.859375
35131.859375
35166.5390625
35153.140625
35138.12109375
35124.1796875
35120.9296875
35140.73828125
35142.8984375
35151.58984375
35167.1484375
35202.58984375
35198.4296875
35205.87109375
35181.6484375
35193.28125
35215.98828125
35222.609375
35197.21875
35220.48046875
35213.16015625
35218.9296875
35160.66015625
35157.44921875
35115.390625
35138.98828125
35137.21875
35116.87890625
35125.94921875
35121.0
35091.58984375
35084.78125
35097.671875
35133.41015625
35171.2109375
35177.55078125
35154.3984375
35160.8984375
35177.30078125
35169.109375
35167.3515625
35151.140625
35152.359375
35145.33984375
35141.12109375
35169.12890625
35177.80859375
35154.1484375
35150.69921875
35158.33984375
35153.98828125
35107.6796875
35114.21875
35064.48046875
35063.19140625
35065.87890625
35041.01953125
35039.05859375
35026.26171875
34997.3984375
34983.33984375
35003.3203125
35049.12890625
35065.33984375
35056.33984375
35047.0390625
35038.5390625
35061.91015625
35056.0703125
35054.140625
35046.421875
35081.19921875
35093.578125
35097.01953125
35108.87109375
35108.6015625
35083.7109375
35069.87890625
35085.55859375
35094.33984375
35093.2109375
35071.109375
35059.48828125
35082.73046875
35069.19140625
35090.76171875
35118.23828125
35141.37890625
35140.30078125
35147.1484375
35145.3515625
35162.80078125
35160.5390625
35123.96875
35110.87890625
35112.28125
35111.03125
35114.03125
35069.58984375
35084.859375
35106.05078125
35119.46875
35127.609375
35129.26171875
35095.921875
35109.578125
35082.5390625
35106.69140625
35093.328125
35099.3984375
35120.19140625
35112.328125
35127.01953125
35129.69140625
35127.05078125
35138.328125
35142.4609375
35122.87109375
35106.3203125
35095.921875
35069.890625
35072.390625
35094.19921875
35074.12109375
35088.8515625
35072.51171875
35074.78125
35076.3515625
35056.5703125
35047.73046875
35063.140625
35057.51171875
35079.4296875
35086.421875
35097.921875
35094.48828125
35098.12890625
35115.62890625
35104.328125
35108.87890625
35138.05078125
35149.140625
35139.33984375
35144.05078125
35148.73046875
35145.609375
35157.51953125
35167.890625
35181.9609375
35192.671875
35188.0703125
35168.33984375
35164.828125
35144.0390625
35156.9609375
35137.4609375
35138.8515625
35127.8203125
35129.05078125
35150.98046875
35154.98828125
35154.4609375
35160.91015625
35160.109375
35163.828125
35160.3203125
35160.890625
35163.69921875
35175.46875
35178.48046875
35194.33984375
35192.41015625
35192.55078125
35180.05078125
35185.328125
35195.30078125
35194.1015625
35183.98046875
35177.73828125
35175.71875
35176.01953125
35190.0390625
35177.8984375
35161.55859375
35145.44921875
35157.23828125
35150.4609375
35136.859375
35129.3984375
35121.359375
35131.05078125
35138.109375
35145.078125
35149.53125
35149.0390625
35144.28125
35133.25
35109.05078125
35093.421875
35089.0390625
35073.8515625
35081.21875
35096.69921875
35130.83984375
35146.8515625
35160.25
35150.80859375
35140.58984375
35137.71875
35131.390625
35136.80078125
35144.01171875
35129.8203125
35146.03125
35146.3203125
35154.12109375
35156.4609375
35170.9296875
35145.48046875
35151.98828125
35145.359375
35156.51953125
35153.76171875
35154.80859375
35159.26171875
35159.44140625
35151.12890625
35166.21875
35157.3203125
35147.21875
35144.83984375
35156.109375
35139.44921875
35145.01171875
35150.6015625
35154.1484375
35154.8984375
35152.28125
35156.23828125
35149.28125
35157.05078125
35157.421875
35155.390625
35168.16015625
35174.66015625
35160.5390625
35151.5703125
35166.2109375
35164.08984375
35169.05859375
35175.0390625
35166.80078125
35169.55859375
35154.7890625
35148.3984375
35161.69140625
35164.37890625
35160.328125
35161.16015625
35157.37109375
35152.6015625
35153.19921875
35134.140625
35122.16015625
35128.8984375
35124.37890625
35115.87109375
35119.75
35114.48828125
35116.828125
35126.48046875
35137.08984375
35128.51171875
35124.859375
35138.12890625
35144.4296875
35148.48046875
35147.71875
35142.28125
35148.53125
35147.80859375
35138.4609375
35134.48828125
35124.0390625
35142.8515625
35147.421875
35138.9296875
35130.98046875
35125.19140625
35112.7890625
35126.578125
35126.76953125
35127.03125
35141.98046875
35136.109375
35134.859375
35123.69921875
35134.71875
35125.44140625
35096.80859375
35085.1796875
35086.37890625
35088.921875
35101.26953125
35099.3984375
35108.328125
35115.5
35125.05078125
35124.25
35120.921875
35120.37890625
35130.3203125
35138.91015625
35134.1015625
35123.94921875
35109.62890625
35121.58984375
35123.19140625
35113.23046875
35120.33984375
35101.01171875
35090.171875
35087.390625
35097.0390625
35087.3515625
35086.1796875
35094.8984375
35101.05078125
35104.0390625
35105.140625
35106.9296875
35106.8515625
35096.7890625
35101.1796875
35102.55859375
35113.16015625
35125.16015625
35140.21875
35143.94140625
35144.23046875
35150.98828125
35147.21875
35158.30078125
35151.1015625
35155.53125
35152.87890625
35155.80078125
35153.7109375
35129.23828125
35120.94140625
35125.5703125
35112.8515625
35120.01171875
35122.1015625
35126.94921875
35129.19921875
35113.140625
35111.26953125
35109.828125
35114.28125
35112.78125
35117.28125
35122.76171875
35117.078125
35127.6484375
35124.62890625
35116.53125
35110.87109375
35125.94140625
35131.62109375
35132.58984375
35130.78125
35124.2109375
35128.58984375
35122.01953125
35119.8515625
35126.03125
35122.3203125
35118.94140625
35121.2109375
35126.55859375
35123.25
35124.28125
35134.16015625
35133.1796875
35134.51953125
35133.5
35137.62109375
35145.01171875
35150.91015625
35152.640625
35145.03125
35149.1796875
35147.7109375
35149.140625
35147.0703125
35143.390625
35147.30859375
35139.12890625
35133.390625
35127.5
35141.25
35141.44921875
35150.80859375
35159.421875
35158.890625
35157.9609375
35167.62890625
35164.62109375
35172.5703125
35170.6484375
35170.2890625
35173.19921875
35180.109375
35179.25
35181.91015625
35185.71875
35192.28125
35193.96875
35190.109375
35188.8984375
35183.51953125
35186.62109375
35185.48828125
35184.62109375
35183.16015625
35180.328125
35184.25
35192.0
35183.37890625
35170.7109375
35173.44140625
35165.87109375
35156.87109375
35164.609375
35174.9296875
35182.33984375
35185.53125
35184.30078125
35204.08984375
35206.44921875
35202.94921875
35199.9296875
35197.51953125
35196.2890625
35191.73046875
35183.48828125
35193.05859375
35182.55078125
35188.76953125
35185.62109375
35189.66015625
35195.890625
35196.19921875
35199.66015625
35196.25
35212.4609375
35209.7109375
35176.21875
35171.4296875
35173.5390625
35179.03125
35198.37109375
35204.390625
35204.08984375
35195.58984375
35186.12109375
35192.359375
35192.55859375
35197.48828125
35170.390625
35169.51171875
35157.76171875
35159.19921875
35171.25
35166.109375
35170.44140625
35181.16015625
35179.83984375
35172.109375
35168.75
35175.2109375
35179.62890625
35179.98828125
35179.19921875
35194.71875
35194.46875
35193.44140625
35188.48828125
35190.1796875
35192.328125
35197.37109375
35201.55859375
35206.44921875
35207.51953125
35211.01171875
35196.1484375
35201.609375
35203.9609375
35205.26171875
35205.0390625
35195.55078125
35201.98828125
35187.37890625
35186.62890625
35186.19921875
35185.41015625
35189.5
35190.01953125
35199.73828125
35196.9609375
35210.55859375
35198.98828125
35200.7890625
35199.62109375
35195.33984375
35186.83984375
35194.30078125
35191.80078125
35185.05078125
35177.671875
35185.91015625
35196.01171875
35194.55859375
35192.91015625
35196.0
35195.9609375
35206.19140625
35211.51171875
35207.12109375
35196.76953125
35203.58984375
35210.328125
35212.87109375
35209.6015625
35207.2890625
35231.08984375
35233.80859375
35255.75
35258.98046875
35255.30859375
35274.23828125
35276.30859375
35279.5390625
35294.01953125
35299.5390625
35290.23828125
35283.3515625
35292.21875
35295.3203125
35303.3984375
35291.05859375
35288.87890625
35288.828125
35299.87109375
35285.51953125
35289.6484375
35290.109375
35294.62109375
35287.5390625
35284.76953125
35276.66015625
35287.21875
35291.26171875
35295.078125
35293.37109375
35304.640625
35300.578125
35312.91015625
35316.83984375
35311.87890625
35313.78125
35314.62109375
35316.01171875
35326.7109375
35318.66015625
35304.66015625
35320.12109375
35323.91015625
35337.01171875
35344.1796875
35347.23046875
35352.51953125
35359.19921875
35371.21875
35364.328125
35369.4296875
35363.05859375
35356.51953125
35354.12109375
35359.421875
35350.51171875
35355.6484375
35366.2109375
35358.109375
35350.46875
35330.48046875
35318.5390625
35308.58984375
35315.1484375
35328.8515625
35332.46875
35343.12109375
35354.0390625
35361.578125
35368.94140625
35364.828125
35394.46875
35370.87109375
35379.1484375
35369.8515625
35388.33984375
35388.19921875
35401.3984375
35429.0390625
35413.140625
35430.390625
35419.078125
35412.46875
35427.23828125
35422.4609375
35421.2890625
35429.2109375
35434.12890625
35429.94921875
35435.578125
35427.6484375
35422.109375
35426.859375
35418.55859375
35403.859375
35403.859375
