174.77999877929688
174.77999877929688
173.89999389648438
173.8000030517578
173.5478973388672
173.2183074951172
173.50999450683594
173.7100067138672
173.2476043701172
173.71499633789062
173.5
173.55499267578125
173.22999572753906
173.22999572753906
173.1699981689453
173.5095977783203
173.72500610351562
173.5749969482422
173.35000610351562
173.47999572753906
173.4499969482422
173.25999450683594
172.8300018310547
172.6595001220703
172.7100067138672
172.7050018310547
172.6199951171875
172.76849365234375
172.80999755859375
172.92999267578125
172.7899932861328
172.77999877929688
172.7050018310547
172.6425018310547
172.82220458984375
172.7801055908203
172.89999389648438
172.67999267578125
172.8000030517578
172.875
172.88999938964844
172.9093017578125
173.02000427246094
172.6501007080078
172.6300048828125
172.7113037109375
172.72000122070312
173.07000732421875
173.0
173.17999267578125
173.32000732421875
173.25999450683594
172.72000122070312
172.99000549316406
172.60000610351562
172.69000244140625
172.77499389648438
172.77999877929688
172.6300048828125
172.74000549316406
172.4499969482422
172.60000610351562
172.75
172.92999267578125
173.02999877929688
172.87620544433594
172.94000244140625
172.8903045654297
173.0500030517578
173.10000610351562
172.9600067138672
172.99000549316406
173.03500366210938
173.0800018310547
172.92999267578125
173.19000244140625
173.05999755859375
172.9199981689453
172.8699951171875
173.0717010498047
173.09140014648438
173.2100067138672
172.69650268554688
172.6999969482422
172.97999572753906
172.8699951171875
172.97999572753906
173.10000610351562
173.1199951171875
173.08999633789062
173.08999633789062
173.1199951171875
173.3350067138672
173.16000366210938
172.91000366210938
173.01499938964844
172.91000366210938
173.02330017089844
173.1031951904297
172.8800048828125
172.9600067138672
173.07899475097656
173.05999755859375
173.15890502929688
173.05999755859375
172.74490356445312
172.95889282226562
172.75999450683594
173.01600646972656
172.8000030517578
172.7899932861328
172.9897003173828
173.0800018310547
173.02999877929688
173.0
173.22000122070312
173.16000366210938
173.1898956298828
172.83999633789062
172.83999633789062
172.8699951171875
172.75
172.78500366210938
172.82369995117188
172.5800018310547
172.69000244140625
172.68499755859375
172.74989318847656
172.8000030517578
172.8300018310547
172.88999938964844
172.8800048828125
172.86500549316406
172.9680938720703
172.9499969482422
173.110107421875
172.99000549316406
172.99000549316406
173.1199951171875
173.02000427246094
173.10000610351562
173.21009826660156
173.13999938964844
173.0791015625
173.27029418945312
173.1999969482422
173.55999755859375
173.67999267578125
173.69500732421875
173.75
173.77000427246094
173.82000732421875
173.66000366210938
173.7698974609375
173.66000366210938
173.67999267578125
173.60000610351562
173.7113037109375
173.6750030517578
173.74000549316406
173.73500061035156
173.8800048828125
173.77000427246094
173.9499969482422
173.81329345703125
173.77349853515625
173.72000122070312
173.75
173.72000122070312
173.67999267578125
173.66000366210938
173.75039672851562
173.88499450683594
173.7899932861328
173.7989959716797
173.72000122070312
173.77000427246094
173.79600524902344
173.86000061035156
173.85000610351562
173.91000366210938
173.8000030517578
173.9199981689453
173.75999450683594
173.6259002685547
173.67129516601562
173.743896484375
173.72000122070312
173.64999389648438
173.6300048828125
173.77999877929688
173.77999877929688
173.86000061035156
173.90499877929688
173.97999572753906
173.9499053955078
174.0850067138672
174.03500366210938
173.8800048828125
173.8000030517578
173.9001007080078
173.9550018310547
174.00999450683594
174.07000732421875
174.18499755859375
174.2100067138672
174.2949981689453
174.13999938964844
174.0
174.0800018310547
173.9499969482422
173.94500732421875
174.00999450683594
173.95989990234375
173.9550018310547
173.89999389648438
174.0
174.0
174.08999633789062
173.9199981689453
174.00999450683594
173.89999389648438
174.02999877929688
174.05999755859375
174.10150146484375
174.16000366210938
174.125
174.11000061035156
174.32980346679688
174.2902069091797
174.22000122070312
174.16000366210938
174.22500610351562
174.15060424804688
174.19000244140625
174.17999267578125
174.25
174.22999572753906
174.22500610351562
174.22500610351562
174.2100067138672
174.27999877929688
174.30999755859375
174.2899932861328
174.41900634765625
174.30999755859375
174.24000549316406
174.0800018310547
174.2100067138672
174.19500732421875
174.22500610351562
174.19000244140625
174.218505859375
174.14500427246094
173.90020751953125
173.88009643554688
173.9949951171875
174.02000427246094
174.0399932861328
174.0800018310547
174.0
173.99000549316406
173.82000732421875
173.6999969482422
173.65890502929688
173.74000549316406
173.64089965820312
173.69940185546875
173.72000122070312
173.77020263671875
173.77499389648438
173.7899932861328
173.7550048828125
173.75999450683594
173.77000427246094
173.80999755859375
173.86000061035156
173.97500610351562
173.9600067138672
173.88999938964844
173.9499969482422
173.94000244140625
173.82000732421875
173.8179931640625
173.8096923828125
173.8699951171875
173.8896026611328
173.91000366210938
173.77999877929688
173.65499877929688
173.52999877929688
173.6219024658203
173.6699981689453
173.69000244140625
173.77000427246094
173.76089477539062
173.74000549316406
173.61000061035156
173.6199951171875
173.55990600585938
173.4010009765625
173.26710510253906
173.27000427246094
173.33999633789062
173.35499572753906
173.3699951171875
173.42999267578125
173.44000244140625
173.44000244140625
173.39999389648438
173.36000061035156
173.3249969482422
173.375
173.39039611816406
173.31500244140625
173.24000549316406
173.19000244140625
173.25
173.27999877929688
173.25010681152344
173.22129821777344
173.19129943847656
173.0800018310547
173.05999755859375
173.11500549316406
173.07119750976562
173.0850067138672
173.1699981689453
173.2100067138672
173.22189331054688
173.2050018310547
173.2100067138672
173.16000366210938
173.06210327148438
173.0749969482422
173.10000610351562
173.24000549316406
173.3000030517578
173.39999389648438
173.4199981689453
173.4199981689453
173.3876953125
173.3800048828125
173.38499450683594
173.32000732421875
173.33509826660156
173.28729248046875
173.2899932861328
173.3300018310547
173.1999969482422
173.1199951171875
173.07000732421875
173.02999877929688
173.0500030517578
173.04010009765625
173.0399932861328
173.1199951171875
173.1300048828125
173.0399932861328
172.9600067138672
173.00999450683594
173.05990600585938
173.12890625
173.0800018310547
173.0399932861328
173.125
173.16000366210938
173.10000610351562
172.97500610351562
173.1199951171875
173.16000366210938
173.1750030517578
173.125
173.13499450683594
173.1898956298828
173.19500732421875
173.1699981689453
173.25
173.1804962158203
173.13999938964844
173.08999633789062
173.09500122070312
173.05999755859375
173.08999633789062
173.16000366210938
173.14010620117188
173.2449951171875
173.19000244140625
173.05999755859375
173.07000732421875
173.07980346679688
173.02999877929688
172.99000549316406
173.0
173.02000427246094
172.99000549316406
173.00999450683594
172.9550018310547
172.86000061035156
172.7646942138672
172.67999267578125
172.72000122070312
172.73500061035156
172.77999877929688
172.8350067138672
172.88999938964844
172.9447021484375
172.97999572753906
173.02999877929688
172.97000122070312
173.06979370117188
173.0
173.00169372558594
173.07000732421875
173.08999633789062
173.06500244140625
173.05999755859375
172.97500610351562
172.9949951171875
173.0399932861328
173.0749969482422
173.05999755859375
173.0590057373047
173.12010192871094
173.10499572753906
173.0500030517578
173.09129333496094
173.06979370117188
173.1511993408203
173.1501007080078
173.0800018310547
172.9600067138672
173.01499938964844
172.9600067138672
172.91000366210938
172.9199981689453
172.99000549316406
173.02999877929688
173.07000732421875
173.05499267578125
173.17010498046875
173.22000122070312
173.19869995117188
173.22999572753906
173.1999969482422
173.18499755859375
173.16000366210938
173.11000061035156
173.14999389648438
173.0207061767578
173.07000732421875
173.08999633789062
173.0749969482422
173.1300048828125
173.1300048828125
173.14999389648438
173.0679931640625
173.3000030517578
173.13999938964844
172.97000122070312
172.88999938964844
172.9199981689453
172.9600067138672
173.0399932861328
173.02999877929688
173.0
172.91000366210938
172.86900329589844
172.94000244140625
172.9600067138672
172.9550018310547
172.8300018310547
172.56869506835938
172.5399932861328
172.6699981689453
172.8000030517578
172.8000030517578
172.86000061035156
172.88999938964844
173.0157012939453
172.8800048828125
172.9600067138672
172.9600067138672
172.99310302734375
172.97500610351562
172.9600067138672
173.02670288085938
173.17999267578125
173.13999938964844
173.15499877929688
173.16000366210938
173.10000610351562
173.11000061035156
173.16000366210938
173.13499450683594
173.1199951171875
173.11000061035156
172.9600067138672
172.97000122070312
173.05999755859375
173.07000732421875
173.09019470214844
173.0540008544922
173.10000610351562
172.99330139160156
173.00999450683594
173.0500030517578
173.02999877929688
173.1199951171875
173.0800018310547
173.08999633789062
173.05979919433594
173.2899932861328
173.1300048828125
173.1199951171875
173.1345977783203
173.1199951171875
173.06910705566406
173.1501007080078
173.11000061035156
173.00149536132812
173.01010131835938
173.08099365234375
173.1291046142578
173.1031036376953
173.07730102539062
173.16000366210938
173.13999938964844
173.22000122070312
173.17999267578125
173.14500427246094
173.0850067138672
173.1649932861328
173.2050018310547
173.25999450683594
173.17999267578125
173.32000732421875
173.5
173.52000427246094
173.64500427246094
173.7100067138672
173.66000366210938
173.8000030517578
173.69000244140625
173.85499572753906
173.97999572753906
173.99310302734375
173.92999267578125
173.85000610351562
173.85000610351562
173.9199981689453
173.93499755859375
173.8699951171875
173.86000061035156
173.88999938964844
173.9199981689453
173.8249969482422
173.86000061035156
173.8699951171875
173.8488006591797
173.97999572753906
173.86500549316406
173.85000610351562
173.9405975341797
173.8800048828125
173.8699951171875
173.86000061035156
173.97000122070312
173.90499877929688
174.1199951171875
174.14999389648438
174.07009887695312
174.14500427246094
174.10499572753906
174.11000061035156
174.1300048828125
174.02000427246094
174.03419494628906
174.08999633789062
174.0800018310547
174.1199951171875
174.14010620117188
174.1750030517578
174.1699981689453
174.22000122070312
174.34080505371094
174.27499389648438
174.3498992919922
174.375
174.2550048828125
174.19900512695312
174.23500061035156
174.27999877929688
174.35079956054688
174.4550018310547
174.35000610351562
174.32090759277344
174.2512969970703
174.0500030517578
174.1300048828125
174.1199951171875
174.14500427246094
174.1907958984375
174.22000122070312
174.35499572753906
174.37869262695312
174.26499938964844
174.13499450683594
174.44000244140625
174.26010131835938
174.27000427246094
174.27020263671875
174.3699951171875
174.2899932861328
174.35000610351562
174.4600067138672
174.4949951171875
174.5449981689453
174.5601043701172
174.53500366210938
174.5399932861328
174.535400390625
174.49000549316406
174.66079711914062
174.6479949951172
174.64999389648438
174.75990295410156
174.69000244140625
174.60000610351562
174.66000366210938
174.60000610351562
174.61000061035156
174.61000061035156