227.13999938964844
227.13999938964844
227.13999938964844
226.57000732421875
227.1699981689453
227.25999450683594
226.40499877929688
226.77000427246094
226.65960693359375
226.52000427246094
225.94000244140625
225.73989868164062
226.0050048828125
226.47000122070312
226.0800018310547
226.0800018310547
226.47999572753906
226.48989868164062
226.63999938964844
226.63999938964844
227.0500030517578
227.27000427246094
227.0500030517578
227.03500366210938
227.0050048828125
227.1300048828125
227.3300018310547
227.58999633789062
227.4499969482422
227.42489624023438
227.5319061279297
227.27999877929688
227.27999877929688
226.93499755859375
227.0800018310547
227.15499877929688
226.86000061035156
226.7899932861328
227.00999450683594
226.88360595703125
226.97000122070312
226.58999633789062
226.5500030517578
226.7050018310547
226.75999450683594
226.76499938964844
226.9550018310547
226.98590087890625
226.88999938964844
226.8300018310547
226.72999572753906
226.7899932861328
226.5800018310547
226.8300018310547
226.4501953125
226.4499969482422
226.49000549316406
226.49000549316406
226.84500122070312
227.0500030517578
226.85000610351562
226.89999389648438
227.2449951171875
227.64999389648438
227.7050018310547
227.625
227.5
227.5500030517578
227.67999267578125
227.5800018310547
227.7100067138672
227.7100067138672
227.8000030517578
227.5749969482422
227.60000610351562
227.66000366210938
227.55929565429688
227.41000366210938
227.60000610351562
227.5399932861328
227.82000732421875
227.82000732421875
227.66000366210938
227.52000427246094
227.4600067138672
227.47999572753906
227.4600067138672
227.63499450683594
227.63999938964844
227.4822998046875
227.42999267578125
227.47000122070312
227.36000061035156
227.6300048828125
227.4600067138672
227.5146942138672
227.61000061035156
227.7899932861328
227.8000030517578
227.77999877929688
227.8000030517578
227.6999969482422
227.67999267578125
227.67999267578125
227.63999938964844
227.76499938964844
227.85000610351562
227.8300018310547
228.07000732421875
228.21499633789062
228.4499969482422
228.4600067138672
228.44500732421875
228.8800048828125
228.97999572753906
228.94000244140625
228.9149932861328
228.8300018310547
228.7949981689453
228.6699981689453
228.59500122070312
228.52999877929688
228.38999938964844
228.4600067138672
228.47500610351562
228.36000061035156
228.4488067626953
228.3699951171875
228.61000061035156
228.4499969482422
228.56500244140625
228.4499969482422
228.39999389648438
228.67999267578125
228.75
228.82000732421875
228.69000244140625
228.77999877929688
229.10000610351562
229.0500030517578
228.99000549316406
229.09500122070312
229.0500030517578
228.889404296875
228.99000549316406
228.89999389648438
228.82000732421875
228.67999267578125
228.74000549316406
228.73500061035156
228.72999572753906
228.64480590820312
228.47999572753906
228.3699951171875
228.2899932861328
228.2899932861328
228.125
228.30499267578125
228.19000244140625
228.19000244140625
228.30999755859375
228.29600524902344
228.19000244140625
228.30279541015625
228.32000732421875
228.4199981689453
228.35000610351562
228.44000244140625
228.3800048828125
228.27999877929688
228.24000549316406
228.3549041748047
228.32000732421875
228.35499572753906
228.27999877929688
228.29620361328125
228.2449951171875
228.17999267578125
228.14999389648438
228.1300048828125
228.30499267578125
228.24000549316406
228.17999267578125
228.1999969482422
228.25819396972656
228.27999877929688
228.35000610351562
228.30999755859375
228.24000549316406
228.14999389648438
228.22019958496094
228.07000732421875
228.05999755859375
228.11000061035156
228.17999267578125
228.17999267578125
228.19000244140625
227.98500061035156
227.94000244140625
227.86000061035156
227.8054962158203
227.8000030517578
227.68499755859375
227.77000427246094
227.80999755859375
227.9696044921875
227.88999938964844
227.77000427246094
227.65390014648438
227.5850067138672
227.5850067138672
227.49000549316406
227.5399932861328
227.63999938964844
228.02999877929688
227.98500061035156
228.17999267578125
228.10000610351562
228.42999267578125
228.125
228.0
228.0500030517578
228.2550048828125
227.9499969482422
227.88999938964844
228.07510375976562
227.81500244140625
227.76499938964844
227.94830322265625
227.72999572753906
227.72999572753906
227.72500610351562
227.70860290527344
227.5500030517578
227.5500030517578
227.5
227.32310485839844
227.22000122070312
227.3300018310547
227.35000610351562
227.35000610351562
227.28500366210938
227.3800048828125
227.3249969482422
227.32000732421875
227.22999572753906
227.03500366210938
226.97000122070312
227.07000732421875
227.4199981689453
227.4199981689453
227.4199981689453
227.2899932861328
227.3907928466797
227.24000549316406
227.1199951171875
227.2550048828125
227.3784942626953
227.32000732421875
227.35000610351562
227.42999267578125
227.35000610351562
227.33999633789062
227.36000061035156
227.3699951171875
227.47999572753906
227.4949951171875
227.3800048828125
227.47500610351562
227.3800048828125
227.3800048828125
227.38999938964844
227.38999938964844
227.38499450683594
227.30499267578125
227.24000549316406
227.24000549316406
227.1945037841797
227.24000549316406
227.2100067138672
227.19500732421875
227.22999572753906
227.14500427246094
227.23500061035156
227.19000244140625
227.3699951171875
227.3708953857422
227.30499267578125
227.24000549316406
227.24000549316406
227.16000366210938
227.16000366210938
227.13999938964844
227.10499572753906
227.2100067138672
227.1999969482422
227.1999969482422
226.89999389648438
226.9199981689453
226.9199981689453
226.89500427246094
226.7926025390625
226.7899932861328
226.80999755859375
226.79080200195312
226.8699951171875
226.99000549316406
227.1750030517578
227.32940673828125
227.25999450683594
227.27999877929688
227.14999389648438
227.10499572753906
227.27000427246094
227.25999450683594
227.19000244140625
227.17999267578125
227.17999267578125
227.0500030517578
227.0
227.07000732421875
227.06500244140625
227.05999755859375
227.00999450683594
227.0
227.00999450683594
227.08999633789062
227.16000366210938
227.3000030517578
227.32000732421875
227.4199981689453
227.3800048828125
227.4499969482422
227.03500366210938
227.13999938964844
227.1750030517578
227.24000549316406
227.27000427246094
227.2006072998047
227.13999938964844
227.13999938964844
227.11000061035156
227.11000061035156
227.1199951171875
226.89999389648438
226.9949951171875
226.9949951171875
226.83999633789062
226.8699951171875
226.7949981689453
226.8618927001953
226.7449951171875
226.7449951171875
226.69000244140625
226.7550048828125
226.7550048828125
226.7550048828125
226.66000366210938
226.6385040283203
226.64450073242188
226.64999389648438
226.71499633789062
226.6999969482422
226.63999938964844
226.64999389648438
226.69000244140625
226.6699981689453
226.6699981689453
226.60000610351562
226.72999572753906
226.75999450683594
226.72000122070312
226.67999267578125
226.7100067138672
226.7100067138672
226.66000366210938
226.72999572753906
226.72999572753906
226.74000549316406
226.74000549316406
226.65499877929688
226.74319458007812
226.63499450683594
226.5850067138672
226.6300048828125
226.66079711914062
226.6699981689453
226.77099609375
226.71499633789062
226.72999572753906
226.7310028076172
226.7310028076172
226.75999450683594
226.81500244140625
226.81500244140625
226.63999938964844
226.63999938964844
226.6999969482422
226.68499755859375
226.75
226.6699981689453
226.6699981689453
226.74000549316406
226.6999969482422
226.7100067138672
226.67999267578125
226.67999267578125
226.67999267578125
226.69000244140625
226.72000122070312
226.7100067138672
226.7899932861328
226.77000427246094
226.72500610351562
226.80999755859375
226.72999572753906
226.75999450683594
226.73080444335938
226.75
226.7899932861328
226.7899932861328
226.77499389648438
226.75999450683594
226.80999755859375
226.7899932861328
226.77999877929688
226.6999969482422
226.74009704589844
226.68499755859375
226.6750030517578
226.74000549316406
226.69000244140625
226.7550048828125
226.67999267578125
226.65499877929688
226.65499877929688
226.75660705566406
226.88999938964844
226.86050415039062
226.914306640625
226.99000549316406
226.99000549316406
227.0
227.0
227.02000427246094
227.0500030517578
227.0500030517578
227.0399932861328
227.0449981689453
226.91830444335938
226.9499969482422
226.9250030517578
226.93829345703125
227.0399932861328
227.1699981689453
227.1699981689453
227.3000030517578
227.38360595703125
227.3509979248047
227.22999572753906
227.22999572753906
227.05999755859375
227.05999755859375
227.11000061035156
227.2449951171875
227.16000366210938
227.11500549316406
227.0500030517578
227.16000366210938
227.0800018310547
227.14430236816406
227.0500030517578
226.95480346679688
226.9499969482422
226.9219970703125
227.03500366210938
227.04849243164062
227.1143035888672
227.0500030517578
227.05999755859375
226.99000549316406
227.0399932861328
227.05999755859375
227.11000061035156
227.06199645996094
226.96499633789062
227.05999755859375
227.10000610351562
227.07000732421875
227.0749969482422
227.08999633789062
227.14280700683594
227.19000244140625
227.22999572753906
227.17999267578125
227.25
227.30999755859375
227.22999572753906
227.23500061035156
227.27999877929688
227.22999572753906
227.22999572753906
227.27999877929688
227.22999572753906
227.22999572753906
227.22999572753906
227.23179626464844
227.13999938964844
227.0500030517578
227.0500030517578
227.07000732421875
227.10499572753906
227.07000732421875
227.05499267578125
227.03500366210938
226.94000244140625
226.95559692382812
226.97999572753906
226.97000122070312
226.97000122070312
226.97000122070312
226.91000366210938
226.9600067138672
227.0800018310547
227.0800018310547
227.05999755859375
226.99000549316406
226.9550018310547
226.9600067138672
227.02999877929688
227.1300048828125
227.02999877929688
227.0850067138672
227.0850067138672
227.1199951171875
227.1199951171875
227.22999572753906
227.24000549316406
227.3300018310547
227.3300018310547
227.47000122070312
227.49000549316406
227.50999450683594
227.77999877929688
227.67999267578125
227.69000244140625
227.7760009765625
227.64840698242188
227.5500030517578
227.63999938964844
227.66000366210938
227.6699981689453
227.6649932861328
227.69000244140625
227.69500732421875
227.77000427246094
227.7592010498047
227.65879821777344
227.72000122070312
227.67999267578125
227.67919921875
227.64999389648438
227.66000366210938
227.72500610351562
227.72500610351562
227.8699951171875
227.83999633789062
227.85000610351562
227.92999267578125
227.93499755859375
227.9600067138672
227.9683074951172
227.96080017089844
227.8979949951172
228.07000732421875
228.0850067138672
228.03579711914062
227.9600067138672
228.07000732421875
228.02999877929688
228.0850067138672
228.13909912109375
228.14500427246094
228.13499450683594
228.1300048828125
228.1699981689453
228.08999633789062
228.02999877929688
228.13999938964844
228.07000732421875
228.11000061035156
228.17999267578125
228.15499877929688
228.1959991455078
228.19760131835938
228.2100067138672
228.2375030517578
228.1300048828125
228.14999389648438
228.10000610351562
228.08999633789062
228.1475067138672
228.11000061035156
228.07000732421875
228.14500427246094
228.16000366210938
228.2259979248047
228.02000427246094
228.2100067138672
228.09500122070312
228.25999450683594
228.10000610351562
228.2100067138672
228.1999969482422
228.19500732421875
228.25999450683594
228.47500610351562
228.58999633789062
228.52999877929688
228.5800018310547
228.67999267578125
228.73500061035156
228.6199951171875
228.88499450683594
228.6999969482422
228.83999633789062
228.8000030517578
228.8000030517578
228.77000427246094
228.6999969482422
228.67999267578125
228.67999267578125
228.67999267578125