179.82000732421875
179.82000732421875
179.6999969482422
179.7100067138672
179.81509399414062
179.6199951171875
179.52999877929688
180.39999389648438
180.42999267578125
180.64999389648438
181.01499938964844
181.32000732421875
181.58999633789062
181.92999267578125
181.96600341796875
181.5399932861328
181.52999877929688
181.5050048828125
181.6300048828125
181.3350067138672
181.4600067138672
181.5800018310547
181.36000061035156
181.34500122070312
180.92999267578125
180.83999633789062
180.92999267578125
180.6999969482422
180.88999938964844
180.8699951171875
181.11990356445312
181.22000122070312
181.29530334472656
181.3000030517578
181.57000732421875
181.55999755859375
181.66000366210938
181.65499877929688
181.72500610351562
181.92250061035156
182.12989807128906
182.19000244140625
182.12060546875
182.4199981689453
182.36000061035156
182.25999450683594
182.57000732421875
182.5998992919922
182.4600067138672
182.44000244140625
182.40499877929688
182.35989379882812
181.875
181.8800048828125
182.0
181.69000244140625
181.64999389648438
181.57000732421875
181.33999633789062
181.32749938964844
180.97999572753906
181.10000610351562
180.80999755859375
181.19000244140625
181.22000122070312
181.22000122070312
181.19000244140625
180.8300018310547
181.0800018310547
181.08999633789062
181.02999877929688
180.92999267578125
181.10809326171875
181.3699951171875
181.13499450683594
181.13999938964844
181.08999633789062
181.0500030517578
180.97999572753906
180.9499969482422
180.94000244140625
181.2100067138672
181.0500030517578
181.10000610351562
181.19500732421875
181.1699981689453
181.27499389648438
181.2899932861328
181.2899932861328
181.32000732421875
181.27000427246094
181.22500610351562
181.3000030517578
181.25999450683594
180.82000732421875
180.80999755859375
180.92999267578125
180.75999450683594
180.91000366210938
180.6999969482422
180.9499969482422
181.0
181.0050048828125
181.22999572753906
181.2899932861328
181.0800018310547
180.8800048828125
181.05999755859375
181.00169372558594
180.9199981689453
180.91000366210938
180.97000122070312
180.9250030517578
181.1999969482422
181.2100067138672
181.47000122070312
181.3300018310547
181.39500427246094
181.4600067138672
181.3300018310547
181.22999572753906
181.27499389648438
181.14999389648438
181.13999938964844
181.15060424804688
181.2949981689453
181.25
181.1199951171875
181.16000366210938
181.08999633789062
180.92239379882812
180.97459411621094
180.9499969482422
181.02999877929688
181.1999969482422
181.36000061035156
181.2050018310547
181.24000549316406
181.3699951171875
181.47000122070312
181.44000244140625
181.6699981689453
181.77000427246094
181.7899932861328
181.7899932861328
181.74000549316406
181.8040008544922
181.76499938964844
181.97000122070312
181.9499969482422
181.8800048828125
181.88999938964844
181.83999633789062
181.85000610351562
181.8000030517578
181.67379760742188
181.57000732421875
181.66000366210938
181.52000427246094
181.6300048828125
181.55999755859375
181.5500030517578
181.67300415039062
181.7288055419922
181.78399658203125
181.77000427246094
181.80999755859375
181.86500549316406
181.8800048828125
181.8300018310547
181.9199981689453
181.97000122070312
182.05999755859375
182.0500030517578
182.03500366210938
181.94000244140625
182.00999450683594
182.0749969482422
182.00999450683594
181.94000244140625
182.0399932861328
182.02000427246094
181.95440673828125
182.07000732421875
181.82000732421875
181.72999572753906
181.6999969482422
181.6699981689453
181.58999633789062
181.64999389648438
181.5500030517578
181.49000549316406
181.55999755859375
181.57000732421875
181.8300018310547
181.7899932861328
181.69500732421875
181.63999938964844
181.5500030517578
181.2100067138672
181.27000427246094
181.13999938964844
181.1300048828125
181.38999938964844
181.60000610351562
181.7113037109375
181.9600067138672
182.00999450683594
181.9199981689453
182.02000427246094
182.10000610351562
182.13999938964844
182.1750030517578
182.1699981689453
182.4499969482422
182.38999938964844
182.38999938964844
182.36000061035156
182.44000244140625
182.36000061035156
182.33999633789062
182.19000244140625
182.27000427246094
182.3300018310547
182.48899841308594
182.3905029296875
182.4250030517578
182.35000610351562
182.39999389648438
182.47999572753906
182.3699951171875
182.4499969482422
182.4199981689453
182.2949981689453
182.2100067138672
182.4199981689453
182.47000122070312
182.50999450683594
182.39999389648438
182.39999389648438
182.52999877929688
182.57000732421875
182.5749969482422
182.6199951171875
182.6300048828125
182.6699981689453
182.6300048828125
182.61000061035156
182.64999389648438
182.63499450683594
182.69000244140625
182.625
182.66000366210938
182.7899932861328
182.5800018310547
182.64500427246094
182.67359924316406
182.67010498046875
182.70770263671875
182.71670532226562
182.64999389648438
182.5800018310547
182.6199951171875
182.61000061035156
182.5157928466797
182.5102996826172
182.52999877929688
182.52499389648438
182.57000732421875
182.5050048828125
182.5399932861328
182.6199951171875
182.75999450683594
182.72000122070312
182.64999389648438
182.83990478515625
182.8000030517578
182.83999633789062
182.81629943847656
182.77000427246094
182.72999572753906
182.72999572753906
182.86000061035156
182.88999938964844
182.88999938964844
182.88999938964844
182.97000122070312
183.02999877929688
182.9600067138672
182.89720153808594
182.72000122070312
182.6925048828125
182.73500061035156
182.69000244140625
182.83999633789062
182.875
182.85000610351562
182.8699951171875
182.83999633789062
182.875
182.6999969482422
182.72999572753906
182.64999389648438
182.72999572753906
182.77999877929688
182.7899932861328
182.8000030517578
182.85000610351562
182.83740234375
182.8000030517578
182.83999633789062
182.83999633789062
182.97000122070312
183.05999755859375
183.02999877929688
182.97999572753906
182.97999572753906
183.0399932861328
182.97999572753906
182.97999572753906
182.98199462890625
182.7100067138672
182.67999267578125
182.80499267578125
182.80499267578125
182.72000122070312
182.77999877929688
182.77999877929688
182.69500732421875
182.75
182.74000549316406
182.8350067138672
182.9600067138672
182.99000549316406
183.0500030517578
183.05999755859375
183.07000732421875
183.08999633789062
183.0500030517578
183.0800018310547
183.11000061035156
183.0800018310547
183.0449981689453
183.05999755859375
183.07000732421875
183.0500030517578
183.0449981689453
183.06500244140625
183.06500244140625
182.8800048828125
182.8813018798828
182.85000610351562
182.8831024169922
182.8300018310547
182.80999755859375
182.85000610351562
182.71859741210938
182.6466064453125
182.4499969482422
182.4949951171875
182.52780151367188
182.47000122070312
182.5
182.47999572753906
182.57000732421875
182.57000732421875
182.4949951171875
182.4199981689453
182.39999389648438
182.4600067138672
182.4600067138672
182.5
182.47999572753906
182.42999267578125
182.4199981689453
182.38999938964844
182.38999938964844
182.35499572753906
182.39999389648438
182.39500427246094
182.39500427246094
182.4199981689453
182.36000061035156
182.4600067138672
182.3800048828125
182.3800048828125
182.2899932861328
182.2550048828125
182.3000030517578
182.30499267578125
182.36000061035156
182.46499633789062
182.50840759277344
182.58999633789062
182.57000732421875
182.59500122070312
182.5500030517578
182.52999877929688
182.60000610351562
182.47500610351562
182.47000122070312
182.44000244140625
182.44000244140625
182.5800018310547
182.64999389648438
182.72999572753906
182.67999267578125
182.7050018310547
182.72000122070312
182.64999389648438
182.74000549316406
182.8000030517578
182.73500061035156
182.73500061035156
182.77999877929688
182.7899932861328
182.8000030517578
182.86000061035156
182.8300018310547
182.86000061035156
182.94000244140625
182.99000549316406
182.93899536132812
182.88999938964844
183.02000427246094
182.94000244140625
182.94000244140625
182.8800048828125
183.02000427246094
183.0050048828125
182.91000366210938
182.8800048828125
182.9199981689453
182.88999938964844
182.8000030517578
182.80499267578125
182.82659912109375
182.94000244140625
182.88499450683594
182.8800048828125
183.02999877929688
182.99000549316406
182.97000122070312
182.875
182.89500427246094
182.9199981689453
182.8000030517578
182.8000030517578
182.9199981689453
182.8000030517578
182.77999877929688
182.77999877929688
182.72999572753906
182.77000427246094
182.8000030517578
182.8000030517578
182.8000030517578
182.77499389648438
182.77999877929688
182.55999755859375
182.58999633789062
182.58999633789062
182.6199951171875
182.7899932861328
182.8000030517578
182.80999755859375
182.8527069091797
182.8000030517578
182.69000244140625
182.63999938964844
182.67999267578125
182.64999389648438
182.5
182.2100067138672
182.3300018310547
182.375
182.39999389648438
182.39999389648438
182.44000244140625
182.47999572753906
182.50999450683594
182.50999450683594
182.50889587402344
182.40499877929688
182.47000122070312
182.52999877929688
182.5800018310547
182.47999572753906
182.49000549316406
182.44000244140625
182.52999877929688
182.47000122070312
182.4864959716797
182.57000732421875
182.57000732421875
182.57000732421875
182.58999633789062
182.58399963378906
182.6199951171875
182.6300048828125
182.64500427246094
182.60000610351562
182.55999755859375
182.57000732421875
182.5399932861328
182.54600524902344
182.43499755859375
182.5
182.4499969482422
182.4499969482422
182.49000549316406
182.56500244140625
182.5500030517578
182.5
182.47999572753906
182.4398956298828
182.44000244140625
182.3699951171875
182.42999267578125
182.39999389648438
182.39500427246094
182.2899932861328
182.30999755859375
182.4243927001953
182.41000366210938
182.39999389648438
182.45680236816406
182.44000244140625
182.64999389648438
182.58999633789062
182.61000061035156
182.50999450683594
182.58999633789062
182.72000122070312
182.69000244140625
182.625
182.625
182.77999877929688
182.90499877929688
182.9199981689453
182.97500610351562
183.0
183.11000061035156
183.07000732421875
183.05999755859375
183.16000366210938
183.1699981689453
183.11720275878906
183.07879638671875
183.1529998779297
183.1999969482422
183.27999877929688
183.27969360351562
183.22999572753906
183.1699981689453
183.33999633789062
183.25
183.2899932861328
183.36000061035156
183.3699951171875
183.2550048828125
183.25999450683594
183.29989624023438
183.33999633789062
183.42999267578125
183.44000244140625
183.35000610351562
183.43499755859375
183.37449645996094
183.36900329589844
183.42999267578125
183.4550018310547
183.47999572753906
183.43499755859375
183.41000366210938
183.468994140625
183.32000732421875
183.2454071044922
183.41000366210938
183.3520050048828
183.4499969482422
183.5
183.4600067138672
183.53900146484375
183.49000549316406
183.6300048828125
183.6195068359375
183.56500244140625
183.55999755859375
183.59500122070312
183.59500122070312
183.5800018310547
183.5399932861328
183.6685028076172
183.6699981689453
183.69000244140625
183.66000366210938
183.52000427246094
183.42999267578125
183.35000610351562
183.39999389648438
183.41000366210938
183.47500610351562
183.5800018310547
183.57000732421875
183.6024932861328
183.66940307617188
183.64999389648438
183.77999877929688
183.61000061035156
183.71249389648438
183.7100067138672
183.82000732421875
183.8000030517578
183.7949981689453
183.8699951171875
183.86500549316406
183.9604034423828
183.86500549316406
183.85000610351562
183.91000366210938
183.875
183.85000610351562
183.8699951171875
183.94000244140625
183.9199981689453
183.89999389648438
183.86000061035156
183.75999450683594
183.8300018310547
183.6999969482422
183.47999572753906
183.47999572753906