200.24000549316406
200.24000549316406
202.72999572753906
202.00999450683594
201.69000244140625
200.82000732421875
200.9835968017578
201.3874053955078
200.76499938964844
201.14500427246094
201.61500549316406
202.16000366210938
202.1199951171875
201.9600067138672
201.89999389648438
201.5500030517578
201.74000549316406
201.7899932861328
201.23159790039062
201.69000244140625
202.14450073242188
202.24000549316406
202.85000610351562
202.10000610351562
201.89999389648438
201.24000549316406
201.36000061035156
200.9698944091797
201.02000427246094
201.1750030517578
201.1649932861328
201.4199981689453
201.49000549316406
201.70440673828125
202.6490020751953
202.9199981689453
203.42999267578125
203.3000946044922
203.52000427246094
204.09500122070312
204.22279357910156
204.4199981689453
204.1501007080078
203.77999877929688
203.89999389648438
204.1750030517578
204.7205047607422
205.10000610351562
204.7899932861328
205.10009765625
204.85000610351562
204.52999877929688
203.78810119628906
204.0399932861328
203.4799041748047
203.2899932861328
202.9550018310547
202.63999938964844
202.43499755859375
201.9947052001953
201.6804962158203
201.29100036621094
201.12010192871094
201.92999267578125
202.43600463867188
202.4499969482422
202.4438934326172
202.52000427246094
202.41709899902344
202.2803955078125
202.1540069580078
202.1300048828125
202.74000549316406
202.9600067138672
202.9199981689453
202.96499633789062
203.36500549316406
203.42999267578125
203.5
203.8300018310547
204.25160217285156
204.06500244140625
203.7445068359375
203.50999450683594
203.9600067138672
203.9250030517578
204.0500030517578
204.34140014648438
204.61500549316406
204.55389404296875
204.67999267578125
204.5135040283203
204.80999755859375
204.78720092773438
204.4149932861328
204.38999938964844
204.19500732421875
204.05999755859375
204.30999755859375
204.22999572753906
204.73500061035156
204.97999572753906
205.0500030517578
205.2050018310547
205.2050018310547
204.9499969482422
205.06500244140625
204.83999633789062
205.11270141601562
204.8800048828125
204.9600067138672
205.1699981689453
205.19960021972656
205.32000732421875
205.2449951171875
205.47999572753906
205.83999633789062
206.22000122070312
205.72999572753906
205.59500122070312
205.33999633789062
204.8300018310547
204.67999267578125
204.75
204.77000427246094
204.92999267578125
204.760498046875
204.72500610351562
204.6300048828125
204.47000122070312
204.5
204.6699981689453
204.68820190429688
204.75999450683594
204.86000061035156
205.0500030517578
204.72579956054688
204.61500549316406
204.88999938964844
204.92999267578125
204.9199981689453
205.35000610351562
205.49000549316406
205.52999877929688
205.97000122070312
205.9499969482422
205.88999938964844
205.88929748535156
205.97999572753906
206.3800048828125
206.77000427246094
206.80999755859375
206.25
206.12989807128906
205.97999572753906
205.99940490722656
205.92999267578125
205.85000610351562
205.77999877929688
205.96499633789062
206.2100067138672
206.25
206.35499572753906
206.41000366210938
206.4499969482422
206.5500030517578
206.6750030517578
206.7113037109375
206.7949981689453
207.0749969482422
207.0601043701172
207.19000244140625
207.3000030517578
207.17999267578125
206.92999267578125
206.91000366210938
206.91749572753906
206.94500732421875
206.99000549316406
207.11500549316406
207.23330688476562
207.24000549316406
207.41000366210938
207.21060180664062
206.8699951171875
206.66839599609375
206.5500030517578
206.63999938964844
206.60000610351562
206.82000732421875
206.88499450683594
206.83999633789062
206.9803924560547
207.0749969482422
207.10000610351562
207.0500030517578
207.15499877929688
207.07000732421875
207.02499389648438
206.6199951171875
206.55999755859375
206.6300048828125
206.68670654296875
207.05999755859375
207.5
207.77000427246094
207.7100067138672
207.58999633789062
207.39999389648438
207.46820068359375
207.49000549316406
207.5050048828125
207.5500030517578
207.5500946044922
207.61000061035156
207.5
207.49200439453125
207.4499969482422
207.38999938964844
207.30999755859375
207.3699951171875
207.4199981689453
207.44000244140625
207.58999633789062
207.64999389648438
207.66000366210938
207.83160400390625
208.0399932861328
208.18760681152344
208.14210510253906
207.99000549316406
207.91000366210938
207.89999389648438
207.66180419921875
207.67999267578125
207.931396484375
208.14700317382812
208.1999969482422
208.05999755859375
208.24000549316406
208.25999450683594
208.39999389648438
208.35000610351562
208.30999755859375
208.51499938964844
208.61000061035156
208.40809631347656
208.2100067138672
208.1862030029297
207.77999877929688
207.91900634765625
207.99000549316406
208.2899932861328
208.42999267578125
208.16000366210938
207.80499267578125
207.83999633789062
207.87989807128906
207.8148956298828
207.9499969482422
207.80580139160156
207.7899932861328
207.8450927734375
207.47000122070312
207.2949981689453
207.25999450683594
206.94000244140625
207.0
207.08999633789062
207.07000732421875
207.3300018310547
207.41000366210938
207.52999877929688
207.60000610351562
207.69020080566406
207.9199981689453
208.07000732421875
208.00999450683594
208.0800018310547
207.89999389648438
207.94500732421875
207.92999267578125
207.8800048828125
207.88999938964844
207.64999389648438
207.73500061035156
207.75999450683594
207.8300018310547
207.6699981689453
207.79660034179688
207.60000610351562
207.65989685058594
207.5800018310547
207.67999267578125
207.7823944091797
207.64999389648438
207.63999938964844
207.47000122070312
207.6199951171875
207.5399932861328
207.2100067138672
206.89990234375
206.83009338378906
206.8699951171875
206.97000122070312
206.91000366210938
206.94400024414062
207.14500427246094
207.35000610351562
207.39999389648438
207.36000061035156
207.3300018310547
207.46620178222656
207.63999938964844
207.7198944091797
207.60000610351562
207.31500244140625
207.52499389648438
207.69000244140625
207.5
207.67919921875
207.6123046875
207.41000366210938
207.41009521484375
207.4792938232422
207.5
207.37879943847656
207.35000610351562
207.39999389648438
207.45010375976562
207.43499755859375
207.593505859375
207.6199951171875
207.5500030517578
207.52000427246094
207.5399932861328
207.6699981689453
207.86000061035156
208.10000610351562
208.1999969482422
208.17999267578125
208.20599365234375
208.2100067138672
208.2696075439453
208.19009399414062
208.14999389648438
208.272705078125
208.35000610351562
208.3000030517578
208.32000732421875
208.2449951171875
208.42999267578125
208.4499969482422
208.39999389648438
208.35499572753906
208.44039916992188
208.5500030517578
208.3699951171875
208.39500427246094
208.3800048828125
208.5500030517578
208.44419860839844
208.39529418945312
208.5
208.55999755859375
208.72000122070312
208.6800994873047
208.7052001953125
208.55999755859375
208.6999969482422
208.50999450683594
208.63160705566406
208.58680725097656
208.5399932861328
208.5500030517578
208.5050048828125
208.6199951171875
208.56500244140625
208.32000732421875
208.20730590820312
208.1999053955078
208.16000366210938
208.19000244140625
208.3000030517578
208.52999877929688
208.6013946533203
208.77999877929688
208.82000732421875
208.7899932861328
208.77999877929688
208.8699951171875
208.78500366210938
208.64999389648438
208.5399932861328
208.58050537109375
208.6031951904297
208.42909240722656
208.25
208.39999389648438
208.25489807128906
208.24000549316406
208.1999969482422
208.27499389648438
208.32000732421875
208.36000061035156
208.60000610351562
208.5800018310547
208.6699981689453
208.67999267578125
208.66000366210938
208.7100067138672
208.63009643554688
208.57000732421875
208.5800018310547
208.64500427246094
208.59500122070312
208.75
208.8300018310547
208.85499572753906
208.847900390625
208.8300018310547
208.8271026611328
208.78500366210938
208.8000030517578
208.6199951171875
208.58999633789062
208.63999938964844
208.47039794921875
208.52999877929688
208.6199951171875
208.2100067138672
207.95590209960938
208.05999755859375
207.94869995117188
207.9398956298828
207.92999267578125
207.97999572753906
207.93040466308594
207.94000244140625
208.0
208.1199951171875
208.21800231933594
208.17999267578125
208.1699981689453
208.2550048828125
208.322998046875
208.27490234375
208.02999877929688
208.0500946044922
207.89500427246094
207.80999755859375
207.7799072265625
207.72000122070312
207.82749938964844
207.91000366210938
208.0780029296875
207.90570068359375
208.09840393066406
208.02000427246094
207.7100067138672
207.89999389648438
207.6999969482422
207.73500061035156
208.08999633789062
208.06900024414062
208.1072998046875
207.94000244140625
207.94000244140625
207.9615936279297
207.94000244140625
207.99000549316406
207.8800048828125
207.6593017578125
207.60000610351562
207.5500030517578
207.64999389648438
207.55999755859375
207.63999938964844
207.77000427246094
207.69000244140625
207.66000366210938
207.5800018310547
207.39500427246094
207.47320556640625
207.69000244140625
207.75999450683594
207.89999389648438
208.00999450683594
207.94000244140625
208.0590057373047
208.0
208.00999450683594
208.09109497070312
208.08999633789062
208.1300048828125
208.14999389648438
208.17999267578125
207.94619750976562
207.96820068359375
207.90550231933594
207.97000122070312
207.8699951171875
207.85000610351562
207.8300018310547
207.77720642089844
207.80389404296875
207.6999969482422
207.74000549316406
207.87879943847656
207.88499450683594
207.85000610351562
207.78990173339844
207.76499938964844
207.7783966064453
207.6999969482422
207.8000030517578
207.7949981689453
207.77000427246094
207.77999877929688
207.75
207.75799560546875
207.75
207.77999877929688
207.8800048828125
207.88360595703125
207.88999938964844
207.9600067138672
207.93499755859375
207.9499969482422
207.85000610351562
207.82000732421875
207.58999633789062
207.5299072265625
207.4550018310547
207.4199981689453
207.3865966796875
207.38999938964844
207.6427001953125
207.62060546875
207.9425048828125
207.9499969482422
207.88009643554688
208.16000366210938
208.3695068359375
208.20919799804688
208.33360290527344
208.39779663085938
208.3000030517578
208.2899932861328
208.42999267578125
208.36000061035156
208.40499877929688
208.32000732421875
208.1999969482422
208.1999053955078
208.3000030517578
208.2100067138672
208.28500366210938
208.31500244140625
208.27059936523438
208.25
208.15890502929688
208.1699981689453
208.22000122070312
208.26499938964844
208.36990356445312
208.2899932861328
208.3450927734375
208.36500549316406
208.5299072265625
208.63999938964844
208.43539428710938
208.4600067138672
208.46009826660156
208.4149932861328
208.47000122070312
208.42999267578125
208.1699981689453
208.2050018310547
208.16000366210938
208.25
208.4499969482422
208.4456024169922
208.35000610351562
208.4696044921875
208.39999389648438
208.3800048828125
208.5
208.27999877929688
208.2949981689453
208.07940673828125
208.1999969482422
208.2100067138672
208.22000122070312
208.1999969482422
208.0749969482422
208.00999450683594
207.7899932861328
207.77000427246094
207.72500610351562
207.7899932861328
207.85499572753906
207.88999938964844
208.05599975585938
208.0500030517578
208.14999389648438
208.22999572753906
208.2100067138672
208.52000427246094
208.35499572753906
208.43499755859375
208.3699951171875
208.58999633789062
208.5800018310547
208.62010192871094
208.67059326171875
208.6300048828125
208.6251983642578
208.50999450683594
208.4250030517578
208.50999450683594
208.50999450683594
208.5800018310547
208.6300048828125
208.6699981689453
208.5800018310547
208.5500030517578
208.55999755859375
208.39999389648438
208.60000610351562
208.47000122070312
208.33999633789062
208.33999633789062