201.55999755859375
201.55999755859375
200.53709411621094
201.1999969482422
201.4949951171875
201.58999633789062
201.55999755859375
201.9949951171875
202.0
202.05999755859375
203.0500030517578
202.86000061035156
203.27999877929688
203.35000610351562
203.42550659179688
203.94000244140625
204.27999877929688
203.8000030517578
203.82000732421875
203.8800048828125
203.60000610351562
203.91000366210938
203.25999450683594
203.39999389648438
202.85000610351562
202.889892578125
202.97000122070312
202.72000122070312
202.8000030517578
202.78500366210938
202.5
202.91000366210938
202.47999572753906
202.58770751953125
203.0330047607422
202.8300018310547
203.2449951171875
203.30999755859375
203.75
203.68499755859375
203.99000549316406
204.30140686035156
204.13999938964844
203.9199981689453
203.86000061035156
203.9499969482422
204.02369689941406
204.0500030517578
204.14999389648438
203.98989868164062
203.88999938964844
203.85000610351562
203.63400268554688
203.49000549316406
203.3155059814453
203.08999633789062
203.22999572753906
203.0500030517578
202.72999572753906
202.68499755859375
202.3000030517578
202.35499572753906
202.2100067138672
202.92999267578125
203.02999877929688
203.10499572753906
203.52000427246094
203.5399932861328
203.77499389648438
203.80999755859375
203.78770446777344
203.77999877929688
204.05499267578125
203.99000549316406
204.13999938964844
204.1649932861328
204.03500366210938
204.19000244140625
203.83999633789062
204.13999938964844
204.09500122070312
204.16000366210938
203.8699951171875
203.57000732421875
203.63999938964844
203.50999450683594
203.60000610351562
204.05990600585938
204.15499877929688
204.1300048828125
204.25
204.2449951171875
204.35890197753906
204.35000610351562
204.16000366210938
203.97999572753906
203.90499877929688
203.97999572753906
203.92999267578125
203.7449951171875
203.71009826660156
203.99000549316406
203.88499450683594
203.97999572753906
204.10159301757812
203.92999267578125
204.14999389648438
204.16000366210938
204.42999267578125
204.38499450683594
204.41000366210938
204.32000732421875
204.3000030517578
204.3249969482422
204.27999877929688
204.11000061035156
204.22999572753906
204.17999267578125
204.13499450683594
204.07000732421875
203.83999633789062
203.67250061035156
203.75999450683594
203.86000061035156
203.8300018310547
203.9199981689453
203.96499633789062
204.0399932861328
203.97999572753906
203.6699981689453
203.8000030517578
203.6699981689453
203.625
203.74000549316406
203.82000732421875
203.9149932861328
203.86500549316406
203.92999267578125
204.01499938964844
203.98500061035156
203.88999938964844
204.07000732421875
204.05999755859375
204.0749969482422
204.11000061035156
204.10499572753906
204.0749969482422
204.07000732421875
204.16720581054688
204.27000427246094
204.3300018310547
204.30999755859375
204.25999450683594
204.27999877929688
204.0
204.0500030517578
203.97000122070312
203.97999572753906
203.80999755859375
203.75999450683594
203.69500732421875
203.7449951171875
203.77999877929688
203.72999572753906
203.75999450683594
203.80499267578125
203.8000030517578
203.77999877929688
203.72000122070312
203.9600067138672
203.97999572753906
204.1199951171875
204.2899932861328
204.3323974609375
204.27000427246094
204.1699981689453
204.22999572753906
204.19000244140625
204.1300048828125
204.1300048828125
204.1199951171875
204.22999572753906
204.2100067138672
204.3800048828125
204.14999389648438
203.9199981689453
203.99000549316406
203.86500549316406
203.67999267578125
203.64999389648438
203.57000732421875
203.6199951171875
203.58999633789062
203.63999938964844
203.74000549316406
203.6300048828125
203.72000122070312
203.6699981689453
203.58999633789062
203.46499633789062
203.3699951171875
203.2310028076172
203.22000122070312
203.36000061035156
203.64999389648438
203.85000610351562
203.9561004638672
203.8300018310547
203.88999938964844
203.84500122070312
203.6999969482422
203.77000427246094
203.67999267578125
203.76499938964844
203.8000030517578
203.8000030517578
203.8000030517578
203.97999572753906
203.94900512695312
203.86000061035156
203.77000427246094
203.55999755859375
203.57000732421875
203.55999755859375
203.5500030517578
203.6649932861328
203.8300018310547
203.80999755859375
203.77000427246094
203.61000061035156
203.50999450683594
203.22999572753906
203.25999450683594
203.2100067138672
203.02999877929688
203.1199951171875
203.0800018310547
203.08999633789062
203.10000610351562
203.1999969482422
203.1999969482422
203.27999877929688
203.30999755859375
203.3699951171875
203.468994140625
203.4499969482422
203.36000061035156
203.36900329589844
203.47000122070312
203.38999938964844
203.41000366210938
203.4149932861328
203.27999877929688
203.30999755859375
203.33560180664062
203.27000427246094
203.27999877929688
203.3000030517578
203.25999450683594
203.09320068359375
203.00999450683594
202.9199981689453
202.94000244140625
202.8699951171875
202.72999572753906
202.69000244140625
202.49000549316406
202.39500427246094
202.4199981689453
202.41000366210938
202.4600067138672
202.56500244140625
202.89999389648438
202.6999969482422
202.82000732421875
202.83999633789062
203.0500030517578
203.0399932861328
203.06500244140625
203.0399932861328
203.07000732421875
203.16799926757812
203.07000732421875
203.02969360351562
202.9499969482422
203.05499267578125
203.16000366210938
203.1699981689453
203.0399932861328
203.0800018310547
203.11000061035156
203.00999450683594
203.02999877929688
202.9499969482422
203.1300048828125
203.10000610351562
202.94000244140625
203.04339599609375
203.1300048828125
203.10000610351562
202.8542022705078
202.74000549316406
202.80690002441406
202.84579467773438
202.97000122070312
202.94000244140625
203.0399932861328
203.14999389648438
203.22999572753906
203.2899932861328
203.25999450683594
203.25
203.22000122070312
203.4600067138672
203.49000549316406
203.3800048828125
203.3699951171875
203.30999755859375
203.4199981689453
203.41749572753906
203.43890380859375
203.32000732421875
203.1699981689453
203.07000732421875
203.1699981689453
203.0800018310547
203.0800018310547
203.22000122070312
203.1741943359375
203.35000610351562
203.30999755859375
203.30999755859375
203.25
203.19000244140625
203.3300018310547
203.3800048828125
203.39999389648438
203.39999389648438
203.6699981689453
203.74000549316406
203.63999938964844
203.66000366210938
203.6699981689453
203.8699951171875
203.82000732421875
203.75999450683594
203.9600067138672
203.8426971435547
204.02340698242188
203.73500061035156
203.66810607910156
203.66000366210938
203.50999450683594
203.65499877929688
203.61000061035156
203.82000732421875
203.8699951171875
203.7100067138672
203.72000122070312
203.69000244140625
203.75
203.7050018310547
203.6999969482422
203.66000366210938
203.82000732421875
203.77999877929688
203.85000610351562
203.77999877929688
203.77999877929688
203.9600067138672
203.8699951171875
204.02000427246094
204.0
203.97999572753906
204.03500366210938
204.08999633789062
204.11000061035156
204.17999267578125
204.1300048828125
204.16000366210938
204.25
204.25999450683594
204.19000244140625
204.14930725097656
204.02999877929688
204.08140563964844
204.0
203.86000061035156
203.94000244140625
204.05999755859375
204.05999755859375
204.125
204.0800018310547
204.1699981689453
204.07000732421875
204.23500061035156
204.1199951171875
203.97999572753906
203.97479248046875
203.85000610351562
203.7100067138672
203.7100067138672
203.77999877929688
203.72999572753906
203.85000610351562
203.8800048828125
203.85000610351562
203.77999877929688
203.77000427246094
203.89999389648438
203.8800048828125
203.82000732421875
203.75999450683594
203.75999450683594
203.80499267578125
203.83999633789062
203.88999938964844
203.89500427246094
204.00999450683594
203.96099853515625
203.92999267578125
204.0886993408203
203.97999572753906
204.05499267578125
204.00999450683594
203.98829650878906
203.97000122070312
203.97000122070312
203.97999572753906
204.00999450683594
204.02000427246094
203.88999938964844
203.910400390625
203.91000366210938
203.85069274902344
203.8699951171875
203.89999389648438
204.05999755859375
204.0399932861328
203.97000122070312
204.18499755859375
204.25999450683594
204.22999572753906
204.15499877929688
204.2100067138672
204.2100067138672
204.0800018310547
204.14999389648438
204.25
204.17999267578125
204.1699981689453
204.15890502929688
204.13999938964844
204.22850036621094
204.17999267578125
204.2364959716797
204.2364959716797
204.3699951171875
204.39370727539062
204.23989868164062
204.1999969482422
204.2899932861328
204.32359313964844
204.47999572753906
204.6649932861328
204.84500122070312
204.85000610351562
204.91000366210938
204.90499877929688
204.97500610351562
205.2100067138672
205.02999877929688
205.13999938964844
204.91000366210938
204.83999633789062
204.85000610351562
204.7100067138672
204.58399963378906
204.74000549316406
204.69000244140625
204.60000610351562
204.625
204.65049743652344
204.65049743652344
204.84970092773438
204.78500366210938
204.9539031982422
204.8300018310547
204.9199981689453
204.7899932861328
204.9499969482422
204.91000366210938
205.05499267578125
205.36500549316406
205.3699951171875
205.3800048828125
205.50999450683594
205.49000549316406
205.4499969482422
205.16000366210938
205.11500549316406
205.1300048828125
205.0
204.97500610351562
204.86000061035156
204.7270050048828
204.71009826660156
204.7899932861328
204.67999267578125
204.72000122070312
204.88999938964844
204.8800048828125
204.9499969482422
204.9199981689453
204.9250030517578
204.8800048828125
204.86000061035156
204.89999389648438
204.8699951171875
204.88999938964844
204.8800048828125
204.80999755859375
204.83999633789062
204.89999389648438
204.8699951171875
204.8780059814453
204.7899932861328
204.84500122070312
204.8966064453125
204.9595947265625
204.9199981689453
204.85000610351562
204.87049865722656
204.94000244140625
204.93499755859375
204.88999938964844
204.89999389648438
204.94500732421875
204.90499877929688
205.00999450683594
205.0
205.11000061035156
205.19000244140625
205.14999389648438
205.05999755859375
205.08999633789062
205.14999389648438
205.05999755859375
205.0780029296875
205.08009338378906
205.16000366210938
205.27999877929688
205.11929321289062
205.10000610351562
205.0800018310547
205.0399932861328
204.85000610351562
204.91600036621094
204.9199981689453
204.86500549316406
204.77999877929688
204.85000610351562
204.75999450683594
204.8300018310547
204.86000061035156
204.89939880371094
204.89999389648438
204.9600067138672
205.05999755859375
205.17160034179688
205.02999877929688
205.02999877929688
205.07000732421875
204.9600067138672
204.92999267578125
205.0800018310547
204.97999572753906
204.8699951171875
204.93499755859375
204.9199981689453
204.9499969482422
205.07000732421875
205.11000061035156
205.1699981689453
205.22000122070312
205.23899841308594
205.1699981689453
205.2100067138672
205.09500122070312
205.0727996826172
205.06500244140625
205.0500030517578
204.91270446777344
205.00999450683594
205.14999389648438
205.11000061035156
205.11000061035156
205.0500030517578
205.02000427246094
204.88499450683594
205.00999450683594
205.014404296875
204.9949951171875
205.08999633789062
205.11000061035156
205.16000366210938
205.2949981689453
205.3800048828125
205.41000366210938
205.30999755859375
205.30999755859375
205.2899932861328
205.4600067138672
205.47999572753906
205.49000549316406
205.69000244140625
205.63999938964844
205.64999389648438
205.52499389648438
205.42999267578125
205.50999450683594
205.5399932861328
205.52999877929688
205.625
205.5500030517578
205.5399932861328
205.5399932861328
205.43499755859375
205.4250030517578
205.47000122070312
205.38999938964844
205.32000732421875
205.32000732421875