232.6300048828125
232.6300048828125
232.55999755859375
231.63999938964844
230.5500030517578
230.63999938964844
230.47999572753906
230.69000244140625
230.6699981689453
231.1999969482422
232.24000549316406
232.0279998779297
231.10000610351562
230.7050018310547
230.0500030517578
229.80999755859375
230.3289031982422
229.7899932861328
229.60000610351562
230.3354949951172
230.52999877929688
229.8800048828125
229.4550018310547
229.24000549316406
228.77999877929688
228.65249633789062
228.77499389648438
229.05999755859375
228.67999267578125
228.40499877929688
228.52999877929688
228.4600067138672
228.6300048828125
228.61500549316406
228.83999633789062
229.25
229.4550018310547
228.7899932861328
228.3699951171875
228.94000244140625
228.75999450683594
228.77999877929688
228.59910583496094
228.21499633789062
228.30999755859375
227.82000732421875
227.58999633789062
228.1300048828125
227.6199951171875
227.7698974609375
228.13499450683594
227.85000610351562
227.3800048828125
227.7899932861328
227.27000427246094
227.13999938964844
227.35499572753906
227.13499450683594
226.83999633789062
226.72000122070312
226.7899932861328
226.47500610351562
226.74000549316406
226.61500549316406
227.19000244140625
227.22000122070312
226.64999389648438
226.96499633789062
227.08999633789062
226.69000244140625
226.86000061035156
226.55999755859375
226.95860290527344
227.3699951171875
227.38999938964844
227.6699981689453
227.7550048828125
227.45799255371094
227.50999450683594
227.91000366210938
227.80499267578125
227.6999969482422
227.8699951171875
227.80999755859375
228.24000549316406
228.1300048828125
228.36500549316406
228.4600067138672
228.6699981689453
228.6199951171875
228.61000061035156
228.47999572753906
228.80999755859375
228.44000244140625
228.27999877929688
228.27999877929688
227.97999572753906
228.10000610351562
228.27999877929688
227.88999938964844
228.4355926513672
228.5
228.52000427246094
228.49000549316406
228.33999633789062
228.00999450683594
228.06900024414062
227.8300018310547
227.77000427246094
227.36000061035156
227.6846923828125
227.8000030517578
227.9199981689453
227.8800048828125
227.69000244140625
227.7899932861328
227.9600067138672
228.2270050048828
227.67559814453125
227.50999450683594
227.64500427246094
227.2050018310547
227.39500427246094
227.41000366210938
227.1649932861328
227.19749450683594
227.1199951171875
227.22999572753906
227.3874969482422
227.30999755859375
227.32000732421875
227.3249969482422
227.375
227.7248992919922
227.89999389648438
228.0800018310547
228.1199951171875
227.9799041748047
227.94000244140625
227.8000030517578
227.98719787597656
228.24989318847656
228.19500732421875
228.0218963623047
227.84860229492188
227.92999267578125
228.0050048828125
227.9199981689453
228.0500030517578
228.27000427246094
228.1300048828125
228.18499755859375
227.98500061035156
227.97000122070312
227.8000030517578
228.07000732421875
227.8000030517578
227.9949951171875
227.91000366210938
228.16000366210938
228.10499572753906
228.17999267578125
228.22000122070312
228.25999450683594
228.13999938964844
228.0500030517578
227.92999267578125
228.02499389648438
228.02999877929688
228.58990478515625
228.49000549316406
228.4906005859375
228.8300018310547
228.9499969482422
228.88999938964844
229.16000366210938
229.05499267578125
229.2100067138672
229.38999938964844
229.0
228.97999572753906
228.510498046875
228.72999572753906
228.4600067138672
228.28500366210938
228.1750030517578
228.360107421875
228.47500610351562
228.4600067138672
228.35499572753906
228.64999389648438
228.6199951171875
229.0500030517578
229.1699981689453
229.27000427246094
228.89500427246094
229.22999572753906
229.39999389648438
228.80499267578125
228.77999877929688
229.02000427246094
228.77999877929688
228.65499877929688
228.9499969482422
229.27999877929688
229.3800048828125
229.54750061035156
229.39999389648438
229.05999755859375
229.10000610351562
228.99000549316406
229.16000366210938
229.3800048828125
229.22999572753906
229.3300018310547
229.32000732421875
229.50999450683594
229.6300048828125
229.6999969482422
229.66749572753906
229.5399932861328
229.7899932861328
229.8000030517578
229.85000610351562
230.10000610351562
230.27999877929688
230.1300048828125
230.05999755859375
230.3699951171875
230.5
230.4199981689453
230.24000549316406
230.4550018310547
230.1300048828125
230.35000610351562
230.5
230.5800018310547
230.4149932861328
230.47999572753906
230.47610473632812
230.27499389648438
230.37359619140625
230.33999633789062
230.34500122070312
230.7899932861328
230.78810119628906
230.53500366210938
230.50999450683594
230.44000244140625
230.44500732421875
230.55999755859375
230.5050048828125
230.63999938964844
230.6999969482422
230.61500549316406
230.36000061035156
230.39990234375
230.22000122070312
230.20419311523438
230.39999389648438
230.24000549316406
230.10000610351562
229.89999389648438
229.5500030517578
229.49630737304688
229.47999572753906
229.44000244140625
229.3699951171875
229.5
229.52999877929688
229.7760009765625
229.75999450683594
230.05999755859375
230.05999755859375
230.17999267578125
230.12109375
230.12109375
230.49000549316406
230.32000732421875
230.3199005126953
230.44000244140625
230.60000610351562
230.50999450683594
230.55499267578125
230.5449981689453
230.81500244140625
230.97900390625
230.94000244140625
230.86000061035156
230.4949951171875
230.44000244140625
230.72999572753906
230.66000366210938
230.52999877929688
230.61000061035156
230.38999938964844
230.44790649414062
230.35110473632812
230.26499938964844
230.13499450683594
229.97239685058594
229.6999969482422
229.82000732421875
229.78500366210938
229.86000061035156
229.84890747070312
230.13999938964844
230.0500030517578
230.22500610351562
230.22999572753906
230.07000732421875
230.05499267578125
230.13499450683594
230.19000244140625
230.15499877929688
230.19000244140625
229.97000122070312
230.06500244140625
230.42999267578125
230.2100067138672
230.32000732421875
230.27499389648438
230.13999938964844
230.17999267578125
230.35000610351562
230.3665008544922
230.36000061035156
230.66000366210938
230.64999389648438
230.75
230.75
230.66000366210938
230.83999633789062
230.7550048828125
230.66000366210938
230.7050018310547
230.91000366210938
231.02999877929688
231.28500366210938
231.35499572753906
231.3800048828125
231.41000366210938
231.47000122070312
231.47500610351562
231.42999267578125
231.55999755859375
231.3699951171875
231.3699951171875
231.5800018310547
231.24000549316406
230.97000122070312
231.05999755859375
230.97000122070312
231.05999755859375
231.02000427246094
231.08999633789062
231.14999389648438
231.16000366210938
231.07000732421875
230.96270751953125
230.86709594726562
230.96730041503906
231.0399932861328
231.06509399414062
231.03460693359375
231.03460693359375
231.00950622558594
230.97999572753906
230.77000427246094
230.908203125
230.8699951171875
230.94500732421875
230.86000061035156
230.81500244140625
231.0
230.85169982910156
230.9600067138672
230.9499969482422
230.8000030517578
230.8000030517578
230.94000244140625
231.13279724121094
231.10000610351562
231.0800018310547
231.25
231.32000732421875
231.43499755859375
231.2899932861328
231.3249969482422
231.4600067138672
231.47999572753906
231.37319946289062
231.38710021972656
231.42999267578125
231.4600067138672
231.4600067138672
231.30499267578125
231.32000732421875
231.27999877929688
230.94000244140625
230.61000061035156
230.64500427246094
230.64500427246094
230.85000610351562
231.00999450683594
231.02000427246094
231.05499267578125
230.92999267578125
230.91000366210938
230.83999633789062
230.75
230.7100067138672
230.6649932861328
230.69000244140625
230.69000244140625
230.64500427246094
230.7174072265625
230.5800018310547
230.4600067138672
230.5399932861328
230.50999450683594
230.50999450683594
230.41000366210938
230.49000549316406
230.30499267578125
230.35499572753906
230.3699951171875
230.38999938964844
230.39999389648438
230.39999389648438
230.44000244140625
230.33999633789062
230.1699981689453
230.0500030517578
229.8800048828125
229.8800048828125
230.0749969482422
230.36000061035156
230.80999755859375
230.7100067138672
230.83999633789062
230.90499877929688
230.99000549316406
231.0756072998047
231.0756072998047
230.99000549316406
231.0749969482422
231.1013946533203
231.00999450683594
230.89999389648438
230.9199981689453
230.8000030517578
230.86000061035156
230.97999572753906
230.94810485839844
231.08999633789062
230.92999267578125
230.92999267578125
231.1199951171875
230.48500061035156
230.58999633789062
230.49000549316406
230.46499633789062
230.7899932861328
230.73500061035156
230.65499877929688
230.65499877929688
230.4199981689453
230.40499877929688
230.4600067138672
230.4199981689453
230.30499267578125
229.77499389648438
229.7949981689453
229.91220092773438
229.99000549316406
230.08999633789062
230.1199951171875
230.19500732421875
230.19259643554688
230.08999633789062
229.94000244140625
230.02999877929688
230.11000061035156
229.875
229.85000610351562
229.99000549316406
230.2899932861328
230.24000549316406
230.1999969482422
230.2779998779297
230.22500610351562
230.1999969482422
230.24000549316406
230.27000427246094
230.24000549316406
230.1300048828125
229.91000366210938
229.91000366210938
230.09890747070312
230.01699829101562
230.10000610351562
229.89979553222656
230.00999450683594
229.8699951171875
229.9600067138672
229.9777069091797
229.83999633789062
229.96299743652344
229.91000366210938
230.1300048828125
230.1699981689453
230.2899932861328
230.33999633789062
230.3000030517578
230.35499572753906
230.3249969482422
230.14999389648438
230.23500061035156
230.10000610351562
229.875
229.8000030517578
229.9550018310547
229.96499633789062
229.9163055419922
229.88999938964844
229.84030151367188
230.0301055908203
230.03970336914062
230.02000427246094
229.89500427246094
229.61000061035156
229.63999938964844
229.6999969482422
229.92869567871094
229.77999877929688
229.80999755859375
230.14999389648438
230.3000030517578
230.51499938964844
230.74000549316406
230.55999755859375
230.57000732421875
230.65499877929688
230.5800018310547
230.7899932861328
230.9149932861328
230.6750030517578
230.5803985595703
230.6699981689453
230.64999389648438
230.7899932861328
230.5800018310547
230.625
230.72500610351562
230.85000610351562
230.72999572753906
230.69500732421875
230.8300018310547
230.91000366210938
230.8249969482422
230.6300048828125
230.39999389648438
230.6300048828125
230.64999389648438
230.80499267578125
230.77499389648438
230.88999938964844
230.79249572753906
230.9600067138672
230.97000122070312
230.73500061035156
230.77999877929688
230.76499938964844
230.84500122070312
230.9199981689453
230.91000366210938
230.73829650878906
230.77000427246094
230.97999572753906
230.9499969482422
231.08999633789062
231.27999877929688
231.38999938964844
231.41000366210938
231.57000732421875
231.58999633789062
231.74000549316406
231.59500122070312
231.4499969482422
231.33999633789062
231.44000244140625
231.3300018310547
231.3800048828125
231.42999267578125
231.45249938964844
231.36000061035156
231.11000061035156
231.05999755859375
230.90989685058594
230.9600067138672
231.0050048828125
231.2100067138672
231.4199981689453
231.48500061035156
231.64999389648438
231.64999389648438
231.72000122070312
231.8701934814453
231.64999389648438
231.60279846191406
231.62010192871094
231.77999877929688
231.77499389648438
231.99000549316406
231.9949951171875
232.0449981689453
232.19000244140625
232.05999755859375
232.02999877929688
232.0800018310547
232.05999755859375
232.1999969482422
232.39999389648438
232.5
232.48989868164062
232.58999633789062
232.42999267578125
232.3699951171875
232.32000732421875
232.13999938964844
232.08999633789062
232.08999633789062
