55.66999816894531
55.66999816894531
55.45000076293945
55.369998931884766
55.43000030517578
55.33000183105469
55.27000045776367
55.30500030517578
55.2599983215332
55.2599983215332
55.25
55.380001068115234
55.369998931884766
55.45000076293945
55.38999938964844
55.39500045776367
55.43000030517578
55.40999984741211
55.4208984375
55.47999954223633
55.415000915527344
55.400001525878906
55.349998474121094
55.32749938964844
55.2599983215332
55.31999969482422
55.369998931884766
55.34000015258789
55.310001373291016
55.28990173339844
55.2599983215332
55.2400016784668
55.255001068115234
55.2400016784668
55.310001373291016
55.35499954223633
55.43000030517578
55.3650016784668
55.380001068115234
55.38999938964844
55.35499954223633
55.349998474121094
55.328800201416016
55.279998779296875
55.29999923706055
55.2599983215332
55.22999954223633
55.224998474121094
55.220001220703125
55.20479965209961
55.20000076293945
55.220001220703125
55.119998931884766
55.165000915527344
55.1349983215332
55.13999938964844
55.15999984741211
55.150001525878906
55.15999984741211
55.189998626708984
55.130001068115234
55.119998931884766
55.20500183105469
55.29999923706055
55.272499084472656
55.28499984741211
55.279998779296875
55.23500061035156
55.29999923706055
55.27000045776367
55.21500015258789
55.21500015258789
55.23500061035156
55.227500915527344
55.20000076293945
55.25
55.20000076293945
55.11000061035156
55.09000015258789
55.119998931884766
55.09000015258789
55.119998931884766
55.025001525878906
55.0
55.03990173339844
55.0
55.029998779296875
55.029998779296875
55.06999969482422
55.064998626708984
55.07500076293945
55.099998474121094
55.154998779296875
55.150001525878906
55.06999969482422
55.04090118408203
55.025001525878906
54.9900016784668
54.970001220703125
54.91999816894531
54.90999984741211
54.93000030517578
54.93000030517578
54.95000076293945
54.91999816894531
54.85499954223633
54.869998931884766
54.85499954223633
54.8650016784668
54.849998474121094
54.84000015258789
54.8650016784668
54.83000183105469
54.886600494384766
54.880001068115234
54.880001068115234
54.869998931884766
54.88999938964844
54.82929992675781
54.79499816894531
54.79999923706055
54.77000045776367
54.779998779296875
54.839900970458984
54.76089859008789
54.79499816894531
54.79499816894531
54.79999923706055
54.83000183105469
54.79999923706055
54.80500030517578
54.814998626708984
54.80500030517578
54.845001220703125
54.86000061035156
54.89500045776367
54.875
54.915000915527344
54.91999816894531
54.88999938964844
54.89500045776367
54.93000030517578
54.915000915527344
54.8849983215332
54.91999816894531
54.915000915527344
54.91999816894531
54.92499923706055
54.94499969482422
54.970001220703125
54.996498107910156
54.970001220703125
54.95500183105469
54.95000076293945
54.935001373291016
55.0
54.970001220703125
54.970001220703125
54.97999954223633
54.97999954223633
54.99729919433594
55.040000915527344
55.03139877319336
55.04499816894531
55.031700134277344
55.029998779296875
55.02000045776367
55.04999923706055
55.05979919433594
55.029998779296875
55.04999923706055
55.095001220703125
55.089298248291016
55.093101501464844
55.04999923706055
55.06999969482422
55.06999969482422
55.084999084472656
55.08000183105469
55.052398681640625
55.04499816894531
55.03499984741211
55.04999923706055
55.012001037597656
55.0
55.01499938964844
55.040000915527344
55.029998779296875
54.9900016784668
54.94499969482422
54.98749923706055
55.02000045776367
55.042999267578125
55.064998626708984
55.060001373291016
55.04999923706055
55.064998626708984
55.06209945678711
55.0
54.9900016784668
55.0
55.0
55.0099983215332
55.04999923706055
55.060001373291016
55.09000015258789
55.130001068115234
55.099998474121094
55.040000915527344
55.06779861450195
55.025001525878906
55.02119827270508
55.04999923706055
55.06100082397461
55.05500030517578
55.029998779296875
55.06999969482422
55.05009841918945
55.08000183105469
55.04499816894531
55.07500076293945
55.07500076293945
55.087799072265625
55.099998474121094
55.11109924316406
55.130001068115234
55.1349983215332
55.11000061035156
55.165000915527344
55.18000030517578
55.150001525878906
55.150001525878906
55.17499923706055
55.18000030517578
55.20500183105469
55.185001373291016
55.185001373291016
55.18190002441406
55.189998626708984
55.15999984741211
55.15999984741211
55.185001373291016
55.19499969482422
55.19499969482422
55.2599983215332
55.244998931884766
55.209999084472656
55.20500183105469
55.244998931884766
55.237098693847656
55.253299713134766
55.244998931884766
55.244998931884766
55.2400016784668
55.20000076293945
55.17499923706055
55.20000076293945
55.21500015258789
55.189998626708984
55.189998626708984
55.18009948730469
55.189998626708984
55.17499923706055
55.14690017700195
55.119998931884766
55.150001525878906
55.14739990234375
55.154998779296875
55.165000915527344
55.154998779296875
55.14500045776367
55.14500045776367
55.13999938964844
55.099998474121094
55.095001220703125
55.10499954223633
55.118499755859375
55.14500045776367
55.14500045776367
55.14500045776367
55.15589904785156
55.150001525878906
55.13999938964844
55.13589859008789
55.14500045776367
55.165000915527344
55.18000030517578
55.21500015258789
55.157501220703125
55.15999984741211
55.130001068115234
55.13999938964844
55.150001525878906
55.14500045776367
55.10499954223633
55.099998474121094
55.097999572753906
55.099998474121094
55.10499954223633
55.125
55.060001373291016
55.040000915527344
55.060001373291016
55.06999969482422
55.08000183105469
55.09000015258789
55.11000061035156
55.1349983215332
55.13999938964844
55.133399963378906
55.125
55.13100051879883
55.15999984741211
55.165000915527344
55.165000915527344
55.13999938964844
55.125
55.15359878540039
55.154998779296875
55.13999938964844
55.128299713134766
55.11000061035156
55.09000015258789
55.067501068115234
55.084999084472656
55.07609939575195
55.07500076293945
55.09000015258789
55.084999084472656
55.0968017578125
55.08000183105469
55.099998474121094
55.084999084472656
55.05500030517578
55.064998626708984
55.064998626708984
55.08000183105469
55.119998931884766
55.14500045776367
55.16999816894531
55.156898498535156
55.165000915527344
55.18330001831055
55.17499923706055
55.140899658203125
55.130001068115234
55.10499954223633
55.11819839477539
55.11000061035156
55.084999084472656
55.10499954223633
55.099998474121094
55.099998474121094
55.099998474121094
55.130001068115234
55.1349983215332
55.12710189819336
55.130001068115234
55.1150016784668
55.11000061035156
55.11000061035156
55.11000061035156
55.130001068115234
55.1150016784668
55.1150016784668
55.130001068115234
55.14360046386719
55.119998931884766
55.084999084472656
55.10499954223633
55.11000061035156
55.1150016784668
55.1150016784668
55.125
55.12730026245117
55.119998931884766
55.13999938964844
55.1349983215332
55.130001068115234
55.119998931884766
55.1349983215332
55.14500045776367
55.13999938964844
55.1349983215332
55.15999984741211
55.165000915527344
55.17499923706055
55.16999816894531
55.17499923706055
55.18000030517578
55.18000030517578
55.189998626708984
55.17499923706055
55.21500015258789
55.224998474121094
55.220001220703125
55.22520065307617
55.224998474121094
55.23500061035156
55.209999084472656
55.16999816894531
55.18000030517578
55.189998626708984
55.20000076293945
55.20000076293945
55.209999084472656
55.22990036010742
55.23500061035156
55.244998931884766
55.2400016784668
55.2598991394043
55.23500061035156
55.224998474121094
55.2400016784668
55.224998474121094
55.23500061035156
55.26499938964844
55.275001525878906
55.294498443603516
55.29999923706055
55.314998626708984
55.314998626708984
55.310001373291016
55.30500030517578
55.29999923706055
55.26959991455078
55.250099182128906
55.2422981262207
55.279998779296875
55.275001525878906
55.275001525878906
55.2400016784668
55.24079895019531
55.23500061035156
55.20909881591797
55.20500183105469
55.17499923706055
55.17499923706055
55.17499923706055
55.154998779296875
55.17499923706055
55.165000915527344
55.16999816894531
55.154998779296875
55.14500045776367
55.1349983215332
55.119998931884766
55.1150016784668
55.10499954223633
55.080101013183594
55.09000015258789
55.08000183105469
55.084999084472656
55.084999084472656
55.07500076293945
55.07500076293945
55.084999084472656
55.130001068115234
55.125
55.06999969482422
55.0796012878418
55.05500030517578
55.05500030517578
55.088199615478516
55.095001220703125
55.09000015258789
55.060001373291016
55.04499816894531
55.09000015258789
55.095001220703125
55.10499954223633
55.060001373291016
55.04499816894531
55.06999969482422
55.06999969482422
55.07500076293945
55.060001373291016
55.095001220703125
55.099998474121094
55.11000061035156
55.084999084472656
55.09000015258789
55.125
55.119998931884766
55.1150016784668
55.119998931884766
55.150001525878906
55.15999984741211
55.154998779296875
55.14500045776367
55.14500045776367
55.154998779296875
55.1349983215332
55.16999816894531
55.16999816894531
55.165000915527344
55.16999816894531
55.14500045776367
55.154998779296875
55.16640090942383
55.165000915527344
55.16559982299805
55.154998779296875
55.165000915527344
55.15169906616211
55.15060043334961
55.160099029541016
55.16999816894531
55.18159866333008
55.16999816894531
55.18000030517578
55.16999816894531
55.185001373291016
55.18000030517578
55.18000030517578
55.18989944458008
55.18000030517578
55.16999816894531
55.21500015258789
55.20000076293945
55.20989990234375
55.18000030517578
55.19300079345703
55.2057991027832
55.189998626708984
55.185001373291016
55.189998626708984
55.189998626708984
55.220001220703125
55.22999954223633
55.22129821777344
55.209999084472656
55.224998474121094
55.244998931884766
55.255001068115234
55.26499938964844
55.279998779296875
55.314998626708984
55.329898834228516
55.345001220703125
55.369998931884766
55.38800048828125
55.415000915527344
55.38999938964844
55.435001373291016
55.45000076293945
55.45000076293945
55.44850158691406
55.435001373291016
55.45000076293945
55.44499969482422
55.459999084472656
55.45000076293945
55.44499969482422
55.42499923706055
55.42499923706055
55.40599822998047
55.40999984741211
55.39500045776367
55.3849983215332
55.375
55.349998474121094
55.338199615478516
55.345001220703125
55.35499954223633
55.34600067138672
55.345298767089844
55.35499954223633
55.36000061035156
55.38999938964844
55.3849983215332
55.3849983215332
55.38999938964844
55.36000061035156
55.375
55.3650016784668
55.34600067138672
55.32500076293945
55.290000915527344
55.29999923706055
55.32500076293945
55.349998474121094
55.334999084472656
55.334999084472656
55.334999084472656
55.38999938964844
55.349998474121094
55.34000015258789
55.34000015258789
55.32500076293945
55.34000015258789
55.345001220703125
55.334999084472656
55.35499954223633
55.3650016784668
55.352500915527344
55.35499954223633
55.32500076293945
55.279998779296875
55.27000045776367
55.29499816894531
55.29499816894531
55.314998626708984
55.314998626708984
55.345001220703125
55.35499954223633
55.369998931884766
55.375
55.39500045776367
55.380001068115234
55.3650016784668
55.33000183105469
55.334999084472656
55.35499954223633
55.3650016784668
55.3849983215332
55.3849983215332
55.40999984741211
55.404998779296875
55.380001068115234
55.39500045776367
55.334999084472656
55.345001220703125
55.33000183105469
55.349998474121094
55.32500076293945
55.330101013183594
55.35499954223633
55.35499954223633
55.3400993347168
55.345001220703125
55.369998931884766
55.369998931884766
