131.3300018310547
131.3300018310547
130.66000366210938
131.32000732421875
130.85000610351562
130.66000366210938
131.02499389648438
131.32000732421875
130.9199981689453
131.0507049560547
131.24000549316406
131.47999572753906
131.6300048828125
131.72000122070312
131.5800018310547
131.72000122070312
131.77999877929688
131.72000122070312
131.74989318847656
131.72000122070312
131.85000610351562
132.28900146484375
132.19000244140625
132.38999938964844
132.14999389648438
132.02999877929688
132.15499877929688
132.18760681152344
132.38999938964844
132.3699951171875
132.10989379882812
132.19000244140625
132.15499877929688
132.1199951171875
132.1999969482422
132.08999633789062
132.10000610351562
132.26499938964844
132.4149932861328
132.6750030517578
132.7899932861328
132.97999572753906
133.0500030517578
133.05999755859375
133.09010314941406
133.22999572753906
133.36500549316406
133.15750122070312
133.13499450683594
133.2100067138672
133.14999389648438
133.1699981689453
133.22500610351562
133.24229431152344
133.1699981689453
133.11000061035156
133.14999389648438
133.1300048828125
133.18499755859375
133.06390380859375
132.9499969482422
132.91000366210938
133.02999877929688
133.38999938964844
133.35000610351562
133.27000427246094
133.5800018310547
133.40049743652344
133.42999267578125
133.33900451660156
133.44500732421875
133.33999633789062
133.67999267578125
133.6739959716797
133.76499938964844
133.9149932861328
133.97000122070312
133.82000732421875
133.77000427246094
133.8699951171875
133.8800048828125
134.0157012939453
133.92999267578125
133.77000427246094
133.84559631347656
133.82000732421875
133.8800048828125
133.97959899902344
134.02999877929688
134.0399932861328
134.00999450683594
134.05999755859375
133.9499969482422
134.0399932861328
134.0749969482422
134.05999755859375
134.1118927001953
134.1649932861328
134.25
134.02000427246094
134.0
134.0500030517578
134.05999755859375
134.22999572753906
134.26260375976562
134.11000061035156
134.1999969482422
134.22000122070312
134.23350524902344
134.42999267578125
134.5399932861328
134.55850219726562
134.52000427246094
134.5
134.52000427246094
134.34970092773438
134.4600067138672
134.4499969482422
134.57000732421875
134.49000549316406
134.5800018310547
134.61000061035156
134.63999938964844
134.69630432128906
134.67999267578125
134.68380737304688
134.72000122070312
134.602294921875
134.59869384765625
134.64999389648438
134.52000427246094
134.60000610351562
134.5
134.44000244140625
134.5
134.6300048828125
134.77000427246094
134.80999755859375
134.8300018310547
134.77000427246094
134.72999572753906
134.85000610351562
134.97959899902344
135.0050048828125
135.0
134.9949951171875
134.92799377441406
134.9687042236328
134.97999572753906
134.9600067138672
134.99000549316406
134.97999572753906
134.9499969482422
134.86500549316406
134.74000549316406
134.80999755859375
134.83909606933594
134.7899932861328
134.82000732421875
134.74920654296875
134.9499969482422
135.03729248046875
135.1300048828125
135.0800018310547
135.09640502929688
135.0500030517578
135.0500030517578
135.0500030517578
134.9499969482422
134.9499969482422
134.92999267578125
135.1199951171875
135.07000732421875
135.15499877929688
135.24000549316406
135.24000549316406
135.22999572753906
135.2050018310547
135.1300048828125
135.27000427246094
135.25999450683594
135.16839599609375
135.17999267578125
135.29200744628906
135.25
135.16000366210938
135.13999938964844
135.00999450683594
134.97999572753906
134.9949951171875
135.00999450683594
135.02000427246094
134.92799377441406
135.1300048828125
135.13279724121094
135.02999877929688
135.0
134.91000366210938
134.9499969482422
134.8300018310547
134.97000122070312
135.00999450683594
135.07000732421875
135.19000244140625
135.41000366210938
135.5800018310547
135.57000732421875
135.49429321289062
135.5800018310547
135.55499267578125
135.59500122070312
135.55999755859375
135.6300048828125
135.6699981689453
135.625
135.61000061035156
135.66000366210938
135.55999755859375
135.5800018310547
135.4199981689453
135.4600067138672
135.27000427246094
135.02999877929688
135.11000061035156
134.99000549316406
135.02999877929688
135.09500122070312
135.05499267578125
135.1699981689453
135.13999938964844
135.1699981689453
135.11000061035156
135.25
135.22999572753906
135.2100067138672
135.1999969482422
135.24000549316406
135.22999572753906
135.17999267578125
135.32000732421875
135.2899932861328
135.27349853515625
135.33970642089844
135.33999633789062
135.2899932861328
135.38099670410156
135.27000427246094
135.27999877929688
135.25999450683594
135.22999572753906
135.1649932861328
135.22000122070312
135.25
135.27000427246094
135.22850036621094
135.13999938964844
135.22999572753906
135.16920471191406
135.14500427246094
135.0500030517578
135.07440185546875
135.0500030517578
135.0500030517578
135.00999450683594
134.97000122070312
134.91000366210938
134.89999389648438
134.97000122070312
134.89999389648438
134.80259704589844
134.77999877929688
134.7899932861328
134.82000732421875
134.66000366210938
134.69619750976562
134.67999267578125
134.6699981689453
134.72999572753906
134.77999877929688
134.75999450683594
134.75999450683594
134.7100067138672
134.5924072265625
134.5800018310547
134.4199981689453
134.44119262695312
134.55760192871094
134.5399932861328
134.4499969482422
134.47000122070312
134.4199981689453
134.42999267578125
134.4499969482422
134.39999389648438
134.43080139160156
134.4510040283203
134.4199981689453
134.35000610351562
134.3300018310547
134.3300018310547
134.21499633789062
134.1999969482422
134.2899932861328
134.27000427246094
134.35499572753906
134.3699951171875
134.36000061035156
134.4199981689453
134.4600067138672
134.52999877929688
134.61000061035156
134.60000610351562
134.66000366210938
134.7100067138672
134.67999267578125
134.69000244140625
134.64999389648438
134.63999938964844
134.6300048828125
134.5800018310547
134.50999450683594
134.43499755859375
134.36000061035156
134.4311065673828
134.48500061035156
134.44979858398438
134.42999267578125
134.41000366210938
134.4001007080078
134.3699951171875
134.33999633789062
134.38999938964844
134.36639404296875
134.2899932861328
134.33999633789062
134.3336944580078
134.3800048828125
134.43499755859375
134.42320251464844
134.46499633789062
134.4687957763672
134.52000427246094
134.47000122070312
134.52999877929688
134.5299072265625
134.47000122070312
134.38999938964844
134.4199981689453
134.30990600585938
134.17999267578125
134.2550048828125
134.2906951904297
134.25
134.24000549316406
134.2982940673828
134.3699951171875
134.39999389648438
134.27349853515625
134.25999450683594
134.27000427246094
134.2899932861328
134.25399780273438
134.22000122070312
134.25
134.33999633789062
134.30569458007812
134.43499755859375
134.35000610351562
134.31849670410156
134.32400512695312
134.33999633789062
134.35719299316406
134.38999938964844
134.3300018310547
134.3300018310547
134.3249969482422
134.22999572753906
134.3300018310547
134.27999877929688
134.25
134.27000427246094
134.30999755859375
134.2274932861328
134.15919494628906
134.16000366210938
134.17999267578125
134.10000610351562
134.1999969482422
134.25
134.24000549316406
134.27999877929688
134.2100067138672
134.17999267578125
134.19000244140625
134.16000366210938
134.22999572753906
134.2100067138672
134.15130615234375
134.25
134.27999877929688
134.39500427246094
134.41000366210938
134.3800048828125
134.3699951171875
134.4199981689453
134.50999450683594
134.4600067138672
134.42999267578125
134.4149932861328
134.36000061035156
134.43190002441406
134.44000244140625
134.37559509277344
134.3800048828125
134.4499969482422
134.46710205078125
134.50999450683594
134.5
134.58999633789062
134.52999877929688
134.50999450683594
134.5
134.5449981689453
134.6300048828125
134.6199951171875
134.61000061035156
134.5500030517578
134.56500244140625
134.5399932861328
134.61000061035156
134.68890380859375
134.64759826660156
134.67999267578125
134.6699981689453
134.63999938964844
134.6269989013672
134.6649932861328
134.6999969482422
134.7449951171875
134.75999450683594
134.86000061035156
134.86000061035156
134.91259765625
134.82000732421875
134.8699951171875
134.80999755859375
134.82000732421875
134.83999633789062
134.85159301757812
134.86000061035156
134.8300018310547
134.87359619140625
134.9199981689453
134.97999572753906
134.9499969482422
134.9600067138672
134.95399475097656
134.97000122070312
134.97000122070312
134.88009643554688
134.91000366210938
134.97999572753906
135.10000610351562
135.22000122070312
135.25999450683594
135.3300018310547
135.17999267578125
135.24000549316406
135.2100067138672
135.1750030517578
135.16619873046875
135.05999755859375
135.06500244140625
134.9550018310547
135.05999755859375
135.0800018310547
135.00999450683594
135.1699981689453
135.2801971435547
135.25
135.3249969482422
135.36500549316406
135.2899932861328
135.49000549316406
135.4405059814453
135.47000122070312
135.5
135.47000122070312
135.4199981689453
135.3856964111328
135.4149932861328
135.3867950439453
135.4250946044922
135.3740997314453
135.37339782714844
135.25999450683594
135.27000427246094
135.25999450683594
135.24000549316406
135.27499389648438
135.25
135.22500610351562
135.2100067138672
135.22999572753906
135.19500732421875
135.16000366210938
135.13999938964844
135.106201171875
135.1300048828125
135.10609436035156
135.17999267578125
135.13999938964844
135.16000366210938
135.16000366210938
135.16200256347656
135.1699981689453
135.1575927734375
135.10499572753906
135.16000366210938
135.1999969482422
135.14500427246094
135.1300048828125
135.0800018310547
135.11000061035156
135.11199951171875
135.11000061035156
135.1300048828125
135.16000366210938
135.17999267578125
135.22999572753906
135.27999877929688
135.29409790039062
135.27000427246094
135.2899932861328
135.27000427246094
135.24000549316406
135.22999572753906
135.22999572753906
135.24000549316406
135.33999633789062
135.3074951171875
135.2913055419922
135.35000610351562
135.30999755859375
135.3000030517578
135.3300018310547
135.4199981689453
135.25
135.3000030517578
135.36000061035156
135.27999877929688
135.38160705566406
135.3300018310547
135.17999267578125
135.17999267578125
135.21009826660156
135.18370056152344
135.17999267578125
135.1999969482422
135.23500061035156
135.13999938964844
135.24000549316406
135.24000549316406
135.32000732421875
135.27999877929688
135.24630737304688
135.1833953857422
135.22999572753906
135.1699981689453
135.25990295410156
135.2899932861328
135.25
135.2698974609375
135.25
135.1699981689453
135.22999572753906
135.15499877929688
135.0399932861328
135.1199951171875
135.08009338378906
135.07000732421875
135.05709838867188
135.0500030517578
135.02999877929688
135.02999877929688
134.9600067138672
134.89500427246094
134.97500610351562
134.89999389648438
134.9499969482422
134.96499633789062
134.93499755859375
134.8350067138672
134.97999572753906
135.02000427246094
134.9499969482422
134.9949951171875
134.89999389648438
134.94000244140625
134.8800048828125
134.85960388183594
134.89500427246094
134.88999938964844
134.9499969482422
134.97999572753906
134.97999572753906
134.96499633789062
134.99000549316406
135.02999877929688
134.9152069091797
134.97500610351562
134.9550018310547
135.02999877929688
135.0050048828125
135.08999633789062
135.1300048828125
135.2122039794922
135.31500244140625
135.2449951171875
135.1999969482422
135.27000427246094
135.22999572753906
135.22000122070312
135.1790008544922
134.97500610351562
134.96620178222656
135.00999450683594
134.92999267578125
135.08999633789062
135.0399932861328
134.86000061035156
134.8000030517578
134.8000030517578
