142.97000122070312
142.97000122070312
142.8300018310547
143.0500030517578
142.77000427246094
142.36000061035156
142.625
142.52000427246094
142.75
143.02999877929688
143.1300048828125
143.64990234375
143.43899536132812
143.51499938964844
143.25999450683594
143.30999755859375
143.30999755859375
143.52000427246094
143.40989685058594
143.47000122070312
143.40499877929688
143.4499969482422
143.32000732421875
143.25
142.8800048828125
142.9199981689453
142.73500061035156
142.52000427246094
142.41990661621094
142.52000427246094
142.50999450683594
142.63999938964844
142.92999267578125
143.02999877929688
143.33999633789062
143.47999572753906
143.5850067138672
143.66400146484375
143.53500366210938
143.6737060546875
143.4949951171875
143.58999633789062
143.3800048828125
143.4199981689453
143.4199981689453
143.33999633789062
143.44500732421875
143.52999877929688
143.60000610351562
143.57090759277344
143.57000732421875
143.6699981689453
143.16000366210938
143.24000549316406
142.9499969482422
143.02000427246094
142.82000732421875
142.6300048828125
142.59959411621094
142.5699005126953
142.55499267578125
142.40499877929688
142.42999267578125
142.71170043945312
142.6199951171875
142.7017059326172
142.47999572753906
142.55999755859375
142.72999572753906
142.58999633789062
142.69000244140625
142.61000061035156
142.83999633789062
143.02999877929688
143.1300048828125
143.1011962890625
143.22999572753906
143.19000244140625
143.13999938964844
143.33999633789062
143.4199981689453
143.50999450683594
143.32000732421875
143.27999877929688
143.55999755859375
143.50559997558594
143.6199951171875
143.8000030517578
143.91009521484375
143.89999389648438
143.97500610351562
143.92999267578125
144.08999633789062
144.1199951171875
144.0081024169922
144.0438995361328
144.0500030517578
144.07000732421875
144.18499755859375
143.90899658203125
144.0500030517578
144.19000244140625
144.1699981689453
144.27000427246094
144.2899932861328
144.1199951171875
144.11000061035156
143.85000610351562
143.88999938964844
143.69000244140625
143.73959350585938
143.92999267578125
143.94949340820312
143.9499969482422
143.9600067138672
144.0749969482422
144.13999938964844
144.1199951171875
144.09500122070312
144.0399932861328
144.0399932861328
143.8350067138672
143.84530639648438
143.8820037841797
143.83999633789062
143.91000366210938
143.83999633789062
143.84500122070312
143.90040588378906
143.80499267578125
143.8300018310547
143.91000366210938
143.9600067138672
144.0800018310547
143.97999572753906
144.0800018310547
144.11000061035156
144.1300048828125
144.15939331054688
144.13999938964844
144.16000366210938
144.24000549316406
144.22000122070312
144.26499938964844
144.19000244140625
144.19000244140625
144.1300048828125
144.13499450683594
144.25
144.25
144.27000427246094
144.1750030517578
143.9550018310547
143.76499938964844
143.80999755859375
143.85000610351562
143.5500030517578
143.5749969482422
143.59500122070312
143.76800537109375
143.91000366210938
143.8800048828125
143.83900451660156
143.9550018310547
144.00999450683594
144.0
144.10499572753906
144.1300048828125
144.1396026611328
144.22999572753906
144.268798828125
144.2899932861328
144.3249969482422
144.32000732421875
144.28500366210938
144.22000122070312
144.27999877929688
144.17999267578125
144.1300048828125
144.127197265625
144.1038055419922
144.01800537109375
144.08050537109375
143.99000549316406
143.9199981689453
143.8300018310547
143.9149932861328
143.83200073242188
143.75
143.8300018310547
143.806396484375
143.88999938964844
143.9199981689453
144.02999877929688
144.0500030517578
144.02000427246094
143.97000122070312
143.98500061035156
143.81500244140625
143.6699981689453
143.6750030517578
143.60000610351562
143.64500427246094
143.80650329589844
143.94459533691406
144.02999877929688
144.0800018310547
144.05999755859375
143.94000244140625
144.00999450683594
144.0500030517578
144.02000427246094
144.0850067138672
144.02000427246094
144.0850067138672
144.10220336914062
144.1699981689453
144.19000244140625
144.25999450683594
144.14500427246094
144.2050018310547
144.1649932861328
144.22000122070312
144.19000244140625
144.2382049560547
144.3000030517578
144.30079650878906
144.2899932861328
144.3699951171875
144.3699951171875
144.30999755859375
144.35000610351562
144.39500427246094
144.27999877929688
144.3300018310547
144.4093017578125
144.42999267578125
144.42999267578125
144.4409942626953
144.46499633789062
144.4376983642578
144.36000061035156
144.35000610351562
144.30999755859375
144.3800048828125
144.40499877929688
144.30259704589844
144.13999938964844
144.27000427246094
144.1699981689453
144.24000549316406
144.25
144.23629760742188
144.25999450683594
144.15499877929688
144.08999633789062
144.13999938964844
144.14999389648438
144.17990112304688
144.14010620117188
144.1300048828125
144.30999755859375
144.35000610351562
144.15199279785156
144.0749969482422
144.0800018310547
144.02499389648438
143.9691925048828
144.0
143.99729919433594
144.10000610351562
144.2198944091797
144.25999450683594
144.24000549316406
144.2949981689453
144.3000030517578
144.2563018798828
144.23500061035156
144.25
144.23500061035156
144.25
144.27499389648438
144.16189575195312
144.1699981689453
144.1699981689453
144.2100067138672
144.30999755859375
144.22000122070312
144.1699981689453
144.09500122070312
144.0
144.0800018310547
144.02000427246094
144.0345001220703
144.0500030517578
144.02999877929688
144.00999450683594
143.93800354003906
143.98179626464844
143.92999267578125
143.72999572753906
143.7100067138672
143.6199951171875
143.58999633789062
143.63999938964844
143.6074981689453
143.69500732421875
143.64500427246094
143.69500732421875
143.65499877929688
143.58999633789062
143.53810119628906
143.57000732421875
143.6199951171875
143.52999877929688
143.52999877929688
143.3699951171875
143.44000244140625
143.42999267578125
143.4600067138672
143.5
143.41000366210938
143.2949981689453
143.2270965576172
143.28500366210938
143.25950622558594
143.1300048828125
143.10009765625
143.1199951171875
143.19200134277344
143.1999969482422
143.21029663085938
143.2899932861328
143.25169372558594
143.27499389648438
143.2899932861328
143.38999938964844
143.4541015625
143.53500366210938
143.6199951171875
143.5500030517578
143.57000732421875
143.60000610351562
143.64999389648438
143.6967010498047
143.74000549316406
143.77920532226562
143.8300018310547
143.78500366210938
143.61000061035156
143.52999877929688
143.5800018310547
143.47000122070312
143.50999450683594
143.49000549316406
143.4499969482422
143.47000122070312
143.36000061035156
143.38499450683594
143.3553924560547
143.36000061035156
143.36500549316406
143.42030334472656
143.4459991455078
143.47000122070312
143.4600067138672
143.47000122070312
143.36000061035156
143.33999633789062
143.4250030517578
143.4250030517578
143.4499969482422
143.38999938964844
143.33999633789062
143.35000610351562
143.41990661621094
143.41000366210938
143.43499755859375
143.4499969482422
143.44000244140625
143.4550018310547
143.44000244140625
143.4199981689453
143.4051971435547
143.41000366210938
143.49000549316406
143.50999450683594
143.47999572753906
143.4550018310547
143.49009704589844
143.5800018310547
143.5500030517578
143.55499267578125
143.57000732421875
143.55999755859375
143.56329345703125
143.57000732421875
143.5500030517578
143.57000732421875
143.47000122070312
143.375
143.3699951171875
143.41690063476562
143.4600067138672
143.5
143.52000427246094
143.47500610351562
143.4987030029297
143.49000549316406
143.5
143.52999877929688
143.4600067138672
143.39999389648438
143.3800048828125
143.43649291992188
143.41000366210938
143.456298828125
143.4600067138672
143.47560119628906
143.46499633789062
143.4499969482422
143.39999389648438
143.30999755859375
143.35499572753906
143.32000732421875
143.36509704589844
143.38999938964844
143.3603057861328
143.4199981689453
143.4499969482422
143.4199981689453
143.36000061035156
143.30999755859375
143.22000122070312
143.17999267578125
143.22000122070312
143.2899932861328
143.3249969482422
143.3699951171875
143.3249969482422
143.39999389648438
143.5010986328125
143.52999877929688
143.5467071533203
143.54010009765625
143.60000610351562
143.49000549316406
143.55999755859375
143.5500030517578
143.44000244140625
143.5050048828125
143.4886932373047
143.47000122070312
143.50999450683594
143.5500030517578
143.6300048828125
143.5800018310547
143.6750030517578
143.61709594726562
143.4499969482422
143.47000122070312
143.41140747070312
143.39959716796875
143.52000427246094
143.51499938964844
143.52000427246094
143.4149932861328
143.40029907226562
143.4752960205078
143.4499969482422
143.47500610351562
143.38999938964844
143.27000427246094
143.27000427246094
143.3000030517578
143.3300018310547
143.22000122070312
143.2532958984375
143.30999755859375
143.3300018310547
143.26950073242188
143.25999450683594
143.30999755859375
143.30999755859375
143.3000030517578
143.27000427246094
143.32000732421875
143.3614044189453
143.38999938964844
143.33999633789062
143.39999389648438
143.42999267578125
143.42999267578125
143.47999572753906
143.4499969482422
143.4550018310547
143.42999267578125
143.3760986328125
143.3699951171875
143.47000122070312
143.46499633789062
143.48500061035156
143.4499969482422
143.48500061035156
143.43499755859375
143.4199981689453
143.439697265625
143.47000122070312
143.5500030517578
143.5399932861328
143.64999389648438
143.55999755859375
143.67999267578125
143.5980987548828
143.61000061035156
143.63819885253906
143.65499877929688
143.57000732421875
143.64999389648438
143.5500030517578
143.53500366210938
143.47000122070312
143.51010131835938
143.5850067138672
143.53500366210938
143.52999877929688
143.49000549316406
143.50999450683594
143.48599243164062
143.50999450683594
143.49200439453125
143.375
143.41110229492188
143.39259338378906
143.44000244140625
143.4199981689453
143.4199981689453
143.52999877929688
143.57000732421875
143.7100067138672
143.72000122070312
143.7100067138672
143.7899932861328
143.8498992919922
143.83999633789062
143.9499969482422
144.01730346679688
143.86000061035156
143.88009643554688
143.92999267578125
143.97000122070312
143.96499633789062
143.9199981689453
143.9152069091797
143.93499755859375
143.9499969482422
143.9499969482422
144.0
143.99000549316406
143.9600067138672
143.97999572753906
143.9257049560547
143.91510009765625
144.02499389648438
144.0399932861328
144.0399932861328
144.02000427246094
144.1199951171875
144.13999938964844
144.1199951171875
144.1199951171875
144.06399536132812
144.07000732421875
144.10000610351562
144.11500549316406
144.1750030517578
144.1699981689453
144.07000732421875
144.1699981689453
144.13999938964844
144.16329956054688
144.2100067138672
144.21499633789062
144.3000030517578
144.3125
144.36000061035156
144.3000030517578
144.3300018310547
144.32000732421875
144.30999755859375
144.25
144.1999969482422
144.17999267578125
144.14999389648438
144.16000366210938
144.13999938964844
144.1199951171875
144.02000427246094
143.9199981689453
143.85000610351562
144.02000427246094
144.0050048828125
144.05999755859375
144.09249877929688
144.14500427246094
144.22959899902344
144.25999450683594
144.30999755859375
144.4199981689453
144.35000610351562
144.41000366210938
144.35000610351562
144.4600067138672
144.47500610351562
144.50999450683594
144.5749969482422
144.57000732421875
144.66000366210938
144.57000732421875
144.55999755859375
144.57000732421875
144.52000427246094
144.50999450683594
144.58999633789062
144.59500122070312
144.55999755859375
144.60000610351562
144.6199951171875
144.61000061035156
144.61000061035156
144.5800018310547
144.44850158691406
144.44850158691406