59.72999954223633
59.72999954223633
59.72999954223633
60.04999923706055
60.15999984741211
60.04999923706055
60.02000045776367
59.940101623535156
60.0099983215332
59.9900016784668
60.06999969482422
60.08169937133789
60.255001068115234
60.25
60.29999923706055
60.33000183105469
60.275001525878906
60.220001220703125
60.154998779296875
60.29999923706055
60.32500076293945
60.43000030517578
60.290000915527344
60.380001068115234
60.439998626708984
60.3650016784668
60.43000030517578
60.380001068115234
60.45000076293945
60.445899963378906
60.400001525878906
60.380001068115234
60.31999969482422
60.308998107910156
60.43000030517578
60.47999954223633
60.529998779296875
60.58000183105469
60.599998474121094
60.689998626708984
60.75
60.790000915527344
60.810001373291016
60.810001373291016
60.75
60.744998931884766
60.79999923706055
60.7400016784668
60.75
60.75189971923828
60.76459884643555
60.65999984741211
60.58000183105469
60.51499938964844
60.51499938964844
60.402801513671875
60.380001068115234
60.29999923706055
60.36000061035156
60.400001525878906
60.369998931884766
60.29999923706055
60.31999969482422
60.54499816894531
60.56999969482422
60.52000045776367
60.62689971923828
60.529998779296875
60.529998779296875
60.540000915527344
60.529998779296875
60.5099983215332
60.630001068115234
60.65999984741211
60.689998626708984
60.709999084472656
60.72999954223633
60.70500183105469
60.65999984741211
60.70000076293945
60.689998626708984
60.7400016784668
60.7400016784668
60.7400016784668
60.7599983215332
60.78499984741211
60.80500030517578
60.86000061035156
60.924198150634766
60.95000076293945
60.96419906616211
60.974998474121094
61.04999923706055
61.029998779296875
61.08620071411133
61.03499984741211
61.09000015258789
61.07500076293945
61.02000045776367
60.93000030517578
60.959999084472656
61.07500076293945
61.08000183105469
61.08000183105469
61.130001068115234
61.09000015258789
61.13199996948242
61.029998779296875
61.060001373291016
61.060001373291016
61.11000061035156
61.040000915527344
60.97999954223633
60.939998626708984
60.93000030517578
60.935001373291016
60.970001220703125
61.040000915527344
61.150001525878906
61.09000015258789
61.105899810791016
61.09000015258789
61.11000061035156
61.150001525878906
61.119998931884766
61.15999984741211
61.189998626708984
61.150001525878906
61.1349983215332
61.11000061035156
61.064998626708984
61.02000045776367
61.0
61.04970169067383
61.08000183105469
61.09000015258789
61.084999084472656
61.11000061035156
61.119998931884766
61.09000015258789
61.09000015258789
61.15999984741211
61.1349983215332
61.11000061035156
61.08000183105469
61.064998626708984
61.04999923706055
61.09000015258789
61.08000183105469
61.057498931884766
61.099998474121094
61.099998474121094
61.11000061035156
61.04999923706055
61.02000045776367
61.060001373291016
61.04499816894531
61.02399826049805
60.95000076293945
60.880001068115234
60.91999816894531
60.970001220703125
61.005699157714844
61.0099983215332
61.0
61.02000045776367
60.98500061035156
60.956600189208984
60.95000076293945
60.97999954223633
61.0182991027832
61.04999923706055
61.04999923706055
61.040000915527344
61.0099983215332
61.00809860229492
61.060001373291016
61.04999923706055
61.005001068115234
61.02859878540039
61.05649948120117
61.07500076293945
61.07749938964844
61.084999084472656
61.06999969482422
61.025001525878906
61.029998779296875
60.959999084472656
60.90999984741211
60.88999938964844
60.880001068115234
60.959999084472656
60.959999084472656
60.968299865722656
60.97010040283203
60.96500015258789
60.88999938964844
60.900001525878906
60.880001068115234
60.86000061035156
60.86000061035156
60.81999969482422
60.84000015258789
60.869998931884766
60.903900146484375
61.0
61.02000045776367
60.97999954223633
60.974998474121094
60.93000030517578
60.95840072631836
60.95500183105469
60.939998626708984
60.93000030517578
60.97600173950195
60.900001525878906
60.97999954223633
60.935001373291016
60.93000030517578
60.88999938964844
60.90999984741211
60.839599609375
60.869998931884766
60.86000061035156
60.88999938964844
60.91999816894531
60.970001220703125
60.939998626708984
60.91999816894531
60.875
60.849998474121094
60.84000015258789
60.834999084472656
60.775001525878906
60.73979949951172
60.7400016784668
60.75
60.744998931884766
60.7599983215332
60.810001373291016
60.78499984741211
60.810001373291016
60.83000183105469
60.814998626708984
60.849998474121094
60.849998474121094
60.81999969482422
60.81999969482422
60.849998474121094
60.8129997253418
60.869998931884766
60.869998931884766
60.86600112915039
60.900001525878906
60.900001525878906
60.8849983215332
60.90999984741211
60.900001525878906
60.900001525878906
60.8650016784668
60.880001068115234
60.869998931884766
60.88999938964844
60.93000030517578
60.959999084472656
60.97999954223633
60.95000076293945
60.935001373291016
60.91749954223633
60.90999984741211
60.900001525878906
60.86000061035156
60.875701904296875
60.869998931884766
60.849998474121094
60.880001068115234
60.8849983215332
60.845001220703125
60.84000015258789
60.845001220703125
60.845001220703125
60.84000015258789
60.83000183105469
60.83000183105469
60.779998779296875
60.76890182495117
60.79499816894531
60.75
60.775001525878906
60.779998779296875
60.720001220703125
60.75
60.7599983215332
60.810001373291016
60.79999923706055
60.84000015258789
60.869998931884766
60.81999969482422
60.880001068115234
60.83000183105469
60.779998779296875
60.7515983581543
60.77899932861328
60.7599983215332
60.790199279785156
60.810001373291016
60.86000061035156
60.8754997253418
60.869998931884766
60.849998474121094
60.880001068115234
60.88999938964844
60.93000030517578
60.915000915527344
60.9109992980957
60.904998779296875
60.900001525878906
60.93000030517578
60.939998626708984
60.900001525878906
60.880001068115234
60.81999969482422
60.79999923706055
60.80379867553711
60.82500076293945
60.849998474121094
60.83000183105469
60.84000015258789
60.86000061035156
60.849998474121094
60.849998474121094
60.86000061035156
60.86000061035156
60.83000183105469
60.880001068115234
60.869998931884766
60.880001068115234
60.84000015258789
60.89899826049805
60.880001068115234
60.880001068115234
60.8849983215332
60.90589904785156
60.91999816894531
60.8849983215332
60.8650016784668
60.867401123046875
60.875
60.86000061035156
60.810001373291016
60.849998474121094
60.84000015258789
60.810001373291016
60.810001373291016
60.810001373291016
60.810001373291016
60.83000183105469
60.77170181274414
60.790000915527344
60.790000915527344
60.779998779296875
60.790000915527344
60.810001373291016
60.849998474121094
60.869998931884766
60.88999938964844
60.869998931884766
60.869998931884766
60.869998931884766
60.89500045776367
60.900001525878906
60.90999984741211
60.959999084472656
60.90999984741211
60.904998779296875
60.90999984741211
60.907501220703125
60.91749954223633
60.900001525878906
60.88999938964844
60.879798889160156
60.869998931884766
60.869998931884766
60.875
60.86000061035156
60.8650016784668
60.86000061035156
60.85499954223633
60.900001525878906
60.92499923706055
60.935001373291016
60.939998626708984
60.91740036010742
60.92499923706055
60.92499923706055
60.95899963378906
60.95000076293945
60.926300048828125
60.952999114990234
60.93939971923828
60.996498107910156
60.9900016784668
60.974998474121094
60.970001220703125
60.994998931884766
61.040000915527344
61.02000045776367
61.005001068115234
61.0098991394043
61.0
61.029998779296875
61.04999923706055
61.029998779296875
61.02000045776367
61.040000915527344
61.0099983215332
61.029998779296875
61.040000915527344
61.04999923706055
61.05849838256836
61.06999969482422
61.095001220703125
61.07500076293945
61.08000183105469
61.11000061035156
61.095001220703125
61.09000015258789
61.11000061035156
61.119998931884766
61.150001525878906
61.13999938964844
61.119998931884766
61.1349983215332
61.119998931884766
61.119998931884766
61.1349983215332
61.15999984741211
61.16999816894531
61.189998626708984
61.19620132446289
61.224998474121094
61.26499938964844
61.209999084472656
61.209999084472656
61.20000076293945
61.19499969482422
61.185001373291016
61.20000076293945
61.21500015258789
61.185001373291016
61.20500183105469
61.209999084472656
61.23500061035156
61.25
61.209999084472656
61.2400016784668
61.220001220703125
61.209999084472656
61.189998626708984
61.17599868774414
61.18790054321289
61.185001373291016
61.19499969482422
61.209999084472656
61.23500061035156
61.25
61.2400016784668
61.25
61.310001373291016
61.31999969482422
61.380001068115234
61.3849983215332
61.41999816894531
61.404998779296875
61.439998626708984
61.41780090332031
61.43000030517578
61.41780090332031
61.44810104370117
61.44499969482422
61.456199645996094
61.488800048828125
61.470001220703125
61.4900016784668
61.51259994506836
61.52000045776367
61.525001525878906
61.51729965209961
61.5099983215332
61.47999954223633
61.47999954223633
61.4900016784668
61.505001068115234
61.5
61.4900016784668
61.505001068115234
61.495399475097656
61.474998474121094
61.47999954223633
61.494998931884766
61.5099983215332
61.52000045776367
61.5099983215332
61.56999969482422
61.529998779296875
61.494998931884766
61.45000076293945
61.470001220703125
61.470001220703125
61.5
61.61000061035156
61.630001068115234
61.61000061035156
61.58000183105469
61.625
61.59000015258789
61.61000061035156
61.59000015258789
61.61579895019531
61.619998931884766
61.625
61.650001525878906
61.65999984741211
61.68470001220703
61.689998626708984
61.685001373291016
61.689998626708984
61.66999816894531
61.67499923706055
61.68000030517578
61.689998626708984
61.68000030517578
61.700801849365234
61.724998474121094
61.68000030517578
61.68000030517578
61.66999816894531
61.630001068115234
61.65999984741211
61.689998626708984
61.665000915527344
61.69929885864258
61.73500061035156
61.724998474121094
61.72999954223633
61.744998931884766
61.77000045776367
61.75
61.75
61.7599983215332
61.7599983215332
61.790000915527344
61.779998779296875
61.80500030517578
61.810001373291016
61.84000015258789
61.76499938964844
61.790000915527344
61.8119010925293
61.82500076293945
61.790000915527344
61.81999969482422
61.83000183105469
61.851600646972656
61.869998931884766
61.87950134277344
61.849998474121094
61.8849983215332
61.86000061035156
61.858001708984375
61.869998931884766
61.875
61.875
61.87990188598633
61.869998931884766
61.8849983215332
61.8849983215332
61.880001068115234
61.90999984741211
61.8650016784668
61.90999984741211
61.935001373291016
61.915000915527344
61.900001525878906
61.89500045776367
61.875
61.810001373291016
61.9099006652832
61.8650016784668
61.8650016784668
61.85499954223633
61.834999084472656
61.80580139160156
61.8650016784668
61.939998626708984
61.904998779296875
61.900001525878906
61.8849983215332
61.810001373291016
61.779998779296875
61.810001373291016
61.81999969482422
61.85499954223633
61.869998931884766
61.84000015258789
61.869998931884766
61.84000015258789
61.849998474121094
61.89500045776367
61.845001220703125
61.8849983215332
61.880001068115234
61.904998779296875
61.915000915527344
61.91899871826172
61.89500045776367
61.86000061035156
61.90480041503906
61.880001068115234
61.89500045776367
61.93899917602539
61.95500183105469
61.939998626708984
61.9474983215332
61.95000076293945
61.91749954223633
61.91999816894531
61.92499923706055
61.92499923706055
61.8650016784668
61.8650016784668
61.79999923706055
61.79999923706055