2716.85009765625
2728.1572265625
2721.6904296875
2723.487548828125
2723.554931640625
2725.800048828125
2725.139892578125
2722.669921875
2727.2900390625
2726.97998046875
2726.97998046875
2726.97998046875
2726.97998046875
2726.97998046875
2726.97998046875
2728.6201171875
2726.8798828125
2727.0
2726.0
2723.010009765625
2724.8798828125
2724.419921875
2726.409912109375
2723.820068359375
2726.35009765625
2726.85009765625
2720.0
2721.949951171875
2717.070068359375
2717.0
2718.3701171875
2714.22998046875
2713.800048828125
2715.465087890625
2708.25
2706.9599609375
2710.699951171875
2712.1201171875
2714.7900390625
2708.830078125
2708.75
2708.800048828125
2710.614990234375
2705.25
2708.77001953125
2709.840087890625
2709.244140625
2711.100341796875
2710.39990234375
2710.530029296875
2709.909912109375
2707.639892578125
2704.909912109375
2704.909912109375
2706.239990234375
2707.72998046875
2703.179931640625
2703.47998046875
2706.43994140625
2702.969970703125
2706.96435546875
2706.169921875
2707.97998046875
2707.159912109375
2707.364013671875
2706.409912109375
2708.300048828125
2711.139892578125
2706.344970703125
2704.3349609375
2704.52490234375
2706.510009765625
2706.1650390625
2701.510009765625
2701.60009765625
2703.260009765625
2703.639892578125
2703.02001953125
2695.0
2693.215087890625
2691.699951171875
2689.860107421875
2691.5400390625
2689.800048828125
2691.800048828125
2693.280029296875
2697.344970703125
2694.530029296875
2695.510009765625
2695.0
2692.300048828125
2694.070068359375
2691.050048828125
2694.2900390625
2691.06005859375
2690.0
2689.860107421875
2689.860107421875
2692.89990234375
2692.89990234375
2690.360107421875
2693.090087890625
2690.010009765625
2690.010009765625
2693.205810546875
2693.205810546875
2693.205810546875
2693.205810546875
2693.205810546875
2693.205810546875
2691.99609375
2692.8701171875
2696.159912109375
2698.070068359375
2697.719970703125
2698.0
2696.3798828125
2698.06005859375
2696.10009765625
2696.10009765625
2697.89990234375
2696.294921875
2696.294921875
2696.800048828125
2696.830078125
2695.0
2696.39990234375
2698.2099609375
2702.298828125
2700.739990234375
2701.14990234375
2701.14990234375
2705.27001953125
2705.27001953125
2703.389892578125
2703.2099609375
2706.7900390625
2705.22998046875
2708.840087890625
2711.739990234375
2711.159912109375
2715.739990234375
2714.010009765625
2709.10009765625
2709.10009765625
2711.780029296875
2717.41748046875
2714.860107421875
2718.35009765625
2718.06005859375
2718.2099609375
2718.5
2720.69970703125
2716.6298828125
2716.6298828125
2717.85009765625
2717.85009765625
2717.9599609375
2717.6201171875
2718.43994140625
2718.43994140625
2716.27001953125
2713.639892578125
2711.780029296875
2708.85009765625
2708.85009765625
2708.5400390625
2707.030029296875
2705.260009765625
2707.97509765625
2707.97509765625
2707.97509765625
2713.030029296875
2714.550048828125
2710.010009765625
2713.85009765625
2713.4755859375
2713.860107421875
2708.780029296875
2710.949951171875
2710.949951171875
2708.840087890625
2713.68994140625
2713.31494140625
2713.85009765625
2715.080078125
2716.199951171875
2712.135009765625
2712.485107421875
2711.139892578125
2714.97998046875
2715.169921875
2714.60009765625
2714.56494140625
2716.47998046875
2716.47998046875
2716.47998046875
2716.47998046875
2716.47998046875
2716.47998046875
2716.47998046875
2715.9599609375
2715.9599609375
2715.52001953125
2716.81005859375
2719.0
2718.18505859375
2718.159912109375
2722.0
2722.77001953125
2721.08056640625
2721.08056640625
2725.27490234375
2723.594970703125
2721.739990234375
2722.389892578125
2722.389892578125
2722.47998046875
2723.736083984375
2724.39501953125
2722.739990234375
2722.739990234375
2723.510009765625
2722.0
2725.050048828125
2729.56005859375
2730.0
2729.955078125
2731.0
2731.0
2731.320068359375
2731.0
2730.969970703125
2731.159912109375
2732.329833984375
2729.85009765625
2730.3701171875
2729.445068359375
2727.324951171875
2725.010009765625
2726.7451171875
2728.22998046875
2728.489990234375
2729.31005859375
2727.833984375
2727.833984375
2727.2900390625
2722.6298828125
2720.43017578125
2725.0
2723.39990234375
2722.4599609375
2724.425048828125
2727.010009765625
2727.010009765625
2729.205078125
2728.780029296875
2727.60009765625
2727.60009765625
2727.60009765625
2731.3798828125
2733.429931640625
2733.429931640625
2732.989990234375
2732.340087890625
2735.764892578125
2735.764892578125
2731.702880859375
2731.9599609375
2733.77001953125
2734.25
2734.25
2734.3701171875
2732.5849609375
2731.2099609375
2734.090087890625
2731.909912109375
2733.804931640625
2732.909912109375
2732.68505859375
2730.885009765625
2731.43994140625
2732.044921875
2729.449951171875
2728.489990234375
2727.449951171875
2726.169921875
2728.2099609375
2729.2548828125
2729.72998046875
2729.72998046875
2729.72998046875
2729.72998046875
2729.72998046875
2729.72998046875
2729.72998046875
2731.925048828125
2732.159912109375
2731.7900390625
2732.5
2732.5
2732.5
2732.4599609375
2733.010009765625
2731.760009765625
2731.72509765625
2732.47998046875
2732.47998046875
2732.376708984375
2732.780029296875
2733.669921875
2730.35498046875
2731.14990234375
2731.14990234375
2729.909912109375
2729.909912109375
2729.909912109375
2734.64990234375
2733.0
2733.489990234375
2734.030029296875
2734.030029296875
2732.614990234375
2732.489990234375
2732.489990234375
2734.800048828125
2735.85009765625
2735.5
2737.989990234375
2738.007080078125
2738.007080078125
2739.60009765625
2740.0
2740.449951171875
2740.259765625
2740.489990234375
2740.0048828125
2741.320068359375
2738.219970703125
2737.2744140625
2737.2744140625
2736.14990234375
2737.169921875
2737.010009765625
2737.0
2738.080078125
2738.080078125
2738.080078125
2734.3701171875
2733.77001953125
2732.610107421875
2732.8798828125
2732.8798828125
2735.72998046875
2735.72998046875
2738.320068359375
2732.645263671875
2734.5400390625
2736.715087890625
2736.9951171875
2736.9951171875
2735.0
2735.0
2735.0
2732.6201171875
2732.6201171875
2732.6201171875
2732.6201171875
2733.3701171875
2732.6201171875
2733.68603515625
2733.68603515625
2734.0576171875
2734.0576171875
2736.93505859375
2736.93505859375
2736.93505859375
2736.93505859375
2736.93505859375
2736.93505859375
2735.449951171875
2735.449951171875
2736.25
2736.072509765625
2736.072509765625
2736.072509765625
2736.072509765625
2738.29150390625
2738.29150390625
2738.219970703125
2738.655029296875
2738.455078125
2738.1298828125
2737.7900390625
2737.06005859375
2737.340087890625
2737.699951171875
2738.218505859375
2739.539306640625
2739.75
2740.300048828125
2743.0
2742.60009765625
2743.02001953125
2741.60009765625
2742.760009765625
2741.4150390625
2741.110107421875
2741.606689453125
2741.485107421875
2742.800048828125
2740.2099609375
2741.7900390625
2739.580078125
2738.554931640625
2738.554931640625
2739.260009765625
2739.260009765625
2737.804931640625
2736.699951171875
2735.4208984375
2735.4208984375
2736.7509765625
2736.7509765625
2736.7509765625
2735.47998046875
2735.47998046875
2735.47998046875
2734.02001953125
2734.090087890625
2735.389892578125
2737.260009765625
2737.06005859375
2737.7900390625
2736.989990234375
2740.0
2741.489990234375
2737.5
2736.489990234375
2736.8798828125
2736.8798828125
2734.35498046875
2734.35498046875
2735.18994140625
2734.14990234375
2734.14990234375
2733.9599609375
2736.135986328125
2734.93994140625
2734.864990234375
2736.550048828125
2735.679931640625
2736.60009765625
2732.635009765625
2733.570068359375
2733.570068359375
2733.570068359375
2733.570068359375
2733.570068359375
2733.570068359375
2729.679931640625
2731.429931640625
2735.39501953125
2732.780029296875
2734.080078125
2734.080078125
2731.3798828125
2733.739990234375
2731.699951171875
2732.2900390625
2732.2900390625
2727.360107421875
2727.360107421875
2727.780029296875
2727.75
2727.75
2726.85498046875
2727.469970703125
2726.43115234375
2725.530029296875
2725.530029296875
2727.0
2728.02001953125
2728.02001953125
2728.02001953125
2728.014892578125
2728.840087890625
2728.64990234375
2727.449951171875
2728.360107421875
2726.68994140625
2727.570068359375
2728.469970703125
2728.469970703125
2730.159912109375
2731.8798828125
2728.823974609375
2729.300048828125
2729.300048828125
2730.829833984375
2731.64990234375
2731.26708984375
2731.26708984375
2730.6201171875
2729.469970703125
2732.739990234375
2734.139892578125
2731.5400390625
2732.080078125
2731.389892578125
2730.409912109375
2731.554931640625
2731.554931640625
2731.409912109375
2731.409912109375
2731.0
2728.580078125
2729.659912109375
2728.35009765625
2727.39990234375
2725.9423828125
2727.409912109375
2728.02001953125
2727.72998046875
2726.054931640625
2724.52001953125
2725.659912109375
2726.93994140625
2726.840087890625
2727.179931640625
2726.0400390625
2727.550048828125
2726.610107421875
2728.22998046875
2728.22998046875
2726.0
2730.85009765625
2731.56005859375
2732.81494140625
2736.35009765625
2733.30126953125
2735.699951171875
2732.030029296875
2733.0
2734.14990234375
2734.14990234375
2732.342529296875
2731.969970703125
2733.18994140625
2734.2099609375
2736.267578125
2736.39990234375
2735.280029296875
2735.231201171875
2737.10498046875
2736.2041015625
2735.699951171875
2735.889892578125
2735.7744140625
2735.35498046875
2734.258056640625
2734.550048828125
2736.0
2736.110107421875
2737.75
2735.93994140625
2736.297607421875
2737.18994140625
2737.340087890625
2737.340087890625
2738.93994140625
2739.199951171875
2740.110107421875
2739.0400390625
2739.68994140625
2739.594970703125
2737.594970703125
2739.1025390625
2740.75
2741.7099609375
2741.968505859375
2742.469970703125
2743.75
2744.35009765625
2747.219970703125
2747.639892578125
2747.0048828125
2748.0
2748.489990234375
2745.239990234375
2745.300048828125
2744.969970703125
2744.72998046875
2745.64990234375
2745.25244140625
2746.68994140625
2742.30419921875
2741.469970703125
2740.909912109375
2741.47509765625
2740.989990234375
2742.719970703125
2745.89990234375
2744.630126953125
2748.030029296875
2748.35009765625
2746.780029296875
2750.0048828125
2746.6201171875
2748.8701171875
2746.932373046875
2748.760009765625
2746.844970703125
2749.177490234375
2751.610107421875
2751.044921875
2751.889892578125
2750.050048828125
2749.260009765625
2749.4580078125
2748.9599609375
2748.9599609375
2749.010009765625
2753.4599609375
2753.139892578125
2750.739990234375
2752.860107421875
2753.2099609375
2752.590087890625
2752.344970703125
2752.719970703125
2752.8798828125
2752.8798828125