2731.219970703125
2728.699951171875
2730.43994140625
2730.3798828125
2731.2900390625
2729.820068359375
2728.050048828125
2728.050048828125
2728.050048828125
2728.050048828125
2728.050048828125
2728.050048828125
2730.090087890625
2731.60009765625
2733.239990234375
2730.60009765625
2729.047607421875
2727.360107421875
2726.93994140625
2729.4599609375
2728.330078125
2726.9150390625
2728.56982421875
2728.56982421875
2728.56982421875
2729.919921875
2730.02490234375
2721.64990234375
2723.989990234375
2720.47998046875
2721.02001953125
2723.6689453125
2717.92578125
2717.31005859375
2717.844970703125
2716.280029296875
2712.050048828125
2715.010009765625
2717.760009765625
2719.360107421875
2716.56005859375
2713.81005859375
2714.93994140625
2714.949951171875
2712.85009765625
2717.056884765625
2714.360107421875
2715.60009765625
2716.1298828125
2714.340087890625
2716.262451171875
2715.639892578125
2712.22998046875
2710.044921875
2711.360107421875
2710.64990234375
2709.219970703125
2709.219970703125
2707.554931640625
2707.489990234375
2707.489990234375
2707.489990234375
2707.489990234375
2707.489990234375
2707.489990234375
2708.110107421875
2709.3994140625
2710.695068359375
2710.668212890625
2709.989990234375
2710.969970703125
2709.967529296875
2712.969970703125
2711.2099609375
2710.070068359375
2709.7548828125
2708.5
2709.195068359375
2709.195068359375
2704.239990234375
2706.22998046875
2705.7900390625
2708.780029296875
2706.739990234375
2702.010009765625
2697.239990234375
2696.5107421875
2695.013427734375
2697.735107421875
2696.389892578125
2694.215576171875
2701.31494140625
2704.360107421875
2700.0
2700.0
2700.705078125
2700.8701171875
2700.489990234375
2698.409912109375
2700.0
2698.830078125
2694.068115234375
2694.068115234375
2696.997314453125
2694.090087890625
2694.1201171875
2693.8349609375
2692.0
2697.6650390625
2696.949951171875
2697.175048828125
2695.68408203125
2696.590087890625
2700.260009765625
2700.284912109375
2701.06494140625
2701.260009765625
2700.260009765625
2701.197509765625
2700.52978515625
2700.52978515625
2701.47998046875
2700.47998046875
2698.89990234375
2698.02001953125
2699.85009765625
2698.0
2700.60009765625
2701.090087890625
2704.2099609375
2703.3798828125
2705.929931640625
2706.39990234375
2707.0400390625
2704.669921875
2707.85009765625
2705.22998046875
2705.22998046875
2705.22998046875
2710.610107421875
2715.52001953125
2716.9599609375
2716.9609375
2718.4443359375
2716.139892578125
2715.06005859375
2716.0048828125
2718.35009765625
2720.83984375
2723.455078125
2721.284912109375
2721.284912109375
2720.1298828125
2724.159912109375
2721.330078125
2720.820068359375
2720.820068359375
2722.090087890625
2721.89990234375
2720.050048828125
2719.514892578125
2717.7900390625
2720.3701171875
2717.375
2716.6298828125
2716.6298828125
2712.531982421875
2713.9599609375
2711.3798828125
2711.3798828125
2711.929931640625
2711.22998046875
2716.02001953125
2717.02001953125
2717.02001953125
2717.02001953125
2719.199951171875
2717.47998046875
2720.0
2713.64990234375
2715.590087890625
2715.639892578125
2713.372314453125
2715.405029296875
2718.47998046875
2719.43994140625
2721.93798828125
2719.465087890625
2716.070068359375
2717.625
2718.570068359375
2719.10009765625
2719.85009765625
2720.010009765625
2720.77001953125
2720.77001953125
2720.68994140625
2720.47998046875
2721.919921875
2721.60009765625
2720.3798828125
2723.5
2723.5
2723.215087890625
2724.989990234375
2725.1298828125
2724.359619140625
2725.517333984375
2728.5
2728.239990234375
2726.090087890625
2726.64990234375
2728.0
2725.639892578125
2727.199951171875
2727.35009765625
2727.7294921875
2727.610107421875
2725.800048828125
2725.800048828125
2729.685546875
2733.791259765625
2733.090087890625
2733.090087890625
2735.264892578125
2734.804931640625
2729.195068359375
2731.705078125
2731.705078125
2732.820068359375
2733.179931640625
2732.6298828125
2733.534912109375
2732.27001953125
2729.47998046875
2731.320068359375
2731.02001953125
2731.25
2731.39990234375
2730.409912109375
2730.829833984375
2729.85009765625
2729.85009765625
2727.47998046875
2724.110107421875
2728.39990234375
2727.695068359375
2724.5
2726.559814453125
2726.559814453125
2726.559814453125
2729.965087890625
2731.969970703125
2729.469970703125
2729.469970703125
2729.469970703125
2729.469970703125
2729.469970703125
2729.469970703125
2730.612060546875
2729.840087890625
2732.885009765625
2734.014892578125
2734.364990234375
2735.31005859375
2736.465087890625
2735.3701171875
2735.5
2734.27001953125
2734.37744140625
2736.06494140625
2736.297119140625
2736.080078125
2736.080078125
2734.320068359375
2734.679931640625
2733.8701171875
2734.22998046875
2734.27001953125
2735.344970703125
2734.52490234375
2734.429931640625
2732.7548828125
2733.110107421875
2732.179931640625
2729.580078125
2730.929931640625
2727.593017578125
2729.52001953125
2729.77001953125
2729.77001953125
2732.0
2733.85009765625
2733.85009765625
2733.760009765625
2733.0
2731.054931640625
2733.919921875
2732.06005859375
2732.294921875
2732.594970703125
2732.324951171875
2733.5
2733.5
2732.51611328125
2734.97998046875
2734.97998046875
2732.39990234375
2731.469970703125
2733.679931640625
2731.768310546875
2730.89990234375
2733.5400390625
2733.5400390625
2734.06005859375
2733.860107421875
2735.77001953125
2733.6201171875
2731.7900390625
2732.75
2733.5400390625
2733.5400390625
2733.5400390625
2738.0
2738.0
2738.0
2738.0
2738.0
2738.0
2738.0
2739.409912109375
2739.409912109375
2740.010009765625
2740.27001953125
2740.77001953125
2740.77001953125
2740.77001953125
2741.06005859375
2740.090087890625
2738.64990234375
2737.5
2737.7900390625
2737.7900390625
2736.050048828125
2736.050048828125
2736.050048828125
2736.050048828125
2738.06005859375
2737.97998046875
2737.0400390625
2734.97998046875
2735.6201171875
2737.419921875
2737.419921875
2736.514892578125
2737.419921875
2739.580078125
2734.68994140625
2735.4228515625
2736.27001953125
2736.27001953125
2736.510986328125
2736.679931640625
2734.760009765625
2735.67431640625
2736.02001953125
2734.820068359375
2734.820068359375
2735.094970703125
2734.10009765625
2734.300048828125
2734.300048828125
2734.219970703125
2735.27001953125
2735.27001953125
2735.27001953125
2735.27001953125
2736.64990234375
2736.64990234375
2735.864990234375
2735.864990234375
2735.864990234375
2739.044921875
2737.510009765625
2738.603759765625
2738.5
2738.159912109375
2738.719970703125
2738.205078125
2736.840087890625
2736.310546875
2736.219970703125
2737.85009765625
2737.85009765625
2739.1298828125
2739.360107421875
2740.284912109375
2740.284912109375
2743.0
2743.64990234375
2743.47998046875
2742.18994140625
2742.18994140625
2742.18994140625
2742.43505859375
2741.159912109375
2741.159912109375
2740.8798828125
2740.8798828125
2742.219970703125
2739.534912109375
2739.534912109375
2738.0400390625
2738.554931640625
2738.5
2737.0
2738.590087890625
2738.590087890625
2739.489990234375
2738.169921875
2738.169921875
2738.169921875
2734.169921875
2735.330078125
2734.639892578125
2734.06494140625
2735.050048828125
2737.659912109375
2738.22998046875
2737.2099609375
2737.2099609375
2737.2099609375
2740.780029296875
2740.199951171875
2737.10009765625
2737.10009765625
2736.010009765625
2736.300048828125
2737.360107421875
2735.699951171875
2733.965087890625
2735.47998046875
2736.06494140625
2736.06494140625
2736.06494140625
2736.679931640625
2735.760009765625
2737.739990234375
2736.0
2734.60009765625
2733.235107421875
2731.804931640625
2733.074951171875
2734.2900390625
2734.2900390625
2735.93994140625
2732.06005859375
2734.090087890625
2732.364013671875
2733.635009765625
2732.6650390625
2728.4599609375
2728.10009765625
2728.6298828125
2727.8076171875
2730.675048828125
2728.7900390625
2728.7900390625
2728.9599609375
2728.85009765625
2727.610107421875
2727.610107421875
2727.655029296875
2729.0400390625
2729.0400390625
2727.912109375
2728.85498046875
2728.85009765625
2729.080078125
2728.340087890625
2727.89990234375
2726.669921875
2727.64990234375
2729.0400390625
2729.64990234375
2731.030029296875
2732.81005859375
2729.764892578125
2729.8701171875
2730.919921875
2730.919921875
2733.8798828125
2732.419921875
2733.3701171875
2731.0
2731.425048828125
2734.659912109375
2734.110107421875
2733.6201171875
2733.205078125
2734.02001953125
2732.89501953125
2736.699951171875
2734.139892578125
2734.22998046875
2733.639892578125
2732.824951171875
2729.85009765625
2730.2099609375
2730.52001953125
2728.89990234375
2728.35009765625
2729.489990234375
2729.76171875
2729.02001953125
2727.9951171875
2727.030029296875
2728.239990234375
2730.489990234375
2730.010009765625
2729.360107421875
2729.0400390625
2730.050048828125
2728.820068359375
2729.969970703125
2730.646484375
2729.610107421875
2733.570068359375
2733.35009765625
2736.919921875
2739.969970703125
2735.68994140625
2737.0
2735.22998046875
2734.06494140625
2735.2548828125
2737.7099609375
2735.72998046875
2735.2099609375
2734.489990234375
2736.0400390625
2738.2099609375
2737.570068359375
2737.530029296875
2737.1201171875
2737.1201171875
2737.1201171875
2737.1201171875
2737.1201171875
2737.1201171875
2738.93994140625
2738.543212890625
2737.169921875
2735.949951171875
2736.389892578125
2735.919921875
2735.389892578125
2735.719970703125
2736.97509765625
2737.3818359375
2737.050048828125
2736.22998046875
2737.070068359375
2735.8798828125
2737.10009765625
2737.510009765625
2737.264892578125
2739.320068359375
2739.360107421875
2739.10009765625
2741.0458984375
2739.030029296875
2738.39990234375
2740.5400390625
2739.675048828125
2740.530029296875
2741.72998046875
2741.830078125
2743.77001953125
2743.77001953125
2746.13623046875
2746.820068359375
2746.719970703125
2747.47998046875
2746.919921875
2746.409912109375
2746.64501953125
2745.330078125
2745.68994140625
2745.7900390625
2746.340087890625
2746.7900390625
2744.570068359375
2742.260009765625
2742.18994140625
2743.590087890625
2742.719970703125
2743.25
2745.0
2746.375
2748.125
2748.264892578125
2747.300048828125
2751.5
2748.010009765625
2748.669921875
2748.698974609375
2748.510009765625
2748.489013671875
2750.0
2750.5
2751.9951171875
2752.9599609375
2751.52490234375
2751.1298828125
2751.510009765625
2751.070068359375
2751.419921875
2751.419921875
2751.419921875
2751.419921875
2751.419921875
2751.419921875
2755.31005859375
2757.010009765625
2755.6298828125
2757.625
2756.280029296875
2755.47998046875
2755.219970703125
2756.02001953125
2757.570068359375
2757.570068359375