354.67999267578125
354.67999267578125
356.79998779296875
356.2550048828125
356.43499755859375
355.57000732421875
354.9549865722656
355.19000244140625
354.9100036621094
355.3399963378906
355.697509765625
356.6700134277344
356.7998962402344
356.52801513671875
356.7699890136719
357.5150146484375
357.510009765625
357.6449890136719
357.4100036621094
357.5299987792969
357.8900146484375
358.0799865722656
357.4200134277344
357.1333923339844
356.6400146484375
356.7099914550781
357.1600036621094
356.79998779296875
356.54998779296875
356.4599914550781
356.19000244140625
356.19000244140625
356.8999938964844
357.42999267578125
358.489990234375
358.5
358.840087890625
358.5799865722656
359.0400085449219
359.739990234375
359.5
359.8900146484375
359.6499938964844
359.4700012207031
359.79998779296875
360.19000244140625
360.2900085449219
360.56500244140625
359.8999938964844
360.0799865722656
360.2226867675781
360.114990234375
358.8399963378906
358.8900146484375
358.9700012207031
358.5050048828125
358.2099914550781
358.2300109863281
357.5799865722656
357.5199890136719
356.4750061035156
356.92999267578125
356.9800109863281
356.8299865722656
357.07000732421875
356.7550048828125
356.989990234375
356.2200012207031
357.3797912597656
357.6199951171875
357.2149963378906
357.10198974609375
358.135009765625
358.6600036621094
358.36590576171875
359.0
358.8161926269531
358.3399963378906
358.0299987792969
358.2049865722656
358.1400146484375
358.510009765625
358.3500061035156
358.32000732421875
358.68499755859375
358.7349853515625
359.2799987792969
359.6300048828125
359.8599853515625
359.5199890136719
359.70001220703125
359.5299987792969
359.2699890136719
359.2699890136719
358.8900146484375
358.635009765625
358.8004150390625
358.94500732421875
359.1294860839844
358.43499755859375
359.0
359.1099853515625
359.5928039550781
359.4117126464844
359.6099853515625
359.4849853515625
359.42999267578125
359.0400085449219
359.17999267578125
359.2699890136719
359.5174865722656
359.6400146484375
359.489990234375
359.3399963378906
359.0450134277344
359.1300048828125
359.24249267578125
359.20001220703125
359.1199951171875
359.0799865722656
358.9176940917969
358.875
358.91680908203125
358.8599853515625
358.8599853515625
358.95001220703125
358.7900085449219
358.739990234375
358.67999267578125
358.3800048828125
358.2799987792969
358.2799987792969
357.63690185546875
357.94500732421875
358.010009765625
358.1499938964844
358.17999267578125
357.9580993652344
358.135009765625
357.92999267578125
357.8900146484375
358.3500061035156
358.7799987792969
358.7200012207031
358.9599914550781
358.8800048828125
358.82000732421875
359.17999267578125
359.3299865722656
359.6099853515625
359.82000732421875
359.9200134277344
359.6499938964844
359.67498779296875
359.42999267578125
359.3450012207031
359.0050048828125
359.0299987792969
358.70001220703125
358.5350036621094
358.9800109863281
359.4200134277344
359.43499755859375
359.3800048828125
359.4599914550781
359.6600036621094
359.7099914550781
359.6351013183594
359.8900146484375
359.9949951171875
360.2550048828125
360.44500732421875
360.489990234375
360.3699951171875
360.0299987792969
359.67999267578125
359.9800109863281
360.2369079589844
359.9949951171875
360.04998779296875
360.010009765625
360.0
360.05999755859375
359.9159851074219
359.8500061035156
359.3900146484375
359.489990234375
359.489990234375
359.2300109863281
359.2850036621094
359.3599853515625
359.1099853515625
359.3900146484375
359.6199951171875
359.6199951171875
359.5400085449219
359.5199890136719
359.57000732421875
359.42999267578125
358.9599914550781
358.94500732421875
358.42999267578125
358.4700012207031
358.6099853515625
359.5199890136719
359.6499938964844
360.07000732421875
360.0249938964844
360.1947937011719
360.0400085449219
360.033203125
359.94500732421875
360.03350830078125
360.10540771484375
360.32000732421875
360.2250061035156
360.2149963378906
360.1650085449219
360.2349853515625
360.2049865722656
360.239990234375
359.9100036621094
359.92498779296875
359.8240051269531
360.135009765625
360.239990234375
360.1650085449219
360.2300109863281
360.3399963378906
360.375
360.2200012207031
360.2250061035156
360.489990234375
360.17498779296875
360.25
360.2799987792969
360.260009765625
360.27099609375
360.0150146484375
360.2349853515625
360.3399963378906
360.41778564453125
360.418212890625
360.4599914550781
360.510009765625
360.5199890136719
360.510009765625
360.5899963378906
360.6400146484375
360.69000244140625
360.70001220703125
360.67498779296875
360.635009765625
360.7900085449219
360.5880126953125
360.44000244140625
360.57501220703125
360.55999755859375
360.57000732421875
360.57000732421875
360.5799865722656
360.5199890136719
360.69000244140625
360.55999755859375
360.3800048828125
360.1099853515625
359.8399963378906
359.9800109863281
359.760009765625
359.6672058105469
359.5400085449219
359.6099853515625
359.7099914550781
359.6000061035156
359.9100036621094
359.9849853515625
359.9458923339844
360.2300109863281
360.29998779296875
360.2799987792969
360.3599853515625
360.3800048828125
360.3999938964844
360.3651123046875
360.17999267578125
360.1099853515625
360.3450927734375
360.40740966796875
360.1700134277344
360.4150085449219
360.2200012207031
360.2799987792969
360.25
360.2950134277344
360.22821044921875
360.239990234375
360.239990234375
360.1199951171875
360.2300109863281
360.3500061035156
359.9599914550781
360.0924987792969
359.739990234375
359.9562072753906
360.1700134277344
360.05999755859375
360.1199951171875
360.3699951171875
360.4800109863281
360.55999755859375
360.6400146484375
360.7200012207031
361.097412109375
361.2449951171875
361.1700134277344
361.1400146484375
361.13189697265625
361.1400146484375
361.2300109863281
360.79998779296875
361.05499267578125
360.7069091796875
360.5450134277344
360.6400146484375
360.760009765625
360.739990234375
360.82000732421875
360.7900085449219
360.8900146484375
360.8699951171875
360.7349853515625
360.760009765625
360.7650146484375
360.70001220703125
360.8599853515625
360.94000244140625
360.95001220703125
361.1698913574219
361.1700134277344
361.4049987792969
361.489990234375
361.510009765625
361.2723083496094
361.2799987792969
361.5199890136719
361.5
361.4599914550781
361.55999755859375
361.4800109863281
361.1400146484375
361.2012939453125
361.29998779296875
361.1300048828125
361.1499938964844
361.1700134277344
361.25
361.2099914550781
361.1099853515625
360.94000244140625
361.0899963378906
361.2149963378906
361.0799865722656
361.1199951171875
361.2099914550781
361.0799865722656
360.92999267578125
360.6700134277344
360.6199951171875
360.5199890136719
360.6151123046875
360.6700134277344
360.6300048828125
360.57000732421875
360.277587890625
360.277587890625
359.95001220703125
359.8500061035156
359.9700012207031
359.9599914550781
360.04998779296875
360.0799865722656
360.2200012207031
360.2200012207031
360.32000732421875
360.4800109863281
360.3500061035156
360.2200012207031
360.364990234375
360.4750061035156
360.69000244140625
360.8599853515625
360.8800048828125
360.67999267578125
360.55499267578125
360.3900146484375
360.4700012207031
360.489990234375
360.29998779296875
360.260009765625
360.2900085449219
360.2749938964844
360.30999755859375
360.4100036621094
360.3699951171875
360.45001220703125
360.7049865722656
360.6499938964844
360.94000244140625
360.80999755859375
360.6755065917969
360.69000244140625
360.8299865722656
360.89019775390625
360.8800048828125
360.8900146484375
360.875
360.9200134277344
360.9599914550781
360.9100036621094
360.8699951171875
360.760009765625
360.6499938964844
360.55999755859375
360.7099914550781
360.6000061035156
360.5469970703125
360.5799865722656
360.54998779296875
360.6199951171875
360.54998779296875
360.3599853515625
360.2850036621094
360.4200134277344
360.2799987792969
360.2950134277344
360.26080322265625
360.5950012207031
360.6300048828125
360.5400085449219
360.55999755859375
360.8699951171875
361.010009765625
361.0350036621094
361.0899963378906
360.9750061035156
361.0199890136719
361.010009765625
360.94000244140625
360.94000244140625
360.95001220703125
360.7149963378906
360.7401123046875
360.79998779296875
360.8500061035156
360.94000244140625
361.0003967285156
360.9200134277344
361.0
360.9200134277344
360.7699890136719
360.54339599609375
360.67999267578125
360.760009765625
360.9800109863281
360.8999938964844
360.95001220703125
360.94500732421875
360.8599853515625
360.9700012207031
360.8662109375
360.6824035644531
360.3399963378906
360.2099914550781
359.8999938964844
359.9700012207031
360.1099853515625
360.2200012207031
360.30999755859375
360.5400085449219
360.4599914550781
360.42999267578125
360.3500061035156
360.4649963378906
360.54998779296875
360.4800109863281
360.42999267578125
360.8999938964844
360.92498779296875
360.95001220703125
360.94500732421875
360.9800109863281
360.8949890136719
360.9750061035156
361.0799865722656
361.1700134277344
361.1000061035156
361.17999267578125
361.0519104003906
361.25
361.3500061035156
361.3999938964844
361.2200012207031
361.3599853515625
361.4599914550781
361.260009765625
361.29998779296875
361.2084045410156
361.30499267578125
361.4100036621094
361.3999938964844
361.3699951171875
361.3599853515625
361.42779541015625
361.3074951171875
361.33270263671875
361.1158142089844
361.05999755859375
360.9200134277344
361.1600036621094
361.30999755859375
361.2300109863281
360.9849853515625
360.9849853515625
361.29998779296875
361.30999755859375
361.1990051269531
361.30999755859375
361.3999938964844
361.5199890136719
361.67999267578125
361.6199951171875
361.54998779296875
361.5899963378906
361.80499267578125
361.7023010253906
361.67999267578125
361.8658142089844
361.95001220703125
362.0
362.2449951171875
362.239990234375
362.3299865722656
362.510009765625
362.5
362.385009765625
362.54998779296875
362.7900085449219
362.6700134277344
362.5165100097656
362.6199951171875
362.6199951171875
362.7300109863281
362.7099914550781
362.57000732421875
362.4700012207031
362.625
362.5199890136719
362.5899963378906
362.5799865722656
362.6499938964844
362.748291015625
362.69500732421875
362.55999755859375
362.80999755859375
363.1499938964844
363.1199951171875
363.114990234375
363.135009765625
363.19000244140625
363.1700134277344
363.260009765625
363.32501220703125
363.3699951171875
363.30999755859375
363.3500061035156
363.57550048828125
363.42999267578125
363.260009765625
363.5199890136719
363.4150085449219
363.67999267578125
363.9100036621094
364.0799865722656
364.20001220703125
364.2699890136719
364.2699890136719
364.1600036621094
363.9100036621094
363.94000244140625
364.1000061035156
364.0
363.7699890136719
363.659912109375
364.0299987792969
364.3118896484375
364.5210876464844
364.3900146484375
363.95001220703125
364.0299987792969
363.57000732421875
363.79998779296875
363.68499755859375
363.739990234375
363.7250061035156
363.9100036621094
363.8900146484375
363.94000244140625
363.8800048828125
364.1300048828125
363.989990234375
363.9849853515625
363.8800048828125
364.0799865722656
364.1199951171875
364.18499755859375
364.3937072753906
364.1499938964844
364.32000732421875
364.19500732421875
364.19000244140625
364.3500061035156
364.3500061035156
364.3349914550781
364.489990234375
364.3299865722656
364.3699951171875
364.3900146484375
364.2300109863281
364.29998779296875
364.32000732421875
364.2699890136719
364.0
364.0