366.9800109863281
366.9800109863281
369.7300109863281
368.7149963378906
369.2449951171875
368.8800048828125
369.43499755859375
369.5799865722656
369.8450012207031
370.2959899902344
369.9100036621094
370.0
368.95001220703125
369.40399169921875
369.05499267578125
368.625
369.1199951171875
369.5299987792969
369.1842041015625
368.9921875
368.5400085449219
368.0899963378906
367.1651916503906
367.3599853515625
366.7200012207031
367.57000732421875
367.614990234375
367.36749267578125
366.7349853515625
365.760009765625
366.2900085449219
366.4501037597656
366.489990234375
366.1300048828125
366.5289001464844
367.0199890136719
366.989990234375
366.7099914550781
366.5899963378906
366.6400146484375
366.4599914550781
365.9800109863281
366.1000061035156
366.19000244140625
366.07000732421875
366.260009765625
366.477294921875
366.6199951171875
365.77288818359375
365.489990234375
365.69000244140625
365.67999267578125
365.4700012207031
365.79998779296875
365.19500732421875
365.3999938964844
365.55609130859375
365.0199890136719
364.6400146484375
364.010009765625
363.6600036621094
363.5199890136719
363.62359619140625
363.8500061035156
363.8500061035156
363.6499938964844
363.81500244140625
363.57000732421875
364.0
363.69500732421875
363.67999267578125
363.7340087890625
363.8500061035156
363.9700012207031
364.17999267578125
364.4100036621094
364.6199951171875
364.17999267578125
363.7099914550781
364.2799987792969
363.8599853515625
363.8599853515625
363.30499267578125
363.1015930175781
363.4800109863281
363.79998779296875
364.0321960449219
364.3699951171875
364.5199890136719
364.6340026855469
364.6387023925781
364.8999938964844
365.0899963378906
365.04998779296875
364.5849914550781
364.17999267578125
364.2200012207031
364.04998779296875
363.94000244140625
363.79998779296875
363.6400146484375
363.5299987792969
364.04998779296875
363.9476013183594
363.9100036621094
364.16400146484375
364.2225036621094
363.8599853515625
364.0299987792969
363.94000244140625
363.94500732421875
363.9599914550781
363.760009765625
364.1300048828125
364.1075134277344
364.3500061035156
363.7799987792969
363.84710693359375
363.6400146484375
363.5199890136719
363.0799865722656
362.74920654296875
362.65899658203125
363.1582946777344
363.1099853515625
363.25
362.80999755859375
362.75
362.7850036621094
362.6300048828125
362.8299865722656
362.9750061035156
363.05999755859375
363.19000244140625
363.30999755859375
363.4849853515625
363.364990234375
363.3800048828125
363.8399963378906
363.5799865722656
363.8949890136719
364.0299987792969
364.45001220703125
364.30999755859375
364.45001220703125
364.42041015625
364.20001220703125
364.30999755859375
364.53009033203125
364.7099914550781
365.239990234375
365.24798583984375
364.8399963378906
365.0599060058594
364.8399963378906
364.9599914550781
365.19000244140625
365.3450012207031
365.1700134277344
365.2799987792969
365.32501220703125
365.510009765625
365.4100036621094
365.4700012207031
365.5400085449219
365.57000732421875
365.6520080566406
365.3900146484375
365.4100036621094
365.4679870605469
365.25
365.42999267578125
365.33599853515625
365.3315124511719
365.4200134277344
365.8800048828125
365.92138671875
365.98388671875
365.875
365.8500061035156
365.32000732421875
365.5857849121094
365.8900146484375
365.7699890136719
365.7699890136719
365.931884765625
366.010009765625
365.760009765625
365.4800109863281
365.5238952636719
365.7049865722656
365.44000244140625
365.3800048828125
365.3800048828125
366.1199951171875
365.989990234375
366.19000244140625
366.1600036621094
365.6400146484375
365.4649963378906
365.2900085449219
365.20001220703125
364.9867858886719
365.2956848144531
365.5350036621094
365.8699951171875
366.06988525390625
365.8399963378906
365.6700134277344
365.5849914550781
365.6050109863281
365.6449890136719
365.6600036621094
365.5400085449219
365.6650085449219
365.5199890136719
365.65399169921875
365.8599853515625
366.07000732421875
365.9649963378906
366.0474853515625
366.07501220703125
366.05999755859375
366.07000732421875
366.1698913574219
365.9674987792969
365.7900085449219
365.6099853515625
365.79998779296875
365.8699951171875
365.8599853515625
365.8399963378906
365.8450012207031
366.010009765625
366.0328063964844
366.4100036621094
366.3999938964844
366.55999755859375
366.5
366.4200134277344
366.3699951171875
366.4895935058594
366.239990234375
366.48968505859375
366.52020263671875
367.0
366.8599853515625
366.7900085449219
367.1300048828125
367.0299987792969
367.3900146484375
367.3800048828125
367.3800048828125
367.3450012207031
367.2550048828125
367.0799865722656
367.1499938964844
367.4118957519531
367.69500732421875
367.6000061035156
367.57550048828125
367.6600036621094
367.7591857910156
367.6990051269531
367.2699890136719
367.1700134277344
367.1700134277344
366.8651123046875
366.8949890136719
367.0199890136719
366.75
366.75
367.25
367.1099853515625
367.1099853515625
367.04998779296875
367.04998779296875
367.07501220703125
367.07501220703125
367.1000061035156
366.9200134277344
366.9200134277344
366.7799987792969
366.6000061035156
366.42498779296875
366.5199890136719
366.42999267578125
366.3699951171875
366.20001220703125
366.2349853515625
365.8699951171875
366.11370849609375
366.2300109863281
366.2799987792969
366.6400146484375
366.5849914550781
366.4700012207031
366.29998779296875
366.4700012207031
366.5299987792969
366.0299987792969
365.9599914550781
366.0638122558594
366.1000061035156
366.17999267578125
366.1787109375
366.260009765625
366.239990234375
366.2699890136719
366.1499938964844
366.1499938964844
366.2900085449219
366.3299865722656
366.5950012207031
366.4800109863281
366.20001220703125
366.17999267578125
366.2900085449219
366.3900146484375
366.2799987792969
366.2976989746094
366.2699890136719
366.181884765625
366.0849914550781
366.0199890136719
365.8500061035156
365.8500061035156
366.0199890136719
365.9700012207031
365.92498779296875
366.05999755859375
366.1698913574219
366.0350036621094
365.8500061035156
365.8500061035156
365.92999267578125
366.05999755859375
366.1300048828125
366.4100036621094
366.50628662109375
366.32000732421875
366.44000244140625
366.58380126953125
366.82000732421875
366.6700134277344
366.572998046875
366.60101318359375
366.70001220703125
366.6000061035156
366.239990234375
366.1000061035156
366.04998779296875
365.8609924316406
365.9070129394531
366.1000061035156
366.1610107421875
366.3299865722656
366.1499938964844
366.05999755859375
366.1199951171875
366.0412902832031
365.8599853515625
366.010009765625
366.07000732421875
365.92999267578125
365.9599914550781
366.04998779296875
365.9320983886719
365.9700012207031
366.0400085449219
366.2349853515625
366.2300109863281
366.2250061035156
366.1400146484375
366.0899963378906
366.19000244140625
366.0871887207031
366.114990234375
366.0299987792969
366.0050048828125
366.0
366.05499267578125
366.05499267578125
366.05499267578125
365.989990234375
365.9200134277344
365.9700012207031
366.0
366.0799865722656
366.1199951171875
366.0899963378906
366.239990234375
366.1600036621094
366.2099914550781
366.1900939941406
366.260009765625
366.260009765625
366.260009765625
366.45001220703125
366.4049987792969
366.260986328125
366.1700134277344
366.4100036621094
366.39990234375
366.4100036621094
366.614990234375
366.5400085449219
366.5400085449219
366.6499938964844
366.70001220703125
366.7781066894531
366.67999267578125
366.6400146484375
366.69500732421875
366.69500732421875
366.70001220703125
366.6600036621094
366.8999938964844
366.8999938964844
367.1299133300781
366.83221435546875
366.8699951171875
366.82000732421875
366.8399963378906
366.78729248046875
366.92498779296875
366.9704895019531
366.976806640625
366.98919677734375
367.0299987792969
366.95001220703125
366.95001220703125
366.78790283203125
366.7860107421875
366.489990234375
366.51190185546875
366.6000061035156
366.8699951171875
366.7983093261719
366.80999755859375
367.0950012207031
367.1099853515625
366.9700012207031
366.8399963378906
366.8399963378906
366.7699890136719
366.7250061035156
366.7250061035156
366.6268005371094
366.6300048828125
366.7550048828125
366.7200012207031
366.6400146484375
366.79998779296875
366.739990234375
366.8299865722656
366.8800048828125
367.0150146484375
366.9800109863281
366.9599914550781
366.5199890136719
366.5350036621094
366.5350036621094
366.8844909667969
366.8927917480469
366.8984069824219
366.72601318359375
366.760009765625
366.739990234375
366.7803955078125
366.8236083984375
366.54998779296875
366.5
366.54998779296875
366.5899963378906
366.5199890136719
366.239990234375
366.1600036621094
366.42999267578125
366.42999267578125
366.239990234375
366.239990234375
366.32501220703125
366.30999755859375
366.30999755859375
366.32000732421875
366.5350036621094
366.6700134277344
366.6099853515625
366.3999938964844
366.44500732421875
366.5299987792969
366.5199890136719
366.510009765625
366.510009765625
366.7149963378906
366.67999267578125
366.55999755859375
366.5993957519531
366.69000244140625
366.7749938964844
366.7699890136719
366.7099914550781
366.7300109863281
366.4649963378906
366.5000915527344
366.6099853515625
366.6099853515625
366.6700134277344
366.5899963378906
366.5950012207031
366.69000244140625
366.9200134277344
366.7099914550781
366.7449951171875
366.7799987792969
366.8290100097656
366.7659912109375
366.76910400390625
366.7019958496094
366.7019958496094
366.4700012207031
366.4700012207031
366.7576904296875
366.7576904296875
366.7200012207031
366.7041015625
366.70001220703125
366.95001220703125
367.0350036621094
367.0350036621094
366.9674987792969
366.9302062988281
367.0299987792969
367.1700134277344
367.1400146484375
367.1000061035156
367.19000244140625
367.1300048828125
367.4949951171875
367.6400146484375
367.6099853515625
367.79998779296875
367.510009765625
367.55999755859375
367.7300109863281
367.7699890136719
367.5188903808594
367.5799865722656
367.7900085449219
367.8299865722656
367.94000244140625
367.82000732421875
367.82000732421875
367.760009765625
367.989990234375
367.964111328125
367.8937072753906
367.94000244140625
367.9599914550781
368.0683898925781
367.9599914550781
367.79998779296875
367.73748779296875
367.635009765625
367.70001220703125
367.625
367.92498779296875
367.8699951171875
368.1000061035156
368.1202087402344
368.1099853515625
368.05999755859375
368.114990234375
368.1499938964844
368.20001220703125
368.1700134277344
368.1199951171875
368.010009765625
368.0201110839844
368.1637878417969
368.2900085449219
368.23748779296875
368.3699951171875
368.5299987792969
368.69000244140625
368.7799987792969
368.7300109863281
368.8970031738281
368.625
368.45770263671875
368.4800109863281
368.3500061035156
368.29998779296875
368.5299987792969
368.4200134277344
368.28009033203125
368.1050109863281
368.0
367.80999755859375
367.7699890136719
368.0799865722656
368.1449890136719
368.3699951171875
368.37750244140625
368.375
368.45001220703125
368.4800109863281
368.69000244140625
368.4049987792969
368.489990234375
368.42999267578125
368.4800109863281
368.4599914550781
368.6860046386719
368.7699890136719
368.5299987792969
368.6300048828125
368.67999267578125
368.5249938964844
368.7409973144531
368.8299865722656
368.8699951171875
368.7799987792969
368.8900146484375
368.6099853515625
368.6199951171875
368.57501220703125
368.5799865722656
368.6400146484375
368.6499938964844
368.7099914550781
368.7099914550781
