204.47999572753906
204.47999572753906
204.27000427246094
203.91000366210938
204.02999877929688
203.9600067138672
203.72000122070312
204.11500549316406
203.66000366210938
203.52999877929688
203.3000030517578
203.58290100097656
204.13999938964844
204.02000427246094
204.1199951171875
203.92999267578125
203.92230224609375
204.22000122070312
204.11000061035156
204.27999877929688
203.99000549316406
203.64500427246094
203.30999755859375
203.08999633789062
202.9250030517578
202.68699645996094
202.97000122070312
202.8800048828125
203.0500030517578
202.8300018310547
202.8699951171875
202.97979736328125
202.61000061035156
202.61000061035156
202.89999389648438
202.9499969482422
203.0
203.16000366210938
203.4324951171875
203.14999389648438
203.10000610351562
203.27999877929688
203.16000366210938
202.89999389648438
202.9600067138672
203.05999755859375
203.22500610351562
203.375
203.39999389648438
203.01499938964844
203.125
203.14500427246094
202.52000427246094
202.75
202.33999633789062
202.35000610351562
202.25999450683594
202.30999755859375
202.15499877929688
201.97999572753906
201.69000244140625
201.72000122070312
202.0355987548828
202.27000427246094
202.41000366210938
202.27000427246094
202.1699981689453
202.19500732421875
202.48500061035156
202.42999267578125
202.30999755859375
202.39349365234375
202.4149932861328
202.49000549316406
202.17999267578125
202.61000061035156
202.38999938964844
202.1999969482422
202.05999755859375
202.05999755859375
202.11000061035156
202.3000030517578
201.9199981689453
201.75999450683594
201.8800048828125
201.74000549316406
201.88499450683594
202.27999877929688
202.3000030517578
202.3000030517578
202.52000427246094
202.50999450683594
202.64500427246094
202.64500427246094
202.35000610351562
202.25
202.32000732421875
202.41900634765625
202.35499572753906
202.14999389648438
202.0
202.22999572753906
202.41529846191406
202.5399932861328
202.6201934814453
202.3800048828125
202.49000549316406
202.27999877929688
202.30999755859375
202.4550018310547
202.2779998779297
202.375
202.3699951171875
202.3000030517578
202.39999389648438
202.41000366210938
202.61000061035156
202.60000610351562
202.44000244140625
202.27000427246094
202.2993927001953
202.08999633789062
202.19000244140625
202.4499969482422
202.47500610351562
202.44000244140625
202.25
202.05039978027344
202.1199951171875
202.00999450683594
202.00999450683594
202.00999450683594
202.1999969482422
202.3000030517578
202.14999389648438
202.5749969482422
202.44500732421875
202.42999267578125
202.5612030029297
202.5612030029297
202.55810546875
202.72999572753906
202.67999267578125
202.7386016845703
202.77000427246094
202.76499938964844
202.66000366210938
202.8300018310547
202.94000244140625
203.0
203.08999633789062
203.04600524902344
203.1300048828125
203.19000244140625
202.86000061035156
203.0500030517578
203.00999450683594
203.00999450683594
203.0399932861328
203.00999450683594
203.22000122070312
203.22329711914062
203.2050018310547
203.0800018310547
203.1300048828125
203.18499755859375
203.14999389648438
203.10499572753906
203.3000030517578
203.2449951171875
203.22000122070312
203.4385986328125
203.4949951171875
203.5800018310547
203.49000549316406
203.36500549316406
203.42999267578125
203.5449981689453
203.44000244140625
203.38999938964844
203.47000122070312
203.60000610351562
203.6199951171875
203.55999755859375
203.32000732421875
203.32000732421875
203.38499450683594
203.60499572753906
203.50999450683594
203.4149932861328
203.32000732421875
203.25
203.3249969482422
203.4199981689453
203.57000732421875
203.47500610351562
203.33999633789062
203.24000549316406
203.1999969482422
203.02000427246094
202.8699951171875
202.69500732421875
202.7050018310547
202.83920288085938
203.03500366210938
203.1719970703125
203.2449951171875
203.23500061035156
203.21499633789062
203.19000244140625
203.07000732421875
203.13499450683594
203.05499267578125
203.02000427246094
203.0800018310547
203.19500732421875
203.06500244140625
203.23500061035156
203.21499633789062
203.07000732421875
203.1199951171875
203.17750549316406
203.17750549316406
203.13499450683594
203.05499267578125
203.14500427246094
203.27999877929688
203.14999389648438
203.19000244140625
203.09500122070312
202.92999267578125
202.9600067138672
202.97000122070312
202.9600067138672
202.78500366210938
202.91000366210938
202.82000732421875
202.80690002441406
202.9600067138672
202.8249969482422
202.78500366210938
202.90499877929688
202.91000366210938
202.85000610351562
202.8800048828125
202.89500427246094
202.76499938964844
202.77499389648438
202.94000244140625
202.83999633789062
202.89500427246094
202.8800048828125
202.722900390625
202.83999633789062
202.69000244140625
202.63499450683594
202.80459594726562
202.86000061035156
202.72999572753906
202.6999969482422
202.61929321289062
202.74000549316406
202.7292022705078
202.69000244140625
202.7100067138672
202.7100067138672
202.5800018310547
202.58999633789062
202.5800018310547
202.61000061035156
202.58270263671875
202.55999755859375
202.69000244140625
202.6699981689453
202.6199951171875
202.64990234375
202.72999572753906
202.77999877929688
202.75999450683594
202.80999755859375
202.72000122070312
202.74000549316406
202.55499267578125
202.61500549316406
202.5800018310547
202.74000549316406
202.68499755859375
202.69749450683594
202.57000732421875
202.60000610351562
202.55999755859375
202.56500244140625
202.59500122070312
202.72999572753906
202.89999389648438
202.91000366210938
202.81500244140625
202.86000061035156
203.0
202.98500061035156
202.69000244140625
202.69000244140625
202.6699981689453
202.72999572753906
202.75999450683594
202.72999572753906
202.85000610351562
202.9949951171875
203.02000427246094
202.9600067138672
202.9600067138672
202.85009765625
203.0449981689453
203.14999389648438
203.09140014648438
202.9600067138672
202.8699951171875
202.96499633789062
202.97500610351562
202.97500610351562
202.9600067138672
202.86000061035156
202.75
202.6699981689453
202.7550048828125
202.69000244140625
202.72500610351562
202.67999267578125
202.67999267578125
202.7261962890625
202.71929931640625
202.72999572753906
202.6699981689453
202.5500030517578
202.55079650878906
202.55999755859375
202.60499572753906
202.8000030517578
202.8300018310547
202.9199981689453
202.88999938964844
202.91000366210938
202.92999267578125
202.91000366210938
202.91990661621094
203.03289794921875
203.03500366210938
202.9499969482422
202.94000244140625
202.7899932861328
202.72999572753906
202.74000549316406
202.7100067138672
202.78500366210938
202.77999877929688
202.7449951171875
202.66000366210938
202.6199951171875
202.5500030517578
202.61000061035156
202.60000610351562
202.5800018310547
202.64999389648438
202.66000366210938
202.61500549316406
202.6999969482422
202.6300048828125
202.5399932861328
202.5500030517578
202.66000366210938
202.71279907226562
202.72999572753906
202.75999450683594
202.8000030517578
202.77499389648438
202.86000061035156
202.84500122070312
202.94000244140625
202.9949951171875
202.97999572753906
203.02999877929688
203.0399932861328
203.02499389648438
203.00999450683594
202.9199981689453
202.9499969482422
202.96099853515625
203.07000732421875
203.10000610351562
203.1199951171875
203.14999389648438
203.10000610351562
203.0399932861328
203.09500122070312
203.0800018310547
203.08999633789062
203.07000732421875
203.08999633789062
203.1999969482422
203.25
203.1999969482422
203.1199951171875
203.22999572753906
203.32899475097656
203.3699951171875
203.39999389648438
203.35000610351562
203.3574981689453
203.42149353027344
203.49000549316406
203.41079711914062
203.47369384765625
203.58999633789062
203.6300048828125
203.64999389648438
203.72000122070312
203.72659301757812
203.76499938964844
203.77000427246094
203.77000427246094
203.82000732421875
203.80999755859375
203.74000549316406
203.7550048828125
203.7987060546875
203.82000732421875
203.7277069091797
203.82000732421875
203.7899932861328
203.83999633789062
203.8000030517578
203.77999877929688
203.83999633789062
203.80099487304688
203.7899932861328
203.91000366210938
204.0
204.08999633789062
204.02000427246094
204.02999877929688
204.0800018310547
204.14920043945312
204.1300048828125
204.07000732421875
204.0399932861328
204.0399932861328
204.0399932861328
203.94000244140625
203.89999389648438
203.92999267578125
203.97000122070312
203.94000244140625
204.0399932861328
204.11000061035156
204.10079956054688
204.09500122070312
204.1300048828125
204.2100067138672
204.25999450683594
204.13999938964844
203.97000122070312
203.94000244140625
203.94500732421875
204.02499389648438
204.22500610351562
204.24000549316406
204.1300048828125
204.07000732421875
204.15499877929688
204.1300048828125
204.26910400390625
204.19000244140625
204.22000122070312
204.16000366210938
204.2100067138672
204.25999450683594
204.21499633789062
204.27000427246094
204.3300018310547
204.32000732421875
204.22970581054688
204.22000122070312
204.3350067138672
204.35000610351562
204.375
204.39999389648438
204.42999267578125
204.44000244140625
204.44000244140625
204.41000366210938
204.4199981689453
204.42999267578125
204.42999267578125
204.4199981689453
204.4499969482422
204.5749969482422
204.5449981689453
204.4199981689453
204.4550018310547
204.4550018310547
204.4600067138672
204.44000244140625
204.38999938964844
204.38999938964844
204.38929748535156
204.2996063232422
204.21499633789062
204.22000122070312
204.2100067138672
204.2899932861328
204.3300018310547
204.36000061035156
204.4488067626953
204.39999389648438
204.375
204.25999450683594
204.27650451660156
204.2050018310547
204.21499633789062
204.27000427246094
204.28500366210938
204.20899963378906
204.21299743652344
204.2050018310547
204.26499938964844
204.17999267578125
204.10000610351562
204.08999633789062
204.16000366210938
204.1999969482422
204.1999969482422
204.125
204.2100067138672
204.22999572753906
204.2100067138672
204.17999267578125
204.1699981689453
204.30999755859375
204.3300018310547
204.46600341796875
204.47999572753906
204.5399932861328
204.74000549316406
204.77000427246094
204.77000427246094
204.75999450683594
204.8249969482422
204.85000610351562
204.8249969482422
204.8699951171875
204.94000244140625
204.8350067138672
204.77000427246094
204.80999755859375
204.84500122070312
204.9149932861328
204.96060180664062
204.92999267578125
204.9250030517578
204.89999389648438
204.88499450683594
204.8800048828125
204.80499267578125
204.91000366210938
204.97999572753906
204.9949951171875
204.9320068359375
205.01499938964844
204.92999267578125
204.97000122070312
204.97999572753906
205.05999755859375
205.07000732421875
205.0399932861328
205.07530212402344
205.1300048828125
205.1300048828125
204.9499969482422
205.0500030517578
205.0749969482422
205.13999938964844
205.22999572753906
205.22999572753906
205.1750030517578
205.3000030517578
205.375
205.36000061035156
205.32000732421875
205.3000030517578
205.3800048828125
205.30999755859375
205.38999938964844
205.35000610351562
205.35499572753906
205.42999267578125
205.3699951171875
205.27999877929688
205.16969299316406
205.02999877929688
205.10000610351562
205.1199951171875
205.11000061035156
205.1199951171875
205.25
205.32000732421875
205.3300018310547
205.44000244140625
205.55499267578125
205.60000610351562
205.52000427246094
205.5
205.5
205.60499572753906
205.68499755859375
205.6999969482422
205.69000244140625
205.625
205.66000366210938
205.50999450683594
205.3800048828125
205.52499389648438
205.75
205.6750030517578
205.6649932861328
205.46499633789062
205.5
205.55499267578125
205.33999633789062
205.5
205.3699951171875
205.39999389648438
205.33999633789062
205.33999633789062