133.57000732421875
133.57000732421875
133.6699981689453
133.25999450683594
133.47999572753906
133.46499633789062
133.07000732421875
132.9687957763672
132.8332061767578
132.73500061035156
132.9600067138672
132.92999267578125
133.4600067138672
133.25
133.27499389648438
132.92999267578125
132.9949951171875
133.2899932861328
133.17999267578125
133.30499267578125
133.27499389648438
133.35000610351562
133.1959991455078
133.09890747070312
132.9550018310547
132.9250030517578
132.85499572753906
132.99000549316406
132.97000122070312
132.83900451660156
132.6750030517578
132.65989685058594
132.5500030517578
132.7198028564453
132.75999450683594
132.85890197753906
132.92999267578125
132.8800048828125
133.08999633789062
133.05999755859375
133.1199951171875
133.3800048828125
133.27000427246094
133.1699981689453
133.27999877929688
133.47999572753906
133.52000427246094
133.5749969482422
133.44659423828125
133.7100067138672
133.58999633789062
133.5399932861328
133.27999877929688
133.42999267578125
133.31500244140625
133.30999755859375
133.47000122070312
133.4600067138672
133.77999877929688
133.72999572753906
133.66940307617188
133.58999633789062
133.75
134.00999450683594
133.86700439453125
134.0
134.03860473632812
133.80499267578125
133.85000610351562
133.8699951171875
133.89999389648438
133.9199981689453
133.92950439453125
133.8800048828125
133.8300018310547
133.87680053710938
133.8444061279297
133.7449951171875
133.50999450683594
133.49000549316406
133.5050048828125
133.47500610351562
133.302001953125
133.25999450683594
133.27999877929688
133.3800048828125
133.3000030517578
133.38999938964844
133.39500427246094
133.27999877929688
133.30999755859375
133.33999633789062
133.3300018310547
133.35000610351562
133.23500061035156
133.1199951171875
133.10000610351562
133.14999389648438
133.07029724121094
133.0
133.02999877929688
133.13999938964844
133.08999633789062
133.30999755859375
133.32000732421875
133.25
133.2899932861328
133.25
133.4199981689453
133.39669799804688
133.64999389648438
133.63999938964844
133.50999450683594
133.55999755859375
133.63999938964844
133.61000061035156
133.69000244140625
133.7100067138672
133.64999389648438
133.6699981689453
133.7899932861328
133.67999267578125
133.7100067138672
133.89999389648438
133.74000549316406
133.82110595703125
133.77000427246094
133.8699951171875
133.88999938964844
133.84829711914062
133.83999633789062
133.83999633789062
133.74000549316406
133.77000427246094
133.73280334472656
133.74000549316406
133.7406005859375
133.77999877929688
133.83999633789062
133.8800048828125
133.85000610351562
133.94000244140625
133.9499969482422
133.90020751953125
133.97000122070312
133.92999267578125
133.91000366210938
133.9199981689453
133.99000549316406
133.87899780273438
133.89500427246094
133.8634033203125
133.8000030517578
133.77499389648438
133.6300048828125
133.72000122070312
133.67999267578125
133.6824951171875
133.57000732421875
133.56500244140625
133.66000366210938
133.7100067138672
133.75
133.6699981689453
133.7176055908203
133.67999267578125
133.72059631347656
133.76220703125
133.77499389648438
133.80999755859375
133.8800048828125
134.0500030517578
133.96499633789062
133.9600067138672
133.94000244140625
133.9499969482422
133.97999572753906
133.92999267578125
133.90499877929688
133.88160705566406
133.8798065185547
133.86000061035156
133.89500427246094
133.8800048828125
133.8000030517578
133.75
133.66000366210938
133.60009765625
133.518798828125
133.49310302734375
133.41000366210938
133.39999389648438
133.4622039794922
133.5
133.60499572753906
133.6199951171875
133.61000061035156
133.5500030517578
133.5449981689453
133.36000061035156
133.4178924560547
133.3800048828125
133.38999938964844
133.49000549316406
133.60000610351562
133.68499755859375
133.68499755859375
133.6999969482422
133.71499633789062
133.69000244140625
133.67999267578125
133.60000610351562
133.61000061035156
133.58999633789062
133.60000610351562
133.60499572753906
133.60780334472656
133.57000732421875
133.5800018310547
133.50999450683594
133.47999572753906
133.5
133.44000244140625
133.4600067138672
133.52999877929688
133.5449981689453
133.61000061035156
133.58999633789062
133.55999755859375
133.54640197753906
133.56500244140625
133.55990600585938
133.5500030517578
133.5
133.46119689941406
133.42999267578125
133.4499969482422
133.49000549316406
133.5
133.4499969482422
133.5449981689453
133.49000549316406
133.50999450683594
133.5800018310547
133.63499450683594
133.60000610351562
133.50999450683594
133.47500610351562
133.5800018310547
133.5800018310547
133.67999267578125
133.76449584960938
133.69500732421875
133.75
133.71609497070312
133.7100067138672
133.77999877929688
133.7949981689453
133.8000030517578
133.75999450683594
133.7677001953125
133.7418975830078
133.82000732421875
133.85000610351562
133.80079650878906
133.85580444335938
133.8300018310547
133.7949981689453
133.8800048828125
133.80999755859375
133.8300018310547
133.8699951171875
133.8699951171875
133.86000061035156
133.82000732421875
133.83999633789062
133.8843994140625
133.90499877929688
133.9199981689453
133.9199981689453
133.92999267578125
133.8699951171875
133.8291015625
133.781005859375
133.67999267578125
133.69500732421875
133.7899932861328
133.80999755859375
133.77000427246094
133.7935028076172
133.75
133.75999450683594
133.77000427246094
133.75999450683594
133.75
133.80999755859375
133.76499938964844
133.75
133.75
133.7899932861328
133.72000122070312
133.73939514160156
133.87289428710938
133.85000610351562
133.92120361328125
133.99000549316406
133.9571075439453
133.9199981689453
133.9499969482422
134.0
134.08990478515625
134.16700744628906
134.3699951171875
134.27000427246094
134.22500610351562
134.1240997314453
134.0800018310547
134.11000061035156
134.09500122070312
134.0500030517578
134.05999755859375
134.01499938964844
133.99000549316406
133.9499969482422
133.93499755859375
133.92999267578125
133.9149932861328
133.94000244140625
134.02999877929688
134.0
133.9600067138672
133.97000122070312
134.02450561523438
134.02000427246094
134.0800018310547
134.0601043701172
134.09500122070312
134.16000366210938
134.27999877929688
134.27000427246094
134.2899932861328
134.32000732421875
134.3000030517578
134.3000030517578
134.3300018310547
134.30999755859375
134.2899932861328
134.3000030517578
134.32000732421875
134.2899932861328
134.32000732421875
134.29310607910156
134.2899932861328
134.30999755859375
134.3621063232422
134.2899932861328
134.2100067138672
134.10000610351562
134.05999755859375
133.99009704589844
134.01499938964844
134.0
134.00999450683594
134.05999755859375
134.05499267578125
134.13499450683594
134.0800018310547
134.07020568847656
134.07000732421875
134.16000366210938
134.17999267578125
134.1999969482422
134.2100067138672
134.16000366210938
134.17019653320312
134.14999389648438
134.10000610351562
134.08999633789062
134.05499267578125
134.0399932861328
133.99000549316406
133.9550018310547
133.9300994873047
133.92999267578125
133.8800048828125
133.9199981689453
133.88999938964844
133.88999938964844
133.96189880371094
133.98350524902344
134.0399932861328
134.0399932861328
134.05999755859375
134.1199951171875
134.1199951171875
134.1300048828125
134.09500122070312
134.08999633789062
134.13499450683594
134.08810424804688
134.22000122070312
134.16000366210938
134.12429809570312
134.1750030517578
134.17999267578125
134.27000427246094
134.24000549316406
134.1999969482422
134.27000427246094
134.24000549316406
134.31500244140625
134.32000732421875
134.2899932861328
134.3000030517578
134.27000427246094
134.27000427246094
134.31959533691406
134.39999389648438
134.4600067138672
134.5
134.52000427246094
134.52999877929688
134.48989868164062
134.4503936767578
134.52999877929688
134.47000122070312
134.42999267578125
134.39999389648438
134.39500427246094
134.34640502929688
134.35000610351562
134.27499389648438
134.31939697265625
134.3249969482422
134.27000427246094
134.23500061035156
134.3000030517578
134.32000732421875
134.32000732421875
134.30999755859375
134.4423065185547
134.4199981689453
134.40499877929688
134.39999389648438
134.39999389648438
134.44960021972656
134.42999267578125
134.39999389648438
134.39999389648438
134.42999267578125
134.4199981689453
134.4199981689453
134.46499633789062
134.4600067138672
134.4344940185547
134.4199981689453
134.4199981689453
134.47000122070312
134.46310424804688
134.37399291992188
134.3800048828125
134.3699951171875
134.44000244140625
134.5399932861328
134.63150024414062
134.57000732421875
134.5500030517578
134.6199951171875
134.6199951171875
134.6999969482422
134.75
134.6199951171875
134.66000366210938
134.610595703125
134.6309051513672
134.64999389648438
134.6300048828125
134.61000061035156
134.6199951171875
134.63999938964844
134.74000549316406
134.72509765625
134.82000732421875
134.80499267578125
134.74400329589844
134.6750030517578
134.7550048828125
134.74659729003906
134.75999450683594
134.85000610351562
134.90899658203125
134.9199981689453
134.97999572753906
135.02000427246094
135.02999877929688
135.05050659179688
135.05999755859375
135.0800018310547
135.11000061035156
135.11500549316406
135.19000244140625
135.17999267578125
135.1199951171875
135.13999938964844
135.13999938964844
135.1300048828125
135.1199951171875
135.1699981689453
135.1699981689453
135.1999969482422
135.22999572753906
135.13999938964844
135.16409301757812
135.16000366210938
135.25999450683594
135.3699951171875
135.34500122070312
135.31500244140625
135.33999633789062
135.30580139160156
135.1649932861328
135.1300048828125
135.09500122070312
135.1699981689453
135.218994140625
135.22999572753906
135.22000122070312
135.22999572753906
135.25999450683594
135.2097930908203
135.22129821777344
135.24000549316406
135.25
135.27999877929688
135.23500061035156
135.22000122070312
135.25999450683594
135.2949981689453
135.2899932861328
135.39999389648438
135.39500427246094
135.3800048828125
135.45570373535156
135.47000122070312
135.5
135.5050048828125
135.5500030517578
135.52999877929688
135.50010681152344
135.5449981689453
135.57000732421875
135.60000610351562
135.61000061035156
135.52999877929688
135.4499969482422
135.5
135.41000366210938
135.41000366210938
135.42999267578125
135.44000244140625
135.4250030517578
135.47000122070312
135.38999938964844
135.4499969482422
135.4499969482422
135.4600067138672
135.4600067138672
135.58999633789062
135.64999389648438
135.75
135.81500244140625
135.72000122070312
135.67999267578125
135.7899932861328
135.69000244140625
135.6999969482422
135.7100067138672
135.6199951171875
135.67999267578125
135.71099853515625
135.72500610351562
135.75
135.77000427246094
135.8699951171875
135.88999938964844
135.91000366210938
135.83140563964844
135.86000061035156
135.85499572753906
135.81500244140625
135.7899932861328
135.8000946044922
135.77000427246094
135.8000030517578
135.7899932861328
135.722900390625
135.72999572753906
135.67999267578125
135.6300048828125
135.6300048828125
135.71499633789062
135.78900146484375
135.78500366210938
135.74000549316406
135.78500366210938
135.764404296875
135.7899932861328
135.71499633789062
135.80999755859375
135.6649932861328
135.6750030517578
135.64999389648438
135.64500427246094
135.66000366210938
135.6750030517578
135.80499267578125
135.8300018310547
135.8699951171875
135.8000030517578
135.7899932861328
135.8300018310547
135.80999755859375
135.74000549316406
135.76100158691406
135.7550048828125
135.72999572753906
135.67999267578125
135.69000244140625
135.6699981689453
135.63999938964844
135.50999450683594
135.55999755859375
135.55999755859375
