48.81999969482422
48.81999969482422
48.81999969482422
48.619998931884766
48.7400016784668
48.65999984741211
48.529701232910156
48.59000015258789
48.470001220703125
48.439998626708984
48.5
48.619998931884766
48.56100082397461
48.7400016784668
48.65999984741211
48.739898681640625
48.71500015258789
48.619998931884766
48.525001525878906
48.64509963989258
48.63999938964844
48.595001220703125
48.529998779296875
48.55500030517578
48.459999084472656
48.505001068115234
48.584999084472656
48.665000915527344
48.6078987121582
48.56999969482422
48.61000061035156
48.560001373291016
48.63999938964844
48.625
48.72999954223633
48.73500061035156
48.810001373291016
48.875
48.814998626708984
48.81999969482422
48.810001373291016
48.810001373291016
48.75
48.689998626708984
48.685001373291016
48.71500015258789
48.720001220703125
48.790000915527344
48.75
48.834999084472656
48.849998474121094
48.85499954223633
48.70000076293945
48.78730010986328
48.66999816894531
48.64500045776367
48.65999984741211
48.567100524902344
48.584999084472656
48.619998931884766
48.4900016784668
48.47999954223633
48.44499969482422
48.459999084472656
48.56999969482422
48.56850051879883
48.55500030517578
48.529998779296875
48.529998779296875
48.5099983215332
48.46080017089844
48.48500061035156
48.47999954223633
48.41999816894531
48.487998962402344
48.52000045776367
48.529998779296875
48.439998626708984
48.380001068115234
48.459999084472656
48.4900016784668
48.5099983215332
48.459999084472656
48.400001525878906
48.5099983215332
48.45610046386719
48.492698669433594
48.560001373291016
48.560001373291016
48.55500030517578
48.55500030517578
48.584999084472656
48.63990020751953
48.613399505615234
48.56999969482422
48.54669952392578
48.540000915527344
48.55500030517578
48.560001373291016
48.5099983215332
48.55500030517578
48.6150016784668
48.650001525878906
48.66999816894531
48.65890121459961
48.57500076293945
48.59000015258789
48.599998474121094
48.630001068115234
48.57500076293945
48.54999923706055
48.61000061035156
48.619998931884766
48.630001068115234
48.62990188598633
48.65999984741211
48.63999938964844
48.654998779296875
48.619998931884766
48.61000061035156
48.58000183105469
48.5
48.494998931884766
48.52370071411133
48.4900016784668
48.540000915527344
48.517601013183594
48.5099983215332
48.540000915527344
48.5099983215332
48.52000045776367
48.52000045776367
48.51499938964844
48.53990173339844
48.595001220703125
48.619598388671875
48.5984001159668
48.595001220703125
48.619998931884766
48.595001220703125
48.584999084472656
48.63999938964844
48.625
48.59000015258789
48.61069869995117
48.595001220703125
48.59000015258789
48.595001220703125
48.630001068115234
48.68000030517578
48.689998626708984
48.689998626708984
48.6682014465332
48.66230010986328
48.630001068115234
48.650001525878906
48.61000061035156
48.6150016784668
48.61000061035156
48.6349983215332
48.69850158691406
48.709999084472656
48.709999084472656
48.72010040283203
48.709999084472656
48.70500183105469
48.709999084472656
48.720001220703125
48.76499938964844
48.760101318359375
48.77000045776367
48.83420181274414
48.849998474121094
48.85499954223633
48.83000183105469
48.79650115966797
48.79999923706055
48.80500030517578
48.797000885009766
48.80500030517578
48.832401275634766
48.79999923706055
48.814998626708984
48.79499816894531
48.7599983215332
48.7400016784668
48.77989959716797
48.77000045776367
48.77000045776367
48.75170135498047
48.79999923706055
48.810001373291016
48.82500076293945
48.84000015258789
48.834999084472656
48.80500030517578
48.807098388671875
48.790000915527344
48.73789978027344
48.73500061035156
48.69499969482422
48.70000076293945
48.689998626708984
48.7400016784668
48.76499938964844
48.79499816894531
48.81760025024414
48.79999923706055
48.779998779296875
48.814998626708984
48.810001373291016
48.82500076293945
48.834999084472656
48.83000183105469
48.84000015258789
48.80500030517578
48.810001373291016
48.80500030517578
48.80189895629883
48.77000045776367
48.77069854736328
48.775001525878906
48.779998779296875
48.790000915527344
48.808101654052734
48.814998626708984
48.82500076293945
48.83639907836914
48.849998474121094
48.875
48.81999969482422
48.79199981689453
48.830101013183594
48.8202018737793
48.834999084472656
48.83869934082031
48.86180114746094
48.8849983215332
48.8849983215332
48.875
48.875
48.89500045776367
48.92449951171875
48.92499923706055
48.95500183105469
48.974998474121094
48.924198150634766
48.85499954223633
48.8849983215332
48.875
48.88010025024414
48.86000061035156
48.86000061035156
48.8650016784668
48.814998626708984
48.810001373291016
48.83000183105469
48.845001220703125
48.83000183105469
48.84000015258789
48.836700439453125
48.82460021972656
48.814998626708984
48.78499984741211
48.755001068115234
48.775001525878906
48.75
48.74679946899414
48.76499938964844
48.74470138549805
48.744998931884766
48.7400016784668
48.7599983215332
48.75
48.7400016784668
48.744998931884766
48.74879837036133
48.7599983215332
48.775001525878906
48.75
48.77000045776367
48.790000915527344
48.7599983215332
48.744998931884766
48.72999954223633
48.7599983215332
48.779998779296875
48.775001525878906
48.72570037841797
48.709999084472656
48.672000885009766
48.72999954223633
48.724998474121094
48.713199615478516
48.724998474121094
48.720001220703125
48.709999084472656
48.689998626708984
48.689998626708984
48.665000915527344
48.61000061035156
48.56999969482422
48.580501556396484
48.60499954223633
48.61000061035156
48.61000061035156
48.650001525878906
48.66999816894531
48.67499923706055
48.66849899291992
48.641300201416016
48.630001068115234
48.63990020751953
48.630001068115234
48.624000549316406
48.5900993347168
48.54999923706055
48.59410095214844
48.592201232910156
48.584999084472656
48.58330154418945
48.54790115356445
48.52009963989258
48.51499938964844
48.54499816894531
48.529998779296875
48.52000045776367
48.54999923706055
48.55500030517578
48.57500076293945
48.55500030517578
48.55110168457031
48.55110168457031
48.51499938964844
48.540000915527344
48.52840042114258
48.55500030517578
48.58000183105469
48.599998474121094
48.6150016784668
48.630001068115234
48.619998931884766
48.625
48.61000061035156
48.61989974975586
48.61009979248047
48.59939956665039
48.619998931884766
48.6150016784668
48.564998626708984
48.560699462890625
48.57500076293945
48.575401306152344
48.57500076293945
48.584999084472656
48.61000061035156
48.61000061035156
48.599998474121094
48.595001220703125
48.584999084472656
48.584999084472656
48.60499954223633
48.61000061035156
48.62620162963867
48.61589813232422
48.634498596191406
48.64569854736328
48.625
48.599998474121094
48.64500045776367
48.64500045776367
48.64500045776367
48.63999938964844
48.6150016784668
48.61180114746094
48.599998474121094
48.600101470947266
48.619998931884766
48.6150016784668
48.584999084472656
48.595001220703125
48.596900939941406
48.599998474121094
48.595001220703125
48.619998931884766
48.630001068115234
48.63999938964844
48.619998931884766
48.6349983215332
48.645999908447266
48.665000915527344
48.662498474121094
48.650001525878906
48.654998779296875
48.67499923706055
48.66999816894531
48.665000915527344
48.665000915527344
48.68000030517578
48.654998779296875
48.625
48.599998474121094
48.63520050048828
48.64500045776367
48.64500045776367
48.667701721191406
48.66749954223633
48.66999816894531
48.689998626708984
48.67499923706055
48.70000076293945
48.69499969482422
48.66999816894531
48.66999816894531
48.69499969482422
48.68000030517578
48.689998626708984
48.67499923706055
48.68000030517578
48.65999984741211
48.66120147705078
48.67720031738281
48.665000915527344
48.67499923706055
48.665000915527344
48.65380096435547
48.650001525878906
48.633399963378906
48.64500045776367
48.654998779296875
48.650001525878906
48.630001068115234
48.6349983215332
48.6150016784668
48.60499954223633
48.6150016784668
48.61000061035156
48.631099700927734
48.65999984741211
48.650001525878906
48.67499923706055
48.685001373291016
48.690101623535156
48.70500183105469
48.70000076293945
48.689998626708984
48.679901123046875
48.67499923706055
48.67499923706055
48.67499923706055
48.66999816894531
48.67499923706055
48.665000915527344
48.68000030517578
48.68000030517578
48.68000030517578
48.689998626708984
48.70500183105469
48.689998626708984
48.64500045776367
48.63999938964844
48.609100341796875
48.630001068115234
48.665000915527344
48.665000915527344
48.650001525878906
48.619998931884766
48.59080123901367
48.59429931640625
48.599998474121094
48.595001220703125
48.540000915527344
48.494998931884766
48.49340057373047
48.52000045776367
48.529998779296875
48.540000915527344
48.54499816894531
48.55500030517578
48.55009841918945
48.51750183105469
48.52830123901367
48.540000915527344
48.540000915527344
48.540000915527344
48.525001525878906
48.5463981628418
48.58530044555664
48.564701080322266
48.564998626708984
48.58000183105469
48.58000183105469
48.57500076293945
48.57500076293945
48.58000183105469
48.56999969482422
48.720001220703125
48.600101470947266
48.589900970458984
48.59000015258789
48.560001373291016
48.54499816894531
48.529998779296875
48.54499816894531
48.525001525878906
48.540000915527344
48.52000045776367
48.54499816894531
48.55500030517578
48.55500030517578
48.58000183105469
48.56999969482422
48.619998931884766
48.56999969482422
48.584999084472656
48.582401275634766
48.57500076293945
48.560001373291016
48.60499954223633
48.58000183105469
48.56999969482422
48.54999923706055
48.560001373291016
48.564998626708984
48.54499816894531
48.54999923706055
48.564998626708984
48.56999969482422
48.57170104980469
48.570098876953125
48.55500030517578
48.540000915527344
48.561798095703125
48.56169891357422
48.56999969482422
48.560001373291016
48.58000183105469
48.63999938964844
48.640098571777344
48.685001373291016
48.710899353027344
48.70000076293945
48.71500015258789
48.72999954223633
48.720001220703125
48.76499938964844
48.76259994506836
48.751800537109375
48.73500061035156
48.74039840698242
48.7599983215332
48.75
48.73500061035156
48.70500183105469
48.71500015258789
48.71030044555664
48.689998626708984
48.70500183105469
48.700801849365234
48.720001220703125
48.709999084472656
48.69499969482422
48.685001373291016
48.720001220703125
48.709999084472656
48.724998474121094
48.689998626708984
48.73500061035156
48.71500015258789
48.744998931884766
48.75
48.7400016784668
48.744998931884766
48.72999954223633
48.73460006713867
48.744998931884766
48.720001220703125
48.685001373291016
48.70000076293945
48.69499969482422
48.685001373291016
48.70500183105469
48.755001068115234
48.744998931884766
48.790000915527344
48.814998626708984
48.80500030517578
48.80500030517578
48.78499984741211
48.78499984741211
48.79439926147461
48.82500076293945
48.806400299072266
48.84000015258789
48.875
48.845001220703125
48.834999084472656
48.810001373291016
48.755001068115234
48.77000045776367
48.79499816894531
48.7932014465332
48.80500030517578
48.82500076293945
48.83000183105469
48.83000183105469
48.84000015258789
48.8650016784668
48.90999984741211
48.86000061035156
48.85499954223633
48.85499954223633
48.875
48.8650016784668
48.8650016784668
48.875
48.8838996887207
48.875
48.849998474121094
48.834999084472656
48.869998931884766
48.8765983581543
48.90999984741211
48.974998474121094
49.005001068115234
49.005001068115234
49.02130126953125
48.970001220703125
48.959999084472656
48.91999816894531
48.915000915527344
48.95000076293945
48.95000076293945