172.2899932861328
172.2899932861328
171.4199981689453
171.4149932861328
171.33999633789062
171.0832977294922
171.22999572753906
171.3800048828125
171.17999267578125
171.00999450683594
171.0
171.3300018310547
171.1699981689453
171.39999389648438
171.52000427246094
171.2899932861328
171.6186981201172
171.57000732421875
171.5
171.5
171.36000061035156
171.57650756835938
171.58999633789062
171.50999450683594
171.5399932861328
171.63999938964844
171.91000366210938
171.8300018310547
171.8000030517578
171.63999938964844
171.51499938964844
171.47000122070312
171.22999572753906
171.21499633789062
171.14999389648438
171.10000610351562
171.2100067138672
170.97000122070312
171.15499877929688
171.0500030517578
170.8000030517578
170.7100067138672
170.67999267578125
170.8350067138672
170.77000427246094
170.7050018310547
170.77999877929688
170.77000427246094
170.86419677734375
170.63999938964844
170.69000244140625
170.6699981689453
170.6999969482422
170.72999572753906
170.69000244140625
170.69000244140625
170.63999938964844
170.61000061035156
170.8000030517578
170.83200073242188
170.8800048828125
170.8699951171875
170.96499633789062
171.2209930419922
171.1300048828125
171.15370178222656
171.02999877929688
170.8350067138672
170.94000244140625
170.9550018310547
170.97000122070312
171.02999877929688
171.0832977294922
171.11000061035156
171.07000732421875
171.1199951171875
171.02000427246094
170.97659301757812
170.97000122070312
170.9199981689453
170.9149932861328
170.93899536132812
170.86000061035156
170.77999877929688
170.82000732421875
170.78500366210938
170.66000366210938
170.6699981689453
170.8000030517578
170.74819946289062
170.77499389648438
170.86000061035156
170.75999450683594
170.8000030517578
170.6649932861328
170.61000061035156
170.66000366210938
170.69000244140625
170.7100067138672
170.61000061035156
170.4499969482422
170.47000122070312
170.5
170.4550018310547
170.375
170.33999633789062
170.38999938964844
170.3000030517578
170.47999572753906
170.3800048828125
170.38499450683594
170.3800048828125
170.28500366210938
170.35000610351562
170.43499755859375
170.4499969482422
170.58999633789062
170.55499267578125
170.49000549316406
170.46859741210938
170.4250030517578
170.36500549316406
170.3699951171875
170.5
170.39300537109375
170.47999572753906
170.47000122070312
170.49000549316406
170.4499969482422
170.48500061035156
170.50999450683594
170.5
170.55499267578125
170.6199951171875
170.61000061035156
170.63999938964844
170.61700439453125
170.63999938964844
170.73899841308594
170.6999969482422
170.6699981689453
170.77999877929688
170.7899932861328
170.8134002685547
170.83999633789062
170.78500366210938
170.7899932861328
170.81260681152344
170.92999267578125
170.85000610351562
170.87060546875
170.9199981689453
170.82000732421875
170.8699951171875
170.67999267578125
170.6999969482422
170.5749969482422
170.5850067138672
170.63999938964844
170.60499572753906
170.72000122070312
170.59339904785156
170.58999633789062
170.60000610351562
170.5500030517578
170.55999755859375
170.5399932861328
170.58999633789062
170.52000427246094
170.375
170.3800048828125
170.38999938964844
170.25999450683594
170.25
170.22999572753906
170.23019409179688
170.2550048828125
170.27999877929688
170.25
170.24000549316406
170.27999877929688
170.33999633789062
170.33999633789062
170.35499572753906
170.3699951171875
170.38999938964844
170.39999389648438
170.3249969482422
170.35000610351562
170.17999267578125
170.02999877929688
170.08999633789062
170.08999633789062
170.0800018310547
170.0500030517578
170.06500244140625
170.125
170.10000610351562
170.0
169.88999938964844
169.8800048828125
169.77999877929688
169.8000030517578
169.7689971923828
169.85000610351562
169.84500122070312
169.9499969482422
169.82000732421875
169.8000030517578
169.77499389648438
169.63999938964844
169.63999938964844
169.6750030517578
169.6199951171875
169.5800018310547
169.63999938964844
169.64999389648438
169.62730407714844
169.6529998779297
169.5449981689453
169.61000061035156
169.57000732421875
169.66000366210938
169.63999938964844
169.5800018310547
169.5933074951172
169.52999877929688
169.53500366210938
169.52000427246094
169.5
169.49000549316406
169.52000427246094
169.5500030517578
169.50999450683594
169.49000549316406
169.5
169.49000549316406
169.52999877929688
169.52999877929688
169.60000610351562
169.5749969482422
169.52000427246094
169.52000427246094
169.4499969482422
169.50100708007812
169.5500030517578
169.47630310058594
169.5
169.57000732421875
169.57000732421875
169.60000610351562
169.8000030517578
169.60000610351562
169.6623992919922
169.69000244140625
169.75
169.77000427246094
169.72000122070312
169.6750030517578
169.69000244140625
169.6999969482422
169.72500610351562
169.77999877929688
169.7050018310547
169.72999572753906
169.81500244140625
169.8000030517578
169.86000061035156
169.8800048828125
169.7899932861328
169.8300018310547
169.84500122070312
169.8800048828125
169.7982940673828
169.67999267578125
169.6999969482422
169.75999450683594
169.7899932861328
169.75999450683594
169.80499267578125
169.80999755859375
169.8000030517578
169.7949981689453
169.8249969482422
169.8350067138672
169.8800048828125
169.88279724121094
169.8800048828125
169.9062042236328
169.94000244140625
169.9600067138672
169.99000549316406
170.02999877929688
169.97000122070312
170.11000061035156
170.10000610351562
170.10000610351562
170.02000427246094
170.02000427246094
169.97999572753906
169.88999938964844
169.8699951171875
169.85000610351562
169.7899932861328
169.82899475097656
169.80999755859375
169.75
169.80999755859375
169.82000732421875
169.80999755859375
169.85000610351562
169.8699951171875
169.86000061035156
169.8800048828125
169.82000732421875
169.80999755859375
169.77999877929688
169.78399658203125
169.80799865722656
169.72000122070312
169.74000549316406
169.72999572753906
169.63999938964844
169.60000610351562
169.63499450683594
169.5399932861328
169.55999755859375
169.61000061035156
169.66000366210938
169.72000122070312
169.72000122070312
169.7100067138672
169.689697265625
169.6199951171875
169.6300048828125
169.61000061035156
169.64999389648438
169.67999267578125
169.6999969482422
169.6999969482422
169.71139526367188
169.72830200195312
169.7100067138672
169.76519775390625
169.781494140625
169.77430725097656
169.72000122070312
169.72999572753906
169.69000244140625
169.6999969482422
169.75010681152344
169.7303009033203
169.75
169.73910522460938
169.7899932861328
169.77000427246094
169.75
169.73199462890625
169.74000549316406
169.77000427246094
169.7899932861328
169.8699951171875
169.8300018310547
169.82330322265625
169.86000061035156
169.88999938964844
169.86000061035156
169.80999755859375
169.7899932861328
169.7949981689453
169.8300018310547
169.8300018310547
169.85000610351562
169.8300018310547
169.83999633789062
169.82940673828125
169.7949981689453
169.77999877929688
169.82000732421875
169.82000732421875
169.82000732421875
169.83999633789062
169.82000732421875
169.80999755859375
169.8000030517578
169.81500244140625
169.77000427246094
169.8000030517578
169.8260040283203
169.85499572753906
169.87669372558594
169.9499969482422
169.9499969482422
169.86880493164062
169.86000061035156
169.82000732421875
169.77999877929688
169.8000030517578
169.80999755859375
169.77999877929688
169.8217010498047
169.8300018310547
169.82000732421875
169.77999877929688
169.8249969482422
169.7899932861328
169.75
169.75
169.7949981689453
169.83999633789062
169.8350067138672
169.91000366210938
169.94000244140625
169.9499969482422
169.94000244140625
169.92999267578125
169.92999267578125
169.9199981689453
169.93499755859375
169.9199981689453
169.9499969482422
169.94000244140625
169.86000061035156
169.85000610351562
169.86000061035156
169.83990478515625
169.83999633789062
169.7899932861328
169.85800170898438
169.85000610351562
169.84500122070312
169.84710693359375
169.83999633789062
169.86000061035156
169.85499572753906
169.86500549316406
169.86000061035156
169.9499969482422
169.94000244140625
169.90390014648438
169.94000244140625
169.92999267578125
169.86000061035156
169.83999633789062
169.8800048828125
169.92999267578125
169.89999389648438
169.91990661621094
169.88180541992188
169.8800048828125
169.88229370117188
169.8800048828125
169.86500549316406
169.85000610351562
169.7899932861328
169.80499267578125
169.8000030517578
169.80499267578125
169.8000030517578
169.77000427246094
169.74000549316406
169.72999572753906
169.75689697265625
169.72999572753906
169.75
169.75369262695312
169.75999450683594
169.8173065185547
169.7899932861328
169.77340698242188
169.7899932861328
169.75999450683594
169.7949981689453
169.8000030517578
169.77999877929688
169.77999877929688
169.7436981201172
169.77000427246094
169.77999877929688
169.74000549316406
169.77000427246094
169.77999877929688
169.7899932861328
169.77999877929688
169.77000427246094
169.78500366210938
169.7449951171875
169.75999450683594
169.77999877929688
169.7100067138672
169.7100067138672
169.68499755859375
169.6522979736328
169.6300048828125
169.60000610351562
169.65499877929688
169.69000244140625
169.69000244140625
169.72000122070312
169.74000549316406
169.7550048828125
169.7050018310547
169.66000366210938
169.67999267578125
169.63999938964844
169.65780639648438
169.6999969482422
169.75
169.6999969482422
169.72999572753906
169.7100067138672
169.72000122070312
169.69500732421875
169.66000366210938
169.6999969482422
169.6699981689453
169.6699981689453
169.66000366210938
169.67999267578125
169.67999267578125
169.66000366210938
169.6699981689453
169.6699981689453
169.72000122070312
169.74000549316406
169.74240112304688
169.77000427246094
169.75
169.7449951171875
169.8350067138672
169.8000030517578
169.84500122070312
169.85000610351562
169.8800048828125
169.88999938964844
169.90499877929688
169.9228973388672
169.9499969482422
170.0
170.05999755859375
170.02999877929688
170.0500030517578
170.1298065185547
170.05999755859375
170.01499938964844
170.0399932861328
170.0449981689453
170.0782012939453
170.0751953125
170.10560607910156
170.17999267578125
170.14500427246094
170.11500549316406
170.10350036621094
170.11000061035156
170.13999938964844
170.1300048828125
170.17999267578125
170.1699981689453
170.1699981689453
170.17999267578125
170.14999389648438
170.1199951171875
170.13499450683594
170.2100067138672
170.2100067138672
170.27999877929688
170.3466033935547
170.34500122070312
170.4199981689453
170.3800048828125
170.44000244140625
170.4199981689453
170.38999938964844
170.5
170.52000427246094
170.5800018310547
170.55999755859375
170.67999267578125
170.6999969482422
170.75999450683594
170.82339477539062
170.78790283203125
170.75
170.67999267578125
170.75
170.7100067138672
170.64999389648438
170.66000366210938
170.6699981689453
170.6999969482422
170.69590759277344
170.61000061035156
170.61000061035156
170.5800018310547
170.5522003173828
170.51499938964844
170.49000549316406
170.5050048828125
170.47999572753906
170.47500610351562
170.4929962158203
170.5050048828125
170.5
170.53500366210938
170.52999877929688
170.64999389648438
170.6300048828125
170.69000244140625
170.63999938964844
170.74229431152344
170.7050018310547
170.74000549316406
170.77000427246094
170.7899932861328
170.9199981689453
170.82000732421875
170.8249969482422
170.75999450683594
170.75999450683594
170.8000030517578
170.77999877929688
170.8000030517578
170.75999450683594
170.9499969482422
170.9199981689453
170.9199981689453
170.9600067138672
170.92999267578125
170.94000244140625
170.97000122070312
170.81170654296875
170.81170654296875