148.60000610351562
148.60000610351562
148.63999938964844
149.05299377441406
148.68499755859375
148.33999633789062
148.47000122070312
148.6199951171875
148.63999938964844
148.7075958251953
149.02000427246094
149.25
149.52999877929688
149.72999572753906
149.77499389648438
150.0800018310547
149.90159606933594
149.875
149.75
149.75999450683594
149.7899932861328
149.89999389648438
149.7899932861328
149.77000427246094
149.58999633789062
149.6737060546875
149.7899932861328
149.6999969482422
149.77000427246094
149.80999755859375
149.57000732421875
149.59500122070312
149.50999450683594
149.75999450683594
150.11000061035156
150.13999938964844
149.99000549316406
150.1199951171875
150.00999450683594
150.1199951171875
150.1699981689453
150.2899932861328
150.1999969482422
150.22999572753906
150.3699951171875
150.39999389648438
150.3699951171875
150.35000610351562
150.33999633789062
150.27999877929688
150.1699981689453
150.27999877929688
149.9499969482422
149.92359924316406
149.92999267578125
149.76690673828125
149.75
149.75999450683594
149.61500549316406
149.57000732421875
149.47000122070312
149.47000122070312
149.49000549316406
149.72999572753906
149.75999450683594
149.69000244140625
149.7100067138672
149.5
149.50999450683594
149.52999877929688
149.47999572753906
149.4199981689453
149.59500122070312
149.7100067138672
149.63999938964844
149.7277069091797
149.83999633789062
149.70640563964844
149.52999877929688
149.69000244140625
149.72000122070312
149.8699951171875
149.8800048828125
149.86000061035156
149.97500610351562
149.99609375
150.11000061035156
150.16000366210938
150.25
150.17999267578125
150.3300018310547
150.3300018310547
150.3699951171875
150.27999877929688
150.1199951171875
150.0500030517578
150.17999267578125
150.22000122070312
150.22000122070312
150.0
150.1300048828125
150.19700622558594
150.3800048828125
150.4600067138672
150.5
150.47999572753906
150.3800048828125
150.25
150.36000061035156
150.44000244140625
150.45660400390625
150.44000244140625
150.30999755859375
150.31500244140625
150.25
150.18089294433594
150.27000427246094
150.27999877929688
150.38499450683594
150.34500122070312
150.32000732421875
150.24000549316406
150.25999450683594
150.32000732421875
150.3000030517578
150.31500244140625
150.25
150.13999938964844
150.1750030517578
150.08140563964844
150.07000732421875
150.0399932861328
149.9792938232422
149.96499633789062
149.93499755859375
149.9694061279297
149.97000122070312
149.89999389648438
149.9199981689453
149.92999267578125
149.86000061035156
149.97000122070312
150.0399932861328
150.08999633789062
150.1199951171875
150.16990661621094
150.08999633789062
150.13499450683594
150.17999267578125
150.2449951171875
150.27000427246094
150.24740600585938
150.28939819335938
150.17999267578125
150.19000244140625
150.22999572753906
150.18499755859375
150.13999938964844
150.08999633789062
150.02999877929688
150.1649932861328
150.1699981689453
150.19000244140625
150.17979431152344
150.25
150.27999877929688
150.32000732421875
150.3300018310547
150.38999938964844
150.4199981689453
150.5
150.52999877929688
150.48500061035156
150.44000244140625
150.4199981689453
150.33999633789062
150.41000366210938
150.39999389648438
150.2698974609375
150.25
150.23779296875
150.22999572753906
150.26010131835938
150.32000732421875
150.27000427246094
150.11000061035156
150.07980346679688
150.0399932861328
150.02999877929688
149.97999572753906
149.89430236816406
149.8300018310547
149.8800048828125
149.9199981689453
149.99000549316406
149.9499969482422
149.86000061035156
149.75999450683594
149.72000122070312
149.58999633789062
149.5
149.4199981689453
149.4600067138672
149.57000732421875
149.83999633789062
149.9600067138672
150.08999633789062
150.0050048828125
149.9499969482422
149.91000366210938
149.89999389648438
149.85499572753906
149.86000061035156
149.8000030517578
149.81500244140625
149.67999267578125
149.63999938964844
149.61000061035156
149.61000061035156
149.60000610351562
149.61000061035156
149.53550720214844
149.57000732421875
149.57000732421875
149.5800018310547
149.5500030517578
149.5800018310547
149.61000061035156
149.60000610351562
149.60989379882812
149.58999633789062
149.5749969482422
149.5800018310547
149.50999450683594
149.4499969482422
149.52830505371094
149.5800018310547
149.61000061035156
149.5500030517578
149.61000061035156
149.58999633789062
149.58999633789062
149.60000610351562
149.58999633789062
149.61000061035156
149.72000122070312
149.69000244140625
149.72000122070312
149.7899932861328
149.6699981689453
149.75999450683594
149.6999969482422
149.63999938964844
149.67689514160156
149.55999755859375
149.5399932861328
149.61000061035156
149.60279846191406
149.58999633789062
149.6300048828125
149.63250732421875
149.58999633789062
149.67999267578125
149.6199951171875
149.6699981689453
149.63999938964844
149.6699981689453
149.6750030517578
149.69000244140625
149.6699981689453
149.6699981689453
149.74000549316406
149.75999450683594
149.8000030517578
149.8699951171875
149.9199981689453
149.94500732421875
149.9600067138672
149.97999572753906
150.02999877929688
150.02999877929688
149.93499755859375
149.89349365234375
149.8800048828125
149.8000030517578
149.88999938964844
149.93600463867188
149.92999267578125
149.85000610351562
149.8350067138672
149.74000549316406
149.7899932861328
149.77499389648438
149.77999877929688
149.82000732421875
149.7899932861328
149.7830047607422
149.75
149.75369262695312
149.79820251464844
149.69000244140625
149.6199951171875
149.59449768066406
149.5399932861328
149.55999755859375
149.48989868164062
149.52999877929688
149.55999755859375
149.57000732421875
149.568603515625
149.58009338378906
149.63999938964844
149.72000122070312
149.7899932861328
149.8455047607422
149.85499572753906
149.80999755859375
149.86000061035156
149.83999633789062
149.76499938964844
149.7550048828125
149.67999267578125
149.66000366210938
149.64999389648438
149.72500610351562
149.6699981689453
149.65989685058594
149.64500427246094
149.66990661621094
149.66000366210938
149.62939453125
149.67999267578125
149.69000244140625
149.6699981689453
149.72000122070312
149.72000122070312
149.77999877929688
149.8000030517578
149.83999633789062
149.86990356445312
149.88299560546875
149.90499877929688
149.91000366210938
149.9600067138672
149.96499633789062
149.9600067138672
149.9600067138672
149.97999572753906
149.97500610351562
149.87789916992188
149.8699951171875
149.90499877929688
149.83999633789062
149.82000732421875
149.83999633789062
149.8300018310547
149.8000030517578
149.75
149.75999450683594
149.77999877929688
149.82000732421875
149.77999877929688
149.75999450683594
149.7899932861328
149.75999450683594
149.7899932861328
149.74000549316406
149.7100067138672
149.7198944091797
149.7899932861328
149.82090759277344
149.8800048828125
149.8300018310547
149.77000427246094
149.8300018310547
149.76499938964844
149.8000030517578
149.83999633789062
149.8300018310547
149.8300018310547
149.86000061035156
149.88999938964844
149.89500427246094
149.9149932861328
149.97999572753906
149.9149932861328
149.92599487304688
149.9499969482422
150.02000427246094
150.07000732421875
150.125
150.13499450683594
150.10000610351562
150.1302032470703
150.11000061035156
150.11500549316406
150.0449981689453
150.0399932861328
150.02000427246094
150.0500030517578
150.1300048828125
150.19000244140625
150.22000122070312
150.13999938964844
150.14999389648438
150.17999267578125
150.1199951171875
150.18499755859375
150.2100067138672
150.11000061035156
150.19000244140625
150.14999389648438
150.1699981689453
150.2050018310547
150.20989990234375
150.24000549316406
150.26499938964844
150.25
150.27980041503906
150.27000427246094
150.21310424804688
150.22000122070312
150.22999572753906
150.22500610351562
150.22000122070312
150.2073974609375
150.22000122070312
150.1699981689453
150.22500610351562
150.22999572753906
150.22500610351562
150.19000244140625
150.19500732421875
150.19500732421875
150.16000366210938
150.17999267578125
150.2100067138672
150.21400451660156
150.19000244140625
150.24000549316406
150.33999633789062
150.3300018310547
150.39999389648438
150.27999877929688
150.29510498046875
150.2899932861328
150.27999877929688
150.29080200195312
150.27999877929688
150.22000122070312
150.27999877929688
150.27000427246094
150.281005859375
150.27999877929688
150.3000030517578
150.3300018310547
150.27999877929688
150.2899932861328
150.27000427246094
150.1699981689453
150.1199951171875
150.16000366210938
150.17999267578125
150.25
150.32000732421875
150.30999755859375
150.31500244140625
150.35000610351562
150.35000610351562
150.33999633789062
150.3300018310547
150.25
150.25999450683594
150.13999938964844
150.1750030517578
150.14999389648438
150.1199951171875
150.1324005126953
150.17999267578125
150.1699981689453
150.2100067138672
150.24000549316406
150.27000427246094
150.25
150.24000549316406
150.2050018310547
150.3300018310547
150.2899932861328
150.3000030517578
150.2899932861328
150.33999633789062
150.33999633789062
150.37989807128906
150.39100646972656
150.39990234375
150.36000061035156
150.3800048828125
150.34500122070312
150.3800048828125
150.39329528808594
150.4600067138672
150.42999267578125
150.39999389648438
150.46099853515625
150.4499969482422
150.44000244140625
150.39999389648438
150.3699951171875
150.35000610351562
150.33999633789062
150.39999389648438
150.4199981689453
150.4199981689453
150.39999389648438
150.41000366210938
150.36000061035156
150.35000610351562
150.30999755859375
150.3350067138672
150.33999633789062
150.35000610351562
150.32000732421875
150.31500244140625
150.3699951171875
150.36000061035156
150.3800048828125
150.39999389648438
150.39999389648438
150.41000366210938
150.4149932861328
150.4499969482422
150.47000122070312
150.47000122070312
150.52999877929688
150.55999755859375
150.5399932861328
150.5399932861328
150.55999755859375
150.5800018310547
150.64999389648438
150.66000366210938
150.7100067138672
150.77000427246094
150.77000427246094
150.80999755859375
150.83999633789062
150.85000610351562
150.875
150.85000610351562
150.88999938964844
150.88999938964844
150.92379760742188
150.91000366210938
150.8800048828125
150.8874053955078
150.92999267578125
150.8800048828125
150.9199981689453
150.92999267578125
150.94000244140625
150.91000366210938
150.9600067138672
150.9600067138672
150.97000122070312
150.97999572753906
150.9550018310547
150.99000549316406
151.05999755859375
151.0449981689453
151.0688934326172
151.0800018310547
151.07000732421875
151.08999633789062
151.13999938964844
151.0800018310547
151.11000061035156
151.05999755859375
150.95989990234375
151.0500030517578
150.99000549316406
150.99000549316406
151.0399932861328
150.9949951171875
151.0500030517578
151.0749969482422
151.08999633789062
151.00999450683594
151.0
150.97000122070312
150.99000549316406
150.9499969482422
151.0
150.94500732421875
151.05499267578125
151.13999938964844
151.1699981689453
151.1199951171875
151.02999877929688
150.9199981689453
150.85000610351562
150.8800048828125
150.9199981689453
150.9149932861328
150.97000122070312
150.94000244140625
151.07000732421875
151.11500549316406
151.13499450683594
151.3000030517578
151.2100067138672
151.30999755859375
151.17999267578125
151.3000030517578
151.24000549316406
151.27999877929688
151.36329650878906
151.2899932861328
151.4499969482422
151.36500549316406
151.33999633789062
151.38999938964844
151.35000610351562
151.32000732421875
151.41000366210938
151.39999389648438
151.3350067138672
151.36000061035156
151.27999877929688
151.2899932861328
151.32000732421875
151.27999877929688
151.13999938964844
151.13999938964844
