61.0099983215332
61.0099983215332
60.9900016784668
61.099998474121094
61.04499816894531
61.02000045776367
61.04999923706055
61.040000915527344
61.005001068115234
60.97999954223633
60.95500183105469
60.939998626708984
61.00559997558594
61.03820037841797
61.040000915527344
60.95909881591797
61.095001220703125
61.119998931884766
61.06999969482422
61.02000045776367
60.96500015258789
60.96500015258789
60.93000030517578
60.90999984741211
60.84640121459961
60.849998474121094
60.95000076293945
60.959999084472656
61.029998779296875
61.005001068115234
60.97999954223633
60.95500183105469
60.880001068115234
60.869998931884766
60.86000061035156
60.88999938964844
60.875
60.867401123046875
60.939998626708984
60.869998931884766
60.86000061035156
60.85499954223633
60.8650016784668
60.849998474121094
60.834999084472656
60.86000061035156
60.84989929199219
60.84000015258789
60.86000061035156
60.79999923706055
60.76499938964844
60.76499938964844
60.689998626708984
60.720001220703125
60.68000030517578
60.709999084472656
60.67499923706055
60.64899826049805
60.670101165771484
60.66999816894531
60.619998931884766
60.625
60.654998779296875
60.72999954223633
60.70500183105469
60.70819854736328
60.69499969482422
60.654998779296875
60.689998626708984
60.69499969482422
60.63999938964844
60.63999938964844
60.650001525878906
60.68000030517578
60.630001068115234
60.61000061035156
60.564998626708984
60.525001525878906
60.474998474121094
60.459999084472656
60.47999954223633
60.5099983215332
60.459999084472656
60.4119987487793
60.42499923706055
60.435001373291016
60.43000030517578
60.459999084472656
60.525001525878906
60.519901275634766
60.5099983215332
60.52320098876953
60.5099983215332
60.53499984741211
60.4900016784668
60.470001220703125
60.44499969482422
60.45000076293945
60.42499923706055
60.34000015258789
60.31999969482422
60.31269836425781
60.275001525878906
60.25
60.270999908447266
60.2400016784668
60.2599983215332
60.21500015258789
60.29499816894531
60.310001373291016
60.279998779296875
60.290000915527344
60.244998931884766
60.310001373291016
60.31999969482422
60.290000915527344
60.29999923706055
60.27000045776367
60.255001068115234
60.220001220703125
60.18000030517578
60.189998626708984
60.19499969482422
60.22999954223633
60.189998626708984
60.209999084472656
60.220001220703125
60.22570037841797
60.25
60.209999084472656
60.20000076293945
60.220001220703125
60.22999954223633
60.2400016784668
60.2400016784668
60.275001525878906
60.275001525878906
60.29499816894531
60.33000183105469
60.334999084472656
60.32500076293945
60.3650016784668
60.369998931884766
60.34000015258789
60.31999969482422
60.310001373291016
60.31999969482422
60.31999969482422
60.35499954223633
60.380001068115234
60.400001525878906
60.3650016784668
60.3745002746582
60.380001068115234
60.34000015258789
60.3650016784668
60.349998474121094
60.345001220703125
60.349998474121094
60.31999969482422
60.34000015258789
60.310001373291016
60.30910110473633
60.279998779296875
60.290000915527344
60.31999969482422
60.30500030517578
60.31529998779297
60.27000045776367
60.2400016784668
60.23500061035156
60.255001068115234
60.23500061035156
60.255001068115234
60.26499938964844
60.26729965209961
60.27619934082031
60.27000045776367
60.24420166015625
60.220001220703125
60.224998474121094
60.2599983215332
60.275001525878906
60.27000045776367
60.279998779296875
60.27000045776367
60.275001525878906
60.279998779296875
60.279998779296875
60.255001068115234
60.23500061035156
60.22999954223633
60.224998474121094
60.21369934082031
60.209999084472656
60.20500183105469
60.22999954223633
60.21009826660156
60.220001220703125
60.2140007019043
60.209999084472656
60.224700927734375
60.22999954223633
60.2400016784668
60.27000045776367
60.29499816894531
60.30009841918945
60.290000915527344
60.27000045776367
60.244998931884766
60.244998931884766
60.246700286865234
60.27000045776367
60.244998931884766
60.255001068115234
60.26530075073242
60.28499984741211
60.314998626708984
60.345001220703125
60.28499984741211
60.26499938964844
60.29499816894531
60.2599983215332
60.28499984741211
60.279998779296875
60.26499938964844
60.2400016784668
60.2400016784668
60.26499938964844
60.2401008605957
60.224998474121094
60.22999954223633
60.275001525878906
60.28499984741211
60.29499816894531
60.29499816894531
60.30500030517578
60.29999923706055
60.29499816894531
60.28499984741211
60.28499984741211
60.28499984741211
60.279998779296875
60.279998779296875
60.29499816894531
60.30500030517578
60.275001525878906
60.275001525878906
60.30500030517578
60.314998626708984
60.33000183105469
60.33000183105469
60.334999084472656
60.334999084472656
60.33000183105469
60.345001220703125
60.3849983215332
60.38999938964844
60.375
60.3849983215332
60.38999938964844
60.38999938964844
60.3849983215332
60.375
60.34000015258789
60.367000579833984
60.384300231933594
60.39080047607422
60.40999984741211
60.400001525878906
60.380001068115234
60.36000061035156
60.380001068115234
60.3650016784668
60.349998474121094
60.3650016784668
60.39699935913086
60.39500045776367
60.375
60.36000061035156
60.35380172729492
60.3650016784668
60.33000183105469
60.31999969482422
60.314998626708984
60.31999969482422
60.314998626708984
60.310001373291016
60.29499816894531
60.29999923706055
60.29999923706055
60.29999923706055
60.308101654052734
60.31079864501953
60.32569885253906
60.33000183105469
60.31999969482422
60.32500076293945
60.32500076293945
60.32500076293945
60.28499984741211
60.2599983215332
60.25
60.255001068115234
60.27000045776367
60.27000045776367
60.2599983215332
60.26499938964844
60.28010177612305
60.28010177612305
60.279998779296875
60.2599983215332
60.2599983215332
60.27000045776367
60.26499938964844
60.25
60.244998931884766
60.23500061035156
60.22999954223633
60.22999954223633
60.220001220703125
60.209999084472656
60.209999084472656
60.19499969482422
60.20500183105469
60.17679977416992
60.16999816894531
60.185001373291016
60.20000076293945
60.189998626708984
60.185001373291016
60.185001373291016
60.20500183105469
60.185001373291016
60.18000030517578
60.189998626708984
60.189998626708984
60.165000915527344
60.19900131225586
60.212501525878906
60.209999084472656
60.22990036010742
60.22570037841797
60.23500061035156
60.244998931884766
60.2400016784668
60.23500061035156
60.22700119018555
60.20500183105469
60.19499969482422
60.20500183105469
60.20500183105469
60.20000076293945
60.20000076293945
60.224998474121094
60.224998474121094
60.224998474121094
60.21500015258789
60.20000076293945
60.20500183105469
60.20500183105469
60.209999084472656
60.19499969482422
60.20500183105469
60.224098205566406
60.255001068115234
60.234100341796875
60.23500061035156
60.233001708984375
60.26499938964844
60.281898498535156
60.27539825439453
60.290000915527344
60.290000915527344
60.30500030517578
60.30500030517578
60.310001373291016
60.30500030517578
60.29999923706055
60.310001373291016
60.30699920654297
60.30059814453125
60.30500030517578
60.30500030517578
60.29499816894531
60.290000915527344
60.29499816894531
60.30500030517578
60.310001373291016
60.314998626708984
60.32500076293945
60.33679962158203
60.28499984741211
60.290000915527344
60.29999923706055
60.30500030517578
60.310001373291016
60.314998626708984
60.32500076293945
60.349998474121094
60.3650016784668
60.3650016784668
60.35499954223633
60.35499954223633
60.345001220703125
60.35499954223633
60.35499954223633
60.36000061035156
60.36000061035156
60.369998931884766
60.394901275634766
60.41999816894531
60.45000076293945
60.459999084472656
60.46500015258789
60.470001220703125
60.459999084472656
60.47829818725586
60.52000045776367
60.5099983215332
60.48500061035156
60.46500015258789
60.45500183105469
60.470001220703125
60.49250030517578
60.474998474121094
60.470001220703125
60.474998474121094
60.48500061035156
60.49660110473633
60.5
60.494998931884766
60.502498626708984
60.5
60.496700286865234
60.518798828125
60.513999938964844
60.505001068115234
60.4900016784668
60.494998931884766
60.5099983215332
60.51499938964844
60.52000045776367
60.48500061035156
60.505001068115234
60.5099983215332
60.505001068115234
60.494998931884766
60.494998931884766
60.5
60.5099983215332
60.52000045776367
60.540000915527344
60.55500030517578
60.55500030517578
60.564998626708984
60.560001373291016
60.56999969482422
60.584999084472656
60.564998626708984
60.56769943237305
60.54499816894531
60.53010177612305
60.53499984741211
60.540000915527344
60.54499816894531
60.53499984741211
60.53990173339844
60.55500030517578
60.55500030517578
60.559898376464844
60.53499984741211
60.55649948120117
60.58000183105469
60.589298248291016
60.58000183105469
60.56909942626953
60.58000183105469
60.60499954223633
60.59000015258789
60.58000183105469
60.595001220703125
60.6150016784668
60.61880111694336
60.619998931884766
60.640899658203125
60.63999938964844
60.63999938964844
60.625
60.595001220703125
60.59000015258789
60.56999969482422
60.5629997253418
60.57500076293945
60.54999923706055
60.55500030517578
60.540000915527344
60.53499984741211
60.525001525878906
60.525001525878906
60.51499938964844
60.51499938964844
60.49549865722656
60.494998931884766
60.4900016784668
60.470001220703125
60.4900016784668
60.47999954223633
60.459999084472656
60.45500183105469
60.45500183105469
60.44499969482422
60.43000030517578
60.43000030517578
60.42499923706055
60.415000915527344
60.41389846801758
60.39500045776367
60.39500045776367
60.39500045776367
60.39500045776367
60.4025993347168
60.416099548339844
60.43000030517578
60.40380096435547
60.404998779296875
60.39500045776367
60.39500045776367
60.3849983215332
60.404998779296875
60.404998779296875
60.415000915527344
60.415000915527344
60.43989944458008
60.44499969482422
60.45000076293945
60.45500183105469
60.44499969482422
60.45500183105469
60.459999084472656
60.439998626708984
60.439998626708984
60.45500183105469
60.470001220703125
60.45500183105469
60.45500183105469
60.48360061645508
60.45500183105469
60.44499969482422
60.46500015258789
60.46500015258789
60.474998474121094
60.474998474121094
60.474998474121094
60.475101470947266
60.48500061035156
60.5
60.494998931884766
60.48500061035156
60.474998474121094
60.41550064086914
60.404998779296875
60.3849983215332
60.3849983215332
60.38999938964844
60.404998779296875
60.39500045776367
60.3849983215332
60.35499954223633
60.3650016784668
60.369998931884766
60.3650016784668
60.3650016784668
60.375
60.3650016784668
60.39500045776367
60.404998779296875
60.42300033569336
60.46500015258789
60.46500015258789
60.46500015258789
60.474998474121094
60.474998474121094
60.48500061035156
60.53499984741211
60.51499938964844
60.49980163574219
60.494300842285156
60.505001068115234
60.494998931884766
60.4900016784668
60.5
60.48500061035156
60.505001068115234
60.505001068115234
60.48500061035156
60.474998474121094
60.45000076293945
60.45500183105469
60.44499969482422
60.45500183105469
60.45899963378906
60.45000076293945
60.48500061035156
60.497501373291016
60.48500061035156
60.505001068115234
60.494998931884766
60.5098991394043
60.5
60.505001068115234
60.4906005859375
60.505001068115234
60.51499938964844
60.54999923706055
60.57500076293945
60.58000183105469
60.599998474121094
60.57500076293945
60.56999969482422
60.599998474121094
60.6150016784668
60.60900115966797
60.584999084472656
60.60499954223633
60.60499954223633
60.619998931884766
60.594398498535156
60.599998474121094
60.58000183105469
60.560001373291016
60.53499984741211
60.529998779296875