259.45001220703125
259.45001220703125
259.6300048828125
259.8299865722656
259.6199951171875
259.5299987792969
259.7900085449219
259.5799865722656
259.55999755859375
259.70001220703125
259.69000244140625
259.7149963378906
259.6499938964844
259.510009765625
259.5400085449219
259.1400146484375
259.5047912597656
259.8949890136719
259.5199890136719
259.3999938964844
259.2799987792969
259.1300048828125
258.5799865722656
258.5150146484375
258.739990234375
258.5
258.9700012207031
258.8599853515625
258.5400085449219
258.44000244140625
258.4599914550781
258.67999267578125
258.6300048828125
258.6700134277344
258.7149963378906
258.7650146484375
258.7799987792969
258.5799865722656
258.54998779296875
258.31500244140625
258.375
258.1199951171875
258.05499267578125
257.9100036621094
257.7799987792969
257.8299865722656
257.9549865722656
258.1741943359375
258.1099853515625
258.15850830078125
258.29998779296875
258.30999755859375
257.9200134277344
258.0400085449219
257.7300109863281
257.89990234375
257.80999755859375
257.8299865722656
257.6604919433594
257.5400085449219
257.5400085449219
257.4599914550781
257.8320007324219
258.07501220703125
258.06500244140625
257.9599914550781
257.8299865722656
257.6449890136719
257.739990234375
257.7149963378906
257.7799987792969
257.69000244140625
257.8999938964844
257.8999938964844
257.83990478515625
257.9049987792969
257.9800109863281
257.9800109863281
257.9800109863281
257.760009765625
257.739990234375
257.70001220703125
257.55999755859375
257.4700012207031
257.4700012207031
257.54998779296875
257.5140075683594
257.7090148925781
257.7699890136719
257.87811279296875
257.9446105957031
257.7900085449219
257.8500061035156
257.7799987792969
257.625
257.55999755859375
257.55499267578125
257.57501220703125
257.5299987792969
257.260009765625
257.30999755859375
257.3599853515625
257.4100036621094
257.5400085449219
257.5050048828125
257.4750061035156
257.5400085449219
257.2799987792969
257.2900085449219
257.2650146484375
257.1700134277344
257.29998779296875
257.2200012207031
257.37030029296875
257.3900146484375
257.3009033203125
257.3009033203125
257.260009765625
257.1400146484375
257.05999755859375
256.9591979980469
256.8999938964844
257.07000732421875
257.010009765625
257.0
257.1000061035156
257.0050048828125
256.95001220703125
256.8399963378906
256.70001220703125
256.7200012207031
256.67999267578125
256.8900146484375
257.04998779296875
257.04998779296875
257.2049865722656
257.0899963378906
257.2099914550781
257.3999938964844
257.2699890136719
257.2699890136719
257.2699890136719
257.25
257.1300048828125
257.07000732421875
257.1099853515625
256.989990234375
256.9800109863281
256.92999267578125
257.0199890136719
257.1000061035156
257.0249938964844
257.0299987792969
257.0299987792969
256.9706115722656
256.9599914550781
256.8500061035156
256.7900085449219
256.7349853515625
256.6600036621094
256.95001220703125
256.9649963378906
256.9599914550781
256.9549865722656
257.0799865722656
257.0799865722656
257.1300048828125
257.1499938964844
257.2051086425781
257.1600036621094
257.1300048828125
257.1199951171875
257.0
256.8999938964844
256.8999938964844
256.75
256.760009765625
256.7650146484375
256.6604919433594
256.69000244140625
256.5400085449219
256.5799865722656
256.55999755859375
256.6199951171875
256.4849853515625
256.5299987792969
256.5199890136719
256.5400085449219
256.40948486328125
256.30999755859375
256.25
256.0899963378906
256.19000244140625
256.18951416015625
256.1300048828125
256.2099914550781
256.1650085449219
256.1400146484375
255.94000244140625
255.73629760742188
255.61000061035156
255.5800018310547
255.80999755859375
255.852294921875
255.94000244140625
256.0400085449219
256.20001220703125
256.21990966796875
256.1400146484375
256.0971984863281
256.0249938964844
256.1099853515625
256.07000732421875
255.9600067138672
256.0799865722656
256.114990234375
256.09429931640625
256.2900085449219
256.30999755859375
256.239990234375
256.1700134277344
256.1400146484375
256.1400146484375
256.07501220703125
256.0755920410156
256.1400146484375
255.9600067138672
256.0199890136719
256.14239501953125
256.05499267578125
256.0425109863281
256.1449890136719
256.1050109863281
256.1499938964844
256.385009765625
256.4200134277344
256.43499755859375
256.5315856933594
256.3699951171875
256.4700012207031
256.5299987792969
256.57000732421875
256.6401062011719
256.5849914550781
256.6199951171875
256.55499267578125
256.54998779296875
256.5237121582031
256.6000061035156
256.5299987792969
256.75
256.7799987792969
256.67999267578125
256.6300048828125
256.5899963378906
256.6099853515625
256.69000244140625
256.6499938964844
256.739990234375
256.8299865722656
256.8599853515625
256.8699951171875
256.7799987792969
256.6300048828125
256.6400146484375
256.67999267578125
256.5400085449219
256.57000732421875
256.57000732421875
256.6300048828125
256.67999267578125
256.6499938964844
256.7300109863281
256.69000244140625
256.6400146484375
256.7200012207031
256.7315979003906
256.739990234375
256.7799987792969
256.7796936035156
256.7200012207031
256.7799987792969
256.7099914550781
256.593994140625
256.593994140625
256.6449890136719
256.614990234375
256.6700134277344
256.6400146484375
256.6300048828125
256.69000244140625
256.6099853515625
256.614990234375
256.7698974609375
256.75
256.9100036621094
256.7650146484375
256.7650146484375
256.8800048828125
256.79998779296875
256.7699890136719
256.5299987792969
256.6000061035156
256.6000061035156
256.6000061035156
256.6099853515625
256.5799865722656
256.739990234375
256.739990234375
256.7149963378906
256.6700134277344
256.6700134277344
256.7200012207031
256.79998779296875
256.81890869140625
256.760009765625
256.6099853515625
256.6199951171875
256.6199951171875
256.6300048828125
256.6499938964844
256.6199951171875
256.5400085449219
256.45001220703125
256.5199890136719
256.3800048828125
256.30999755859375
256.3699951171875
256.3699951171875
256.45001220703125
256.4200134277344
256.3900146484375
256.3900146484375
256.3900146484375
256.239990234375
256.239990234375
256.2673034667969
256.3900146484375
256.3699951171875
256.3699951171875
256.3699951171875
256.3699951171875
256.4898986816406
256.45001220703125
256.57000732421875
256.5646057128906
256.56500244140625
256.67730712890625
256.5799865722656
256.44500732421875
256.29998779296875
256.32501220703125
256.2799987792969
256.17498779296875
256.2900085449219
256.3048095703125
256.3500061035156
256.3399963378906
256.3219909667969
256.3219909667969
256.2699890136719
256.2699890136719
256.32000732421875
256.29998779296875
256.3699951171875
256.510009765625
256.510009765625
256.510009765625
256.510009765625
256.510009765625
256.510009765625
256.6600036621094
256.6600036621094
256.6000061035156
256.54998779296875
256.3800964355469
256.4800109863281
256.510009765625
256.510009765625
256.4599914550781
256.44500732421875
256.42498779296875
256.42498779296875
256.3699951171875
256.4100036621094
256.4800109863281
256.4549865722656
256.4549865722656
256.4200134277344
256.4200134277344
256.4800109863281
256.52789306640625
256.4399108886719
256.4399108886719
256.4599914550781
256.4599914550781
256.4599914550781
256.45001220703125
256.45989990234375
256.510009765625
256.3800048828125
256.3599853515625
256.4010009765625
256.4010009765625
256.5799865722656
256.6199951171875
256.7200012207031
256.7099914550781
256.8900146484375
256.9200134277344
256.9200134277344
256.8299865722656
256.8949890136719
256.94000244140625
257.1499938964844
257.0299987792969
257.0299987792969
257.0899963378906
256.9700012207031
257.0799865722656
257.0643005371094
256.9649963378906
257.1499938964844
257.1499938964844
257.07000732421875
257.0400085449219
257.1400146484375
257.1400146484375
257.17498779296875
257.17498779296875
257.1499938964844
256.9501037597656
256.989990234375
256.9700012207031
256.9440002441406
257.0400085449219
257.1986083984375
257.20001220703125
257.2203063964844
257.2633056640625
257.3699951171875
257.4100036621094
257.3399963378906
257.2663879394531
257.29998779296875
257.2236022949219
257.3800048828125
257.3999938964844
257.4200134277344
257.4200134277344
257.55010986328125
257.57000732421875
257.643310546875
257.6700134277344
257.7699890136719
257.70001220703125
257.75
257.8500061035156
257.88079833984375
257.760009765625
257.70001220703125
257.5849914550781
257.6000061035156
257.6700134277344
257.70001220703125
257.6650085449219
257.6099853515625
257.5299987792969
257.6000061035156
257.5899963378906
257.55999755859375
257.4949951171875
257.3699951171875
257.3900146484375
257.45001220703125
257.42999267578125
257.510009765625
257.510009765625
257.510009765625
257.6700134277344
257.6199951171875
257.494384765625
257.54998779296875
257.6000061035156
257.6199951171875
257.6199951171875
257.6099853515625
257.5799865722656
257.614990234375
257.6000061035156
257.65570068359375
257.6000061035156
257.7449951171875
257.760009765625
257.7799987792969
257.7799987792969
257.80499267578125
257.6610107421875
257.6404113769531
257.7099914550781
257.69000244140625
257.75
257.5299987792969
257.5899963378906
257.6099853515625
257.6099853515625
257.4700012207031
257.510009765625
257.5028991699219
257.4700012207031
257.54998779296875
257.5299987792969
257.60040283203125
257.6549987792969
257.635009765625
257.635009765625
257.6099853515625
257.6600036621094
257.6300048828125
257.6499938964844
257.70001220703125
257.55999755859375
257.55999755859375
257.55999755859375
257.6600036621094
257.614013671875
257.614013671875
257.7099914550781
257.7471008300781
257.739990234375
257.6695861816406
257.7300109863281
257.7200012207031
257.7850036621094
257.8432922363281
257.82000732421875
257.8699951171875
257.85198974609375
257.85198974609375
258.0299987792969
258.0199890136719
257.989990234375
258.07000732421875
258.17999267578125
258.0899963378906
258.30999755859375
258.3699951171875
258.21990966796875
258.2699890136719
258.32501220703125
258.30499267578125
258.2699890136719
258.256103515625
258.239990234375
258.19000244140625
258.310302734375
258.3800048828125
258.2952880859375
258.2250061035156
258.2900085449219
258.19000244140625
258.17999267578125
258.19500732421875
258.2099914550781
258.19000244140625
258.2200012207031
258.2200012207031
258.29998779296875
258.25
258.32000732421875
258.3500061035156
258.31500244140625
258.3230895996094
258.3399963378906
258.3599853515625
258.3699951171875
258.4100036621094
258.3599853515625
258.3999938964844
258.4949951171875
258.54998779296875
258.5799865722656
258.6099853515625
258.760009765625
258.739990234375
258.8800048828125
258.8299865722656
258.82501220703125
258.8999938964844
258.8299865722656
258.760009765625
258.739990234375
258.6300048828125
258.6099853515625
258.760009765625
258.70001220703125
258.6600036621094
258.5295104980469
258.57000732421875
258.5299987792969
258.57000732421875
258.5199890136719
258.635009765625
258.6499938964844
258.6499938964844
258.75
258.7699890136719
258.75
258.93701171875
258.79998779296875
258.95001220703125
258.92498779296875
259.0299987792969
259.1199951171875
259.1700134277344
259.2200012207031
259.20001220703125
259.19000244140625
259.09161376953125
259.0299987792969
259.07000732421875
259.0799865722656
259.1199951171875
259.05999755859375
259.0899963378906
259.0799865722656
259.0450134277344
258.9800109863281
258.94000244140625
258.94000244140625
259.04998779296875
258.9599914550781
258.9599914550781
