166.02000427246094
166.02000427246094
165.72000122070312
166.11000061035156
165.97999572753906
165.77000427246094
165.72999572753906
165.91000366210938
165.94000244140625
165.95399475097656
166.0399932861328
166.00999450683594
166.39999389648438
166.6999969482422
166.74000549316406
166.7100067138672
166.92999267578125
166.875
166.8699951171875
166.64999389648438
166.2263946533203
166.52000427246094
166.10000610351562
166.07000732421875
165.6699981689453
165.69400024414062
165.58999633789062
165.55999755859375
165.51499938964844
165.42689514160156
165.3000030517578
165.3000030517578
165.02999877929688
165.13499450683594
165.2960968017578
165.38999938964844
165.39999389648438
165.50999450683594
165.58380126953125
165.55499267578125
165.67999267578125
165.8596954345703
165.6699981689453
165.64999389648438
165.64999389648438
165.67140197753906
165.75999450683594
165.80889892578125
165.83999633789062
165.77999877929688
165.71499633789062
165.72740173339844
165.5449981689453
165.50999450683594
165.5399932861328
165.3000030517578
165.24879455566406
165.2100067138672
165.0399932861328
165.05999755859375
164.82000732421875
164.82000732421875
165.0
165.38279724121094
165.3618927001953
165.35000610351562
165.4499969482422
165.37989807128906
165.47000122070312
165.4199981689453
165.47999572753906
165.49000549316406
165.7100067138672
165.58999633789062
165.6300048828125
165.7050018310547
165.6999969482422
165.6699981689453
165.58999633789062
165.6199951171875
165.5
165.73500061035156
165.52000427246094
165.52000427246094
165.27999877929688
165.32200622558594
165.38499450683594
165.72999572753906
165.71499633789062
165.8800048828125
165.88999938964844
166.0
166.02999877929688
165.94000244140625
165.58999633789062
165.60000610351562
165.63499450683594
165.60499572753906
165.44500732421875
165.3699951171875
165.13999938964844
165.44000244140625
165.51499938964844
165.6750030517578
165.72000122070312
165.5500030517578
165.6699981689453
165.4600067138672
165.64500427246094
165.63999938964844
165.59500122070312
165.6699981689453
165.60499572753906
165.77499389648438
165.8800048828125
165.8249969482422
165.99000549316406
166.10000610351562
165.88999938964844
165.64999389648438
165.6199951171875
165.53399658203125
165.7050018310547
166.0
165.9199981689453
165.86000061035156
165.7899932861328
165.66000366210938
165.6750030517578
165.69000244140625
165.52000427246094
165.50999450683594
165.49000549316406
165.61500549316406
165.60899353027344
165.69000244140625
165.72000122070312
165.8000030517578
165.91000366210938
165.8699951171875
165.8699951171875
165.8699951171875
165.7949981689453
165.70799255371094
165.77999877929688
165.7100067138672
165.625
165.52000427246094
165.80999755859375
165.8000030517578
165.8699951171875
165.8699951171875
165.7899932861328
165.8885955810547
165.72999572753906
165.88999938964844
165.8249969482422
165.77000427246094
165.72500610351562
165.71499633789062
165.875
165.77999877929688
165.73150634765625
165.7550048828125
165.78500366210938
165.8800048828125
165.88999938964844
165.8800048828125
165.9499969482422
165.9499969482422
166.02000427246094
166.07000732421875
166.0500030517578
166.0500030517578
165.99000549316406
165.99000549316406
165.9949951171875
166.07000732421875
166.05499267578125
166.11500549316406
166.1011962890625
166.27000427246094
166.27999877929688
166.2949981689453
166.2100067138672
166.1300048828125
166.1300048828125
166.24000549316406
166.13999938964844
166.10000610351562
165.88999938964844
166.02000427246094
165.9550018310547
166.0500030517578
166.05999755859375
166.07000732421875
165.89999389648438
165.88999938964844
165.8697052001953
165.75
165.7899932861328
165.75880432128906
165.80999755859375
165.85000610351562
165.91000366210938
166.08999633789062
166.1486053466797
166.10499572753906
166.0500030517578
166.00999450683594
165.99000549316406
165.9600067138672
165.91000366210938
165.81500244140625
165.86000061035156
165.9250030517578
165.8800048828125
166.07000732421875
166.0399932861328
166.01499938964844
166.03990173339844
166.0749969482422
165.9949951171875
165.9149932861328
165.8699951171875
165.8699951171875
165.96400451660156
165.77000427246094
165.77000427246094
165.6999969482422
165.6750030517578
165.63999938964844
165.65499877929688
165.67999267578125
165.57000732421875
165.61000061035156
165.5
165.44000244140625
165.5
165.53500366210938
165.5
165.38999938964844
165.4364013671875
165.39500427246094
165.47000122070312
165.5
165.49000549316406
165.4250030517578
165.46820068359375
165.44000244140625
165.5800018310547
165.57000732421875
165.5050048828125
165.5399932861328
165.47999572753906
165.4199981689453
165.58999633789062
165.6300048828125
165.66000366210938
165.6199951171875
165.6199951171875
165.52999877929688
165.50999450683594
165.5399932861328
165.5
165.5424041748047
165.43310546875
165.42999267578125
165.4600067138672
165.5
165.51499938964844
165.59939575195312
165.75
165.63999938964844
165.6199951171875
165.63999938964844
165.7050018310547
165.7050018310547
165.72000122070312
165.6999969482422
165.74000549316406
165.7570037841797
165.69500732421875
165.69500732421875
165.67999267578125
165.79849243164062
165.71499633789062
165.71499633789062
165.69000244140625
165.75999450683594
165.7100067138672
165.69090270996094
165.74000549316406
165.8000030517578
165.8000030517578
165.8000030517578
165.83999633789062
165.78500366210938
165.86500549316406
165.9149932861328
165.80499267578125
165.80499267578125
165.80499267578125
165.72999572753906
165.72000122070312
165.77999877929688
165.84730529785156
165.92999267578125
166.0
166.0
165.91000366210938
165.92999267578125
165.95050048828125
166.02000427246094
166.0
165.8350067138672
165.80499267578125
165.82000732421875
165.7899932861328
165.8000030517578
165.8800048828125
165.75579833984375
165.61000061035156
165.5500030517578
165.4600067138672
165.48280334472656
165.5050048828125
165.5399932861328
165.52000427246094
165.47999572753906
165.4600067138672
165.4149932861328
165.43580627441406
165.36000061035156
165.42990112304688
165.3800048828125
165.4499969482422
165.5399932861328
165.63999938964844
165.67999267578125
165.6699981689453
165.63999938964844
165.6999969482422
165.6999969482422
165.7100067138672
165.72000122070312
165.72000122070312
165.72000122070312
165.69000244140625
165.55999755859375
165.625
165.6999969482422
165.60000610351562
165.6199951171875
165.58889770507812
165.63800048828125
165.52099609375
165.5189971923828
165.34500122070312
165.34500122070312
165.34500122070312
165.4199981689453
165.38999938964844
165.4499969482422
165.44000244140625
165.493896484375
165.40499877929688
165.48959350585938
165.48959350585938
165.47999572753906
165.52499389648438
165.47000122070312
165.52020263671875
165.50999450683594
165.52499389648438
165.5500030517578
165.52999877929688
165.52999877929688
165.52999877929688
165.52999877929688
165.5800018310547
165.58999633789062
165.5500030517578
165.50999450683594
165.47999572753906
165.47999572753906
165.55999755859375
165.51499938964844
165.55999755859375
165.61000061035156
165.610107421875
165.64500427246094
165.6199951171875
165.6649932861328
165.71499633789062
165.72000122070312
165.67999267578125
165.6699981689453
165.74000549316406
165.77000427246094
165.77000427246094
165.77000427246094
165.8300018310547
165.85000610351562
165.8699951171875
165.8800048828125
165.8800048828125
165.8300018310547
165.86000061035156
165.88999938964844
165.88999938964844
165.9199981689453
165.94000244140625
166.0
166.0500030517578
166.02000427246094
166.0399932861328
166.05999755859375
166.25100708007812
166.25
166.26370239257812
166.24000549316406
166.24000549316406
166.14779663085938
166.14779663085938
166.19000244140625
166.17140197753906
166.1750030517578
166.24000549316406
166.24000549316406
166.19000244140625
166.11000061035156
166.1199951171875
166.13999938964844
166.0749969482422
166.10000610351562
166.33999633789062
166.39999389648438
166.41940307617188
166.4199981689453
166.49000549316406
166.59779357910156
166.52999877929688
166.46600341796875
166.42999267578125
166.4199981689453
166.3699951171875
166.36500549316406
166.39500427246094
166.3699951171875
166.3813018798828
166.52000427246094
166.6199951171875
166.63999938964844
166.58999633789062
166.5124053955078
166.52000427246094
166.6199951171875
166.60000610351562
166.5500030517578
166.49229431152344
166.47000122070312
166.52999877929688
166.6199951171875
166.6750030517578
166.67340087890625
166.55999755859375
166.58999633789062
166.6623992919922
166.66000366210938
166.60850524902344
166.5399932861328
166.64999389648438
166.6699981689453
166.72000122070312
166.8300018310547
166.67999267578125
166.6999969482422
166.69500732421875
166.68499755859375
166.6750030517578
166.69000244140625
166.77000427246094
166.8101043701172
166.889404296875
166.85000610351562
166.86500549316406
166.83999633789062
166.90859985351562
166.8699951171875
166.83999633789062
166.8300018310547
166.85000610351562
166.8800048828125
166.91920471191406
166.94000244140625
166.889892578125
166.7949981689453
166.80999755859375
166.84500122070312
166.88580322265625
166.8000030517578
166.75999450683594
166.85000610351562
166.7100067138672
166.6999969482422
166.75
166.6199951171875
166.56719970703125
166.64999389648438
166.72999572753906
166.67999267578125
166.61000061035156
166.6300048828125
166.6300048828125
166.6199951171875
166.58999633789062
166.5800018310547
166.61000061035156
166.65499877929688
166.63999938964844
166.61000061035156
166.73500061035156
166.76499938964844
166.74000549316406
166.72999572753906
166.69960021972656
166.74000549316406
166.76499938964844
166.80999755859375
166.8800048828125
166.9199981689453
166.8300018310547
166.99000549316406
166.93499755859375
166.9499969482422
166.91000366210938
166.8300018310547
166.81500244140625
166.94000244140625
166.86000061035156
166.92999267578125
167.0800018310547
167.10000610351562
167.15499877929688
167.17999267578125
167.1999969482422
167.16000366210938
167.1199951171875
167.22000122070312
167.24000549316406
167.27000427246094
167.17999267578125
167.2050018310547
167.25030517578125
167.2899932861328
167.2899932861328
167.24000549316406
167.25999450683594
167.2050018310547
167.1999969482422
167.25
167.1750030517578
167.2115936279297
167.25999450683594
167.2313995361328
167.19000244140625
167.19000244140625
167.1699981689453
167.27000427246094
167.25999450683594
167.30499267578125
167.3000030517578
167.2899932861328
167.25
167.3300018310547
167.32000732421875
167.2899932861328
167.32000732421875
167.2899932861328
167.30999755859375
167.34559631347656
167.36000061035156
167.36000061035156
167.38999938964844
167.4499969482422
167.38999938964844
167.39999389648438
167.3699951171875
167.38499450683594
167.39999389648438
167.4199981689453
167.39999389648438
167.49000549316406
167.55499267578125
167.4499969482422
167.4600067138672
167.3350067138672
167.3800048828125
167.3000030517578
167.2899932861328
167.3249969482422
167.36000061035156
167.45989990234375
167.41000366210938
167.42999267578125
167.50999450683594
167.50990295410156
167.67999267578125
167.52999877929688
167.66000366210938
167.58999633789062
167.6699981689453
167.7100067138672
167.72999572753906
167.86000061035156
167.8300018310547
167.8800048828125
167.8000030517578
167.72999572753906
167.7949981689453
167.8000030517578
167.72500610351562
167.66000366210938
167.60000610351562
167.5
167.52000427246094
167.50999450683594
167.50999450683594
167.52499389648438
167.49000549316406
167.4600067138672
167.4600067138672
