81.4800033569336
81.4800033569336
81.57499694824219
81.66999816894531
81.83999633789062
81.7760009765625
81.74259948730469
81.80999755859375
81.79000091552734
81.6500015258789
81.6500015258789
81.66000366210938
81.66999816894531
81.72669982910156
81.79000091552734
81.76000213623047
81.91300201416016
81.8499984741211
81.87000274658203
81.79000091552734
81.83999633789062
82.0
81.97750091552734
82.02999877929688
82.06500244140625
82.04000091552734
82.02999877929688
81.99500274658203
81.94000244140625
81.9800033569336
81.8949966430664
81.87999725341797
81.69000244140625
81.79000091552734
81.7300033569336
81.7300033569336
81.59239959716797
81.58000183105469
81.66999816894531
81.56999969482422
81.48999786376953
81.47000122070312
81.41999816894531
81.55000305175781
81.54000091552734
81.55999755859375
81.63999938964844
81.5999984741211
81.58999633789062
81.51499938964844
81.51000213623047
81.53500366210938
81.54499816894531
81.61000061035156
81.58000183105469
81.52999877929688
81.52999877929688
81.5250015258789
81.53579711914062
81.62000274658203
81.5999984741211
81.6500015258789
81.69000244140625
81.80000305175781
81.80030059814453
81.9020004272461
81.814697265625
81.67500305175781
81.69999694824219
81.70999908447266
81.71769714355469
81.7699966430664
81.77999877929688
81.7300033569336
81.73999786376953
81.69999694824219
81.63999938964844
81.5885009765625
81.5999984741211
81.62000274658203
81.63999938964844
81.69000244140625
81.66000366210938
81.58999633789062
81.56999969482422
81.51000213623047
81.54000091552734
81.56999969482422
81.62999725341797
81.65679931640625
81.69499969482422
81.76000213623047
81.79000091552734
81.83999633789062
81.73999786376953
81.70999908447266
81.69000244140625
81.70999908447266
81.70999908447266
81.62000274658203
81.55999755859375
81.5199966430664
81.55000305175781
81.55000305175781
81.47000122070312
81.41000366210938
81.4800033569336
81.4000015258789
81.56500244140625
81.55000305175781
81.55999755859375
81.58999633789062
81.5199966430664
81.55999755859375
81.59500122070312
81.51000213623047
81.61000061035156
81.62999725341797
81.63999938964844
81.55000305175781
81.58499908447266
81.58000183105469
81.56999969482422
81.62000274658203
81.62000274658203
81.68900299072266
81.76000213623047
81.75499725341797
81.73999786376953
81.70500183105469
81.69000244140625
81.68000030517578
81.685302734375
81.73999786376953
81.76000213623047
81.75
81.7699966430664
81.81500244140625
81.81999969482422
81.80999755859375
81.80000305175781
81.88500213623047
81.8949966430664
81.8499984741211
81.83999633789062
81.82820129394531
81.79000091552734
81.7876968383789
81.79499816894531
81.7699966430664
81.7699966430664
81.7300033569336
81.72000122070312
81.75
81.62999725341797
81.64140319824219
81.56500244140625
81.58000183105469
81.62999725341797
81.61000061035156
81.5999984741211
81.55999755859375
81.572998046875
81.55999755859375
81.56999969482422
81.61000061035156
81.62999725341797
81.66000366210938
81.62000274658203
81.58499908447266
81.5999984741211
81.62999725341797
81.54000091552734
81.52999877929688
81.51000213623047
81.51000213623047
81.53500366210938
81.55000305175781
81.5250015258789
81.51499938964844
81.58999633789062
81.61499786376953
81.58499908447266
81.59500122070312
81.55000305175781
81.52239990234375
81.48999786376953
81.43499755859375
81.41999816894531
81.33499908447266
81.30999755859375
81.3949966430664
81.3949966430664
81.37000274658203
81.34500122070312
81.37999725341797
81.38770294189453
81.37000274658203
81.30000305175781
81.27999877929688
81.2750015258789
81.26499938964844
81.30000305175781
81.30500030517578
81.3550033569336
81.34500122070312
81.41999816894531
81.34500122070312
81.33999633789062
81.30000305175781
81.24500274658203
81.2699966430664
81.28500366210938
81.25
81.25
81.30000305175781
81.33000183105469
81.29499816894531
81.33000183105469
81.26499938964844
81.30999755859375
81.27999877929688
81.32499694824219
81.30000305175781
81.2699966430664
81.23999786376953
81.20999908447266
81.2699966430664
81.25499725341797
81.2300033569336
81.19999694824219
81.19249725341797
81.15499877929688
81.12999725341797
81.1050033569336
81.08499908447266
81.09500122070312
81.12999725341797
81.18000030517578
81.19999694824219
81.19000244140625
81.15499877929688
81.16000366210938
81.08999633789062
81.13500213623047
81.19000244140625
81.16000366210938
81.1500015258789
81.16000366210938
81.1449966430664
81.16500091552734
81.1500015258789
81.13999938964844
81.13500213623047
81.0999984741211
81.08000183105469
81.19999694824219
81.2156982421875
81.22000122070312
81.2699966430664
81.29499816894531
81.25499725341797
81.24440002441406
81.29499816894531
81.29000091552734
81.32499694824219
81.28500366210938
81.31999969482422
81.2750015258789
81.2750015258789
81.27880096435547
81.2699966430664
81.30999755859375
81.23999786376953
81.2300033569336
81.2300033569336
81.25
81.26000213623047
81.26499938964844
81.23500061035156
81.24690246582031
81.25499725341797
81.25499725341797
81.30999755859375
81.31500244140625
81.3499984741211
81.3499984741211
81.3499984741211
81.37000274658203
81.3550033569336
81.30999755859375
81.3113021850586
81.31500244140625
81.29000091552734
81.29499816894531
81.3324966430664
81.2249984741211
81.19000244140625
81.20999908447266
81.1615982055664
81.16500091552734
81.12999725341797
81.1500015258789
81.12000274658203
81.16000366210938
81.16290283203125
81.18000030517578
81.18000030517578
81.23999786376953
81.22000122070312
81.1769027709961
81.13999938964844
81.16000366210938
81.18000030517578
81.19000244140625
81.19999694824219
81.16999816894531
81.16000366210938
81.12000274658203
81.12200164794922
81.16500091552734
81.12000274658203
81.13999938964844
81.12000274658203
81.13999938964844
81.12760162353516
81.13009643554688
81.13500213623047
81.16500091552734
81.17500305175781
81.18000030517578
81.1792984008789
81.18000030517578
81.16000366210938
81.16999816894531
81.18000030517578
81.20999908447266
81.2249984741211
81.24500274658203
81.22000122070312
81.25
81.20999908447266
81.16999816894531
81.19499969482422
81.19000244140625
81.19000244140625
81.16500091552734
81.16500091552734
81.16000366210938
81.12000274658203
81.13999938964844
81.11000061035156
81.11000061035156
81.1449966430664
81.13999938964844
81.11000061035156
81.08000183105469
81.08000183105469
81.12999725341797
81.10700225830078
81.12999725341797
81.1500015258789
81.18000030517578
81.1572036743164
81.18000030517578
81.18879699707031
81.19750213623047
81.16999816894531
81.20999908447266
81.22000122070312
81.23999786376953
81.2300033569336
81.25499725341797
81.23989868164062
81.23999786376953
81.25
81.25
81.24500274658203
81.25
81.24500274658203
81.23500061035156
81.25
81.24629974365234
81.24500274658203
81.25
81.25
81.26000213623047
81.25
81.2780990600586
81.28500366210938
81.30999755859375
81.33000183105469
81.36000061035156
81.37000274658203
81.3550033569336
81.33000183105469
81.33999633789062
81.33999633789062
81.36499786376953
81.3949966430664
81.44000244140625
81.44999694824219
81.46549987792969
81.47000122070312
81.41500091552734
81.41000366210938
81.40499877929688
81.41999816894531
81.43000030517578
81.45999908447266
81.46849822998047
81.46499633789062
81.49839782714844
81.5
81.5199966430664
81.5199966430664
81.5250015258789
81.5199966430664
81.52860260009766
81.4749984741211
81.51000213623047
81.54499816894531
81.4800033569336
81.48500061035156
81.4749984741211
81.42620086669922
81.375
81.37999725341797
81.39659881591797
81.40499877929688
81.41000366210938
81.41000366210938
81.44000244140625
81.4530029296875
81.43000030517578
81.44499969482422
81.43499755859375
81.41000366210938
81.41000366210938
81.41999816894531
81.45500183105469
81.4552993774414
81.43150329589844
81.44000244140625
81.40499877929688
81.4000015258789
81.38500213623047
81.41500091552734
81.4198989868164
81.41000366210938
81.38999938964844
81.41999816894531
81.4000015258789
81.40519714355469
81.4000015258789
81.42500305175781
81.44029998779297
81.45999908447266
81.45500183105469
81.38999938964844
81.37000274658203
81.37999725341797
81.38999938964844
81.4000015258789
81.4000015258789
81.3843002319336
81.38999938964844
81.38500213623047
81.38500213623047
81.38420104980469
81.4000015258789
81.37000274658203
81.43810272216797
81.4800033569336
81.51000213623047
81.49169921875
81.48500061035156
81.5250015258789
81.5
81.5
81.46099853515625
81.4800033569336
81.5
81.48500061035156
81.4800033569336
81.48500061035156
81.46499633789062
81.46499633789062
81.45999908447266
81.46499633789062
81.45999908447266
81.46499633789062
81.46499633789062
81.46499633789062
81.44499969482422
81.47000122070312
81.48500061035156
81.44999694824219
81.49500274658203
81.51000213623047
81.47000122070312
81.45500183105469
81.47000122070312
81.4800033569336
81.46959686279297
81.43499755859375
81.4749984741211
81.4749984741211
81.48500061035156
81.4800033569336
81.47000122070312
81.49500274658203
81.48500061035156
81.47000122070312
81.49500274658203
81.5
81.4801025390625
81.48500061035156
81.48500061035156
81.48500061035156
81.48670196533203
81.49500274658203
81.48500061035156
81.48539733886719
81.48690032958984
81.48690032958984
81.49500274658203
81.5
81.48999786376953
81.51000213623047
81.5
81.5250015258789
81.5199966430664
81.55000305175781
81.55799865722656
81.58000183105469
81.56999969482422
81.57499694824219
81.61000061035156
81.63999938964844
81.61000061035156
81.62000274658203
81.66699981689453
81.68000030517578
81.6884994506836
81.72000122070312
81.70999908447266
81.68990325927734
81.69000244140625
81.70999908447266
81.73500061035156
81.73989868164062
81.75
81.73999786376953
81.7300033569336
81.75
81.73500061035156
81.75
81.70999908447266
81.71499633789062
81.69400024414062
81.74500274658203
81.72000122070312
81.75
81.74500274658203
81.73500061035156
81.73970031738281
81.7699966430664
81.7699966430664
81.76010131835938
81.76000213623047
81.78500366210938
81.79000091552734
81.80000305175781
81.80999755859375
81.81999969482422
81.82740020751953
81.83000183105469
81.88999938964844
81.88809967041016
81.88999938964844
81.90769958496094
81.8949966430664
81.91500091552734
81.87999725341797
81.88690185546875
81.88500213623047
81.92500305175781
81.91000366210938
81.92500305175781
81.93289947509766
81.91000366210938
81.91000366210938
81.91999816894531
81.90499877929688
81.88999938964844
81.87000274658203
81.87999725341797
81.88999938964844
81.87999725341797
81.875
81.90499877929688
81.92500305175781
81.92500305175781
81.94999694824219
81.95999908447266
81.96499633789062
81.93499755859375
81.94000244140625
81.93000030517578
81.94499969482422
81.94499969482422
81.96499633789062
81.97720336914062
81.98999786376953
82.05000305175781
82.01499938964844
82.0199966430664
82.002197265625
81.9749984741211
81.98429870605469
81.98500061035156
81.96499633789062
81.94999694824219
81.99500274658203
81.9800033569336
81.95500183105469
81.92500305175781
81.94000244140625
81.91500091552734
81.93000030517578
81.88999938964844
81.88999938964844