310.9800109863281
310.9800109863281
310.2699890136719
309.4750061035156
309.04998779296875
308.7049865722656
308.93798828125
309.1700134277344
309.1924133300781
309.489990234375
309.7300109863281
310.30999755859375
309.3500061035156
308.92999267578125
308.29998779296875
308.8299865722656
308.6499938964844
308.4198913574219
307.989990234375
308.5299987792969
308.4901123046875
307.9800109863281
307.3999938964844
307.3399963378906
306.9399108886719
307.3909912109375
307.3299865722656
307.5199890136719
307.45001220703125
307.57000732421875
307.1000061035156
306.94989013671875
307.114990234375
306.8800048828125
306.8550109863281
307.3800048828125
307.2200012207031
306.875
306.4700012207031
306.7101135253906
306.510009765625
306.9549865722656
306.8299865722656
306.7300109863281
306.6300048828125
306.5
306.2850036621094
306.3949890136719
306.4649963378906
306.70001220703125
306.9100036621094
306.9700012207031
306.1400146484375
306.2991027832031
305.60888671875
305.7900085449219
305.9599914550781
305.6600036621094
305.6708984375
305.70001220703125
305.57501220703125
305.66009521484375
305.8299865722656
306.0400085449219
306.0783996582031
305.8399963378906
305.5899963378906
305.7701110839844
306.1050109863281
305.5799865722656
305.6604919433594
305.5216064453125
305.79998779296875
305.79998779296875
305.7550048828125
306.2699890136719
306.55499267578125
306.1199951171875
306.1000061035156
306.1400146484375
306.1400146484375
305.9100036621094
305.82000732421875
305.7699890136719
306.20001220703125
305.989990234375
306.2674865722656
306.7803039550781
307.0400085449219
307.17498779296875
307.1549987792969
307.2699890136719
307.71661376953125
307.6000061035156
307.44000244140625
307.2799987792969
306.8900146484375
306.9418029785156
307.05999755859375
306.3500061035156
306.6199951171875
306.8399963378906
306.6283874511719
306.6099853515625
306.5
305.9599914550781
306.25
305.8399963378906
306.010009765625
305.67999267578125
305.7799987792969
306.2699890136719
306.3500061035156
306.31500244140625
306.2250061035156
306.4200134277344
306.5909118652344
306.6099853515625
306.3500061035156
306.30999755859375
306.1600036621094
305.80999755859375
305.81500244140625
305.95001220703125
305.57000732421875
305.7799987792969
305.67999267578125
305.7449951171875
305.90008544921875
305.8399963378906
305.8800048828125
305.92999267578125
306.05999755859375
306.260009765625
306.3999938964844
306.4549865722656
306.4399108886719
306.43499755859375
306.3900146484375
306.5299987792969
306.5150146484375
306.6099853515625
306.5799865722656
306.55499267578125
306.5199890136719
306.8299865722656
307.010009765625
306.9599914550781
307.05999755859375
307.30999755859375
307.7225036621094
307.57501220703125
307.0498962402344
307.0899963378906
306.9901123046875
307.2349853515625
307.0199890136719
306.864990234375
306.885009765625
306.989990234375
307.0150146484375
307.1600036621094
307.2349853515625
307.3599853515625
307.114990234375
307.1099853515625
307.07501220703125
307.1099853515625
306.9100036621094
306.9119873046875
306.856201171875
306.9549865722656
307.44500732421875
307.4100036621094
307.1499938964844
307.6700134277344
307.79150390625
307.9049987792969
307.8500061035156
307.6099853515625
307.5299987792969
307.2799987792969
307.4599914550781
307.0299987792969
306.885009765625
306.70001220703125
306.8764953613281
306.9750061035156
306.9100036621094
306.6600036621094
306.8901062011719
307.17999267578125
307.32501220703125
307.43011474609375
307.55999755859375
307.6099853515625
307.6408996582031
307.5899963378906
307.20001220703125
307.1099853515625
307.20001220703125
307.3800048828125
307.0950012207031
307.3999938964844
307.57000732421875
307.7200012207031
307.8550109863281
307.6199951171875
307.2699890136719
307.32501220703125
307.2699890136719
307.2349853515625
307.2950134277344
307.1600036621094
307.4800109863281
307.2463073730469
307.3299865722656
307.3999938964844
307.69500732421875
307.4700012207031
307.4800109863281
307.4700012207031
307.7301025390625
307.760009765625
307.92401123046875
307.9100036621094
307.92999267578125
307.94000244140625
308.24810791015625
308.2099914550781
308.0
307.9599914550781
308.1199951171875
308.0140075683594
308.1099853515625
308.114990234375
308.1700134277344
308.1766052246094
308.20001220703125
308.1268005371094
308.0202941894531
308.3699951171875
308.44000244140625
308.3966064453125
308.5799865722656
308.55999755859375
308.3949890136719
308.2900085449219
308.4100036621094
308.3807067871094
308.4200134277344
308.3399963378906
308.3349914550781
308.30999755859375
307.8550109863281
307.7500915527344
307.9700012207031
307.885009765625
307.80010986328125
307.84991455078125
307.7995910644531
307.590087890625
307.5343933105469
307.34381103515625
307.0799865722656
307.29998779296875
307.20001220703125
307.17498779296875
307.1260070800781
307.20001220703125
307.2900085449219
307.585205078125
307.5971984863281
307.4800109863281
307.510009765625
307.57958984375
307.6650085449219
307.7301025390625
307.7850036621094
307.6700134277344
307.7832946777344
307.760009765625
307.5400085449219
307.4827880859375
307.44000244140625
307.69000244140625
307.75
307.69000244140625
307.5950012207031
307.2699890136719
307.0400085449219
307.3900146484375
307.2799987792969
307.29998779296875
307.44000244140625
307.45001220703125
307.4649963378906
307.2900085449219
307.3699951171875
307.20001220703125
306.8500061035156
306.614990234375
306.69000244140625
306.739990234375
306.739990234375
306.6592102050781
306.8832092285156
306.8399963378906
306.8818054199219
306.79998779296875
306.67999267578125
306.70001220703125
306.7099914550781
306.64990234375
306.7001037597656
306.5400085449219
306.20001220703125
306.42999267578125
306.3399963378906
306.239990234375
306.42999267578125
306.30499267578125
306.1300048828125
306.11370849609375
306.1600036621094
306.1409912109375
306.1600036621094
306.3699951171875
306.4820861816406
306.51348876953125
306.45001220703125
306.3901062011719
306.3399963378906
306.2300109863281
306.17999267578125
306.19000244140625
306.32501220703125
306.45001220703125
306.54998779296875
306.6199951171875
306.6400146484375
306.7699890136719
306.7799987792969
306.739990234375
306.56988525390625
306.6799011230469
306.5799865722656
306.6000061035156
306.4549865722656
306.07501220703125
306.1099853515625
306.110595703125
306.0198974609375
306.1000061035156
306.1300048828125
306.1315002441406
306.32501220703125
306.239990234375
306.0899963378906
306.010009765625
306.07000732421875
306.1449890136719
306.30999755859375
306.19000244140625
306.19000244140625
306.30999755859375
306.260009765625
306.1499938964844
305.9700927734375
306.1600036621094
306.2900085449219
306.269287109375
306.2900085449219
306.20001220703125
306.19000244140625
306.260009765625
306.1300048828125
306.1600036621094
306.0635070800781
306.0
306.17999267578125
306.1700134277344
306.19500732421875
306.29620361328125
306.3399963378906
306.5249938964844
306.6499938964844
306.5400085449219
306.54998779296875
306.60009765625
306.7200012207031
306.6734924316406
306.5404052734375
306.67999267578125
306.6809997558594
306.6600036621094
306.70001220703125
306.67498779296875
306.55999755859375
306.2301025390625
305.9949951171875
305.8900146484375
306.0255126953125
306.15130615234375
306.1199951171875
306.0907897949219
306.19000244140625
306.19000244140625
306.2803039550781
306.1600036621094
306.25
306.1400146484375
306.1578063964844
306.2200012207031
306.30999755859375
306.1600036621094
306.1897888183594
306.0899963378906
306.1700134277344
306.17999267578125
306.32000732421875
306.2300109863281
306.2264099121094
306.2900085449219
306.1199951171875
306.1000061035156
306.1600036621094
306.0596008300781
306.1499938964844
306.2799987792969
306.19000244140625
305.8599853515625
305.92181396484375
305.8900146484375
305.8160095214844
305.95001220703125
306.0899963378906
306.05499267578125
306.1400146484375
306.1400146484375
306.3800048828125
306.3399963378906
306.4599914550781
306.2738037109375
306.2149963378906
306.20001220703125
306.239990234375
306.0596008300781
306.04998779296875
305.80999755859375
305.9119873046875
305.8699951171875
305.9100036621094
306.0199890136719
305.9800109863281
305.9617004394531
305.92999267578125
306.1650085449219
306.27850341796875
305.7799987792969
305.67999267578125
305.7099914550781
305.8465881347656
306.1099853515625
306.14990234375
306.0799865722656
305.7699890136719
305.76971435546875
305.8500061035156
305.8599853515625
305.9100036621094
305.510009765625
305.3699951171875
305.1600036621094
305.1600036621094
305.3500061035156
305.44000244140625
305.4800109863281
305.5599060058594
305.59991455078125
305.3901062011719
305.4200134277344
305.5
305.6000061035156
305.4482116699219
305.4960021972656
305.57000732421875
305.7900085449219
305.7699890136719
305.7300109863281
305.81500244140625
305.82501220703125
305.8349914550781
305.8500061035156
305.8800048828125
305.94659423828125
305.8399963378906
305.614990234375
305.6700134277344
305.7699890136719
305.7401123046875
305.8800048828125
305.7099914550781
305.7699890136719
305.6600036621094
305.6650085449219
305.68499755859375
305.67999267578125
305.6700134277344
305.6000061035156
305.8699951171875
305.8699951171875
306.2200012207031
306.0799865722656
306.1000061035156
306.0600891113281
306.1300048828125
305.9200134277344
306.17999267578125
306.1499938964844
306.0950012207031
305.9200134277344
306.07000732421875
306.1099853515625
306.010009765625
305.9599914550781
305.9700012207031
306.0400085449219
306.1300048828125
306.1806945800781
306.07501220703125
305.8869934082031
306.0133972167969
306.0899963378906
306.19000244140625
306.05999755859375
306.17999267578125
306.3951110839844
306.4700012207031
306.7900085449219
306.8299865722656
306.75
306.94000244140625
306.83099365234375
306.8800048828125
307.1000061035156
307.081787109375
306.95001220703125
306.7799987792969
306.90899658203125
306.989990234375
307.0548095703125
306.9200134277344
306.9800109863281
307.07000732421875
307.125
306.94000244140625
306.9601135253906
306.989990234375
306.94000244140625
306.989990234375
306.7099914550781
306.6700134277344
306.8299865722656
306.80999755859375
306.864990234375
306.8900146484375
307.0400085449219
306.80999755859375
307.04998779296875
307.2275085449219
307.1099853515625
307.2300109863281
307.1600036621094
307.18499755859375
307.3497009277344
307.2398986816406
307.0950012207031
307.3399963378906
307.44500732421875
307.5350036621094
307.5799865722656
307.6199951171875
307.7589111328125
307.6600036621094
308.0409851074219
308.01361083984375
308.0199890136719
308.1050109863281
307.8699951171875
307.70001220703125
307.7099914550781
307.69000244140625
307.6700134277344
307.7558898925781
307.67999267578125
307.760009765625
307.4158020019531
307.14898681640625
307.0899963378906
307.1000061035156
307.2300109863281
307.2099914550781
307.239990234375
307.45001220703125
307.7300109863281
307.7200012207031
307.67999267578125
307.9800109863281
307.57000732421875
307.67999267578125
307.7099914550781
307.8999938964844
307.7900085449219
308.07501220703125
308.239990234375
308.2950134277344
308.29998779296875
308.4599914550781
308.4212951660156
308.44000244140625
308.37310791015625
308.5
308.80999755859375
308.78179931640625
308.5199890136719
308.67999267578125
308.7950134277344
308.8800048828125
309.010009765625
308.8999938964844
308.760009765625
308.760009765625