148.07000732421875
148.07000732421875
149.36000061035156
149.31500244140625
149.36500549316406
149.36500549316406
149.27000427246094
149.3800048828125
149.14999389648438
149.15499877929688
149.17999267578125
149.11500549316406
148.85000610351562
149.02000427246094
148.6699981689453
148.75999450683594
148.7949981689453
148.69500732421875
149.07000732421875
149.19000244140625
148.8699951171875
148.74000549316406
148.39999389648438
148.30999755859375
148.17999267578125
148.35000610351562
148.0
148.09500122070312
147.89999389648438
147.94000244140625
147.91000366210938
147.8300018310547
147.97000122070312
148.0399932861328
147.8800048828125
148.38999938964844
148.51499938964844
148.47030639648438
148.36000061035156
148.3657989501953
148.1300048828125
148.1199951171875
147.88999938964844
147.97999572753906
147.97500610351562
147.75
147.91000366210938
148.14999389648438
147.94000244140625
147.94000244140625
148.1699981689453
148.3798065185547
148.0
147.94000244140625
147.66000366210938
147.72999572753906
147.74000549316406
147.57000732421875
147.64999389648438
147.59500122070312
147.27999877929688
147.2801055908203
147.4600067138672
147.39500427246094
147.55499267578125
147.4949951171875
147.50999450683594
147.5
147.57000732421875
147.42999267578125
147.38499450683594
147.38999938964844
147.37100219726562
147.40499877929688
147.50999450683594
147.6300048828125
147.8000030517578
147.74000549316406
147.47000122070312
147.57000732421875
147.64999389648438
147.68960571289062
147.5988006591797
147.5399932861328
147.74000549316406
147.7100067138672
147.8350067138672
148.02999877929688
148.05999755859375
148.08999633789062
148.0970001220703
148.18589782714844
148.27000427246094
148.13499450683594
148.0500030517578
148.10000610351562
148.0800018310547
148.13999938964844
148.1999969482422
147.97000122070312
148.07000732421875
148.27000427246094
148.17999267578125
148.22999572753906
148.22079467773438
148.15289306640625
148.125
147.85499572753906
148.02499389648438
147.8800048828125
147.88999938964844
148.08999633789062
148.03500366210938
148.2449951171875
148.22000122070312
148.0850067138672
147.9499969482422
148.02000427246094
147.74000549316406
147.7100067138672
147.6999969482422
147.4199981689453
147.55999755859375
147.63999938964844
147.5800018310547
147.61000061035156
147.39999389648438
147.36000061035156
147.31500244140625
147.1999969482422
147.2899932861328
147.25
147.4149932861328
147.4989013671875
147.61000061035156
147.60000610351562
147.7899932861328
147.81500244140625
147.8300018310547
147.77999877929688
147.77000427246094
147.88999938964844
147.89999389648438
147.8800048828125
147.94000244140625
148.0
147.94000244140625
148.00999450683594
148.07949829101562
148.10369873046875
148.1999969482422
148.1699981689453
148.1699981689453
148.22999572753906
148.17999267578125
148.27000427246094
148.14999389648438
148.13499450683594
148.13499450683594
148.17999267578125
148.25
148.35299682617188
148.35989379882812
148.36000061035156
148.35000610351562
148.3000030517578
148.2899932861328
148.2899932861328
148.39999389648438
148.38499450683594
148.32000732421875
148.4499969482422
148.44000244140625
148.4199981689453
148.30999755859375
148.2899932861328
148.25999450683594
148.25999450683594
148.27499389648438
148.25999450683594
148.16000366210938
147.99000549316406
147.90499877929688
147.77999877929688
147.72000122070312
147.69000244140625
147.76499938964844
147.7899932861328
147.7050018310547
147.66419982910156
147.6300048828125
147.6199951171875
147.5399932861328
147.5050048828125
147.50999450683594
147.61000061035156
147.80999755859375
147.88999938964844
147.67999267578125
147.6699981689453
147.60499572753906
147.60499572753906
147.6300048828125
147.65499877929688
147.72500610351562
147.80999755859375
147.7949981689453
147.77499389648438
147.77999877929688
147.50999450683594
147.4600067138672
147.38999938964844
147.4600067138672
147.39990234375
147.45550537109375
147.47000122070312
147.50999450683594
147.5850067138672
147.74000549316406
147.60000610351562
147.57000732421875
147.72500610351562
147.8800048828125
147.69500732421875
147.6699981689453
147.67999267578125
147.6999969482422
147.7100067138672
147.60000610351562
147.5500030517578
147.49000549316406
147.4949951171875
147.5050048828125
147.39999389648438
147.5
147.5
147.5
147.5
147.5
147.50999450683594
147.47999572753906
147.55999755859375
147.64500427246094
147.77000427246094
148.0
147.88999938964844
147.83999633789062
147.86000061035156
147.9149932861328
147.9748992919922
147.96009826660156
148.0
147.9600067138672
147.91000366210938
147.80999755859375
147.7899932861328
147.69000244140625
147.76400756835938
147.7100067138672
147.7449951171875
147.8242950439453
147.8300018310547
147.7550048828125
147.61000061035156
147.5800018310547
147.5399932861328
147.52000427246094
147.42999267578125
147.48350524902344
147.4355926513672
147.57000732421875
147.64169311523438
147.72999572753906
147.72500610351562
147.7100067138672
147.69000244140625
147.77000427246094
147.74000549316406
147.6999969482422
147.77000427246094
147.77999877929688
147.82000732421875
147.8000030517578
147.91000366210938
147.92999267578125
148.00999450683594
148.0399932861328
147.97999572753906
147.9499969482422
147.92999267578125
147.8000946044922
147.89999389648438
147.89999389648438
147.91879272460938
147.85000610351562
147.83999633789062
147.75
147.7100067138672
147.69219970703125
147.63999938964844
147.4550018310547
147.41000366210938
147.44500732421875
147.39999389648438
147.52000427246094
147.4949951171875
147.52000427246094
147.47999572753906
147.51499938964844
147.51499938964844
147.52999877929688
147.5500030517578
147.61500549316406
147.63999938964844
147.61929321289062
147.5399932861328
147.42999267578125
147.5
147.4499969482422
147.4499969482422
147.44000244140625
147.44000244140625
147.4199981689453
147.42999267578125
147.47999572753906
147.4250030517578
147.44000244140625
147.4600067138672
147.5
147.5500030517578
147.52999877929688
147.57000732421875
147.49200439453125
147.41000366210938
147.5
147.48500061035156
147.55499267578125
147.57000732421875
147.6685028076172
147.6999969482422
147.66000366210938
147.6999969482422
147.6699981689453
147.6999969482422
147.63999938964844
147.6403045654297
147.66000366210938
147.66000366210938
147.58999633789062
147.42750549316406
147.4250030517578
147.5
147.49000549316406
147.5050048828125
147.4499969482422
147.47999572753906
147.47500610351562
147.38999938964844
147.24000549316406
147.23500061035156
147.25
147.2550048828125
147.27999877929688
147.24000549316406
147.2606964111328
147.55499267578125
147.54840087890625
147.61000061035156
147.49000549316406
147.61000061035156
147.60000610351562
147.72999572753906
147.67999267578125
147.69000244140625
147.72999572753906
147.66000366210938
147.60069274902344
147.67999267578125
147.6300048828125
147.6300048828125
147.69500732421875
147.7050018310547
147.6699981689453
147.66000366210938
147.63650512695312
147.66000366210938
147.6999969482422
147.67999267578125
147.6999969482422
147.6999969482422
147.72000122070312
147.7187957763672
147.6300048828125
147.63999938964844
147.6649932861328
147.66000366210938
147.67990112304688
147.6699981689453
147.6750030517578
147.6300048828125
147.55999755859375
147.5
147.58999633789062
147.6699981689453
147.6699981689453
147.66000366210938
147.6739959716797
147.67999267578125
147.6699981689453
147.64999389648438
147.69000244140625
147.6750030517578
147.63999938964844
147.67999267578125
147.6999969482422
147.66000366210938
147.6699981689453
147.6300048828125
147.6179962158203
147.65879821777344
147.60000610351562
147.60000610351562
147.52000427246094
147.55999755859375
147.5500030517578
147.57000732421875
147.5500030517578
147.5399932861328
147.548095703125
147.5500030517578
147.5399932861328
147.5
147.47999572753906
147.47999572753906
147.4322967529297
147.49899291992188
147.49000549316406
147.5
147.5
147.5189971923828
147.5399932861328
147.53500366210938
147.5
147.5
147.4691925048828
147.4499969482422
147.4499969482422
147.5
147.48779296875
147.5
147.52499389648438
147.5
147.4499969482422
147.4600067138672
147.38279724121094
147.39999389648438
147.33999633789062
147.39999389648438
147.39999389648438
147.2899932861328
147.2050018310547
147.24000549316406
147.32000732421875
147.35000610351562
147.35000610351562
147.32000732421875
147.32000732421875
147.2899932861328
147.22999572753906
147.22999572753906
147.27999877929688
147.193603515625
147.05999755859375
147.0500030517578
147.0
146.99000549316406
147.0
147.03500366210938
147.19000244140625
147.24000549316406
147.0800018310547
147.0850067138672
147.08999633789062
147.07000732421875
147.05999755859375
146.9550018310547
146.97000122070312
146.99000549316406
146.9886016845703
147.00999450683594
147.02999877929688
147.0800018310547
147.11500549316406
147.1199951171875
147.10000610351562
147.10000610351562
147.13040161132812
147.05999755859375
147.1199951171875
147.19000244140625
147.1999969482422
147.16009521484375
147.1699981689453
147.17100524902344
147.13999938964844
147.13999938964844
147.1199951171875
147.12120056152344
147.25
147.19000244140625
147.27000427246094
147.22999572753906
147.31199645996094
147.18499755859375
147.1475067138672
147.1199951171875
147.11500549316406
147.02000427246094
147.09500122070312
147.0399932861328
147.00999450683594
146.9600067138672
147.02999877929688
147.02999877929688
147.02999877929688
147.02999877929688
147.11000061035156
147.13999938964844
147.22999572753906
147.27999877929688
147.27999877929688
147.27999877929688
147.3300018310547
147.3542022705078
147.47000122070312
147.39999389648438
147.40499877929688
147.4199981689453
147.42999267578125
147.44000244140625
147.41000366210938
147.3699951171875
147.3800048828125
147.32000732421875
147.42999267578125
147.4949951171875
147.4700927734375
147.3699951171875
147.36500549316406
147.39999389648438
147.39999389648438
147.4149932861328
147.47000122070312
147.48129272460938
147.4550018310547
147.50070190429688
147.47999572753906
147.51499938964844
147.50010681152344
147.47500610351562
147.47000122070312
147.4499969482422
147.44500732421875
147.55999755859375
147.5399932861328
147.58999633789062
147.625
147.69000244140625
147.59539794921875
147.64999389648438
147.65199279785156
147.60000610351562
147.5749969482422
147.53900146484375
147.64500427246094
147.6300048828125
147.5800018310547
147.6300048828125
147.6649932861328
147.69000244140625
147.69000244140625
147.7100067138672
147.6999969482422
147.77999877929688
147.63999938964844
147.77999877929688
147.72500610351562
147.69500732421875
147.71499633789062
147.66000366210938
147.71499633789062
147.72000122070312
147.86000061035156
147.75999450683594
147.80499267578125
147.875
147.83999633789062
147.72500610351562
147.6999969482422
147.7050018310547
147.7050018310547
147.78070068359375
147.77999877929688
147.86500549316406
147.86500549316406
147.9199981689453
147.89999389648438
147.8800048828125
148.03900146484375
147.97999572753906
148.02499389648438
147.97000122070312
148.10000610351562
148.0500030517578
148.10000610351562
148.1699981689453
148.19000244140625
148.2100067138672
148.16000366210938
148.10000610351562
148.1999969482422
148.1699981689453
148.18499755859375
148.1699981689453
148.22500610351562
148.14999389648438
148.22000122070312
148.2032012939453
148.24000549316406
148.25
148.38999938964844
148.10000610351562
148.10000610351562