160.4499969482422
160.4499969482422
160.7899932861328
160.8800048828125
160.92999267578125
160.66000366210938
160.85499572753906
161.18499755859375
160.9199981689453
160.77999877929688
160.55999755859375
160.67999267578125
160.5399932861328
160.58999633789062
160.72999572753906
160.4499969482422
160.6699981689453
160.83299255371094
160.72999572753906
160.66000366210938
160.52999877929688
160.6199951171875
160.5800018310547
160.3936004638672
160.125
160.21499633789062
160.27999877929688
160.49000549316406
160.50999450683594
160.27000427246094
159.97999572753906
159.94000244140625
159.75
159.7899932861328
159.77999877929688
159.92970275878906
159.8699951171875
159.8000030517578
159.93499755859375
159.8000030517578
159.82000732421875
159.69000244140625
159.7899932861328
159.75999450683594
159.9199981689453
159.86000061035156
159.83999633789062
159.80999755859375
159.8699951171875
159.68260192871094
159.77000427246094
159.7100067138672
159.63999938964844
159.79800415039062
159.7100067138672
159.6300048828125
159.6999969482422
159.58999633789062
159.6699981689453
159.60000610351562
159.47999572753906
159.51010131835938
159.69000244140625
159.86000061035156
159.82000732421875
159.6649932861328
159.61990356445312
159.49000549316406
159.69000244140625
159.66000366210938
159.64999389648438
159.6605987548828
159.57000732421875
159.57000732421875
159.39999389648438
159.32000732421875
159.30999755859375
159.25030517578125
159.13999938964844
159.0399932861328
159.05999755859375
158.94000244140625
158.83999633789062
158.69000244140625
158.6750030517578
158.7100067138672
158.6699981689453
158.63499450683594
158.6699981689453
158.63999938964844
158.6699981689453
158.76019287109375
158.8018035888672
158.86000061035156
158.7899932861328
158.72000122070312
158.75999450683594
158.81500244140625
158.75
158.64999389648438
158.5
158.49000549316406
158.38650512695312
158.43499755859375
158.41000366210938
158.27000427246094
158.3300018310547
158.13999938964844
158.35000610351562
158.2449951171875
158.30999755859375
158.4199981689453
158.3699951171875
158.5
158.5500030517578
158.47000122070312
158.47999572753906
158.52569580078125
158.5
158.41000366210938
158.38999938964844
158.37319946289062
158.38999938964844
158.44000244140625
158.39999389648438
158.4600067138672
158.47000122070312
158.58999633789062
158.5749969482422
158.57000732421875
158.6300048828125
158.69000244140625
158.77000427246094
158.77999877929688
158.7550048828125
158.72999572753906
158.75
158.82000732421875
158.8800048828125
158.86000061035156
158.85499572753906
158.9499969482422
158.9492950439453
158.8800048828125
158.91000366210938
159.0399932861328
159.0
158.99000549316406
159.10000610351562
159.02000427246094
158.97999572753906
159.0
158.9600067138672
158.97999572753906
158.92999267578125
159.0128936767578
158.99000549316406
159.02000427246094
158.92999267578125
158.8415069580078
158.91000366210938
158.75999450683594
158.77999877929688
158.78990173339844
158.77999877929688
158.8000030517578
158.8000030517578
158.7449951171875
158.7270965576172
158.67999267578125
158.7899932861328
158.77499389648438
158.69000244140625
158.74000549316406
158.6595001220703
158.7407989501953
158.7364044189453
158.6999969482422
158.60000610351562
158.58999633789062
158.64999389648438
158.69500732421875
158.72500610351562
158.7100067138672
158.76950073242188
158.8000030517578
158.91000366210938
158.86000061035156
158.84500122070312
158.75
158.66000366210938
158.57000732421875
158.55999755859375
158.4499969482422
158.4499969482422
158.4499969482422
158.52000427246094
158.47999572753906
158.50999450683594
158.4600067138672
158.41000366210938
158.3300018310547
158.3123016357422
158.27760314941406
158.22000122070312
158.17999267578125
158.2100067138672
158.13999938964844
158.10499572753906
158.02999877929688
157.92999267578125
157.97999572753906
157.97999572753906
158.02000427246094
157.91470336914062
158.02000427246094
157.9936065673828
158.0500030517578
158.1699981689453
158.02000427246094
158.0800018310547
158.0399932861328
158.07000732421875
158.02499389648438
158.00999450683594
158.07000732421875
157.9600067138672
157.8800048828125
157.9199981689453
157.81500244140625
157.85000610351562
157.9600067138672
158.07000732421875
158.08999633789062
158.0500030517578
158.02000427246094
157.99000549316406
157.9600067138672
157.9499969482422
157.8885040283203
157.89999389648438
157.88999938964844
157.89999389648438
157.89999389648438
157.9593048095703
158.04100036621094
157.9600067138672
158.02000427246094
158.17999267578125
158.21499633789062
158.17999267578125
158.1199951171875
158.00999450683594
158.1300048828125
158.0399932861328
158.1300048828125
158.27000427246094
158.3000030517578
158.27000427246094
158.2899932861328
158.2899932861328
158.3000030517578
158.2899932861328
158.30999755859375
158.25
158.27499389648438
158.3800048828125
158.4199981689453
158.4600067138672
158.42999267578125
158.38999938964844
158.36000061035156
158.36000061035156
158.35000610351562
158.3249969482422
158.36000061035156
158.44000244140625
158.4600067138672
158.41000366210938
158.3699951171875
158.33999633789062
158.3300018310547
158.29119873046875
158.25
158.2949981689453
158.3000030517578
158.283203125
158.29730224609375
158.32000732421875
158.3350067138672
158.35000610351562
158.36000061035156
158.3699951171875
158.41000366210938
158.41000366210938
158.41000366210938
158.4149932861328
158.43499755859375
158.4499969482422
158.43589782714844
158.35000610351562
158.302001953125
158.34820556640625
158.3000030517578
158.36500549316406
158.3791046142578
158.3300018310547
158.3300018310547
158.38499450683594
158.3249969482422
158.35000610351562
158.32000732421875
158.30499267578125
158.30999755859375
158.30999755859375
158.25
158.27999877929688
158.22000122070312
158.2050018310547
158.2050018310547
158.17999267578125
158.2100067138672
158.2100067138672
158.1999969482422
158.1999969482422
158.11709594726562
158.11500549316406
158.14999389648438
158.19000244140625
158.17039489746094
158.1947021484375
158.17999267578125
158.14500427246094
158.13999938964844
158.17999267578125
158.21499633789062
158.24000549316406
158.26499938964844
158.2790069580078
158.26499938964844
158.2899932861328
158.27999877929688
158.32249450683594
158.375
158.41000366210938
158.40499877929688
158.44000244140625
158.3625030517578
158.35000610351562
158.24920654296875
158.25
158.25999450683594
158.19000244140625
158.1999969482422
158.3000030517578
158.28500366210938
158.30999755859375
158.30999755859375
158.25070190429688
158.25
158.25
158.3000030517578
158.30999755859375
158.3300018310547
158.33999633789062
158.42999267578125
158.38499450683594
158.41000366210938
158.38999938964844
158.39999389648438
158.47999572753906
158.42999267578125
158.49000549316406
158.531005859375
158.51499938964844
158.52999877929688
158.52000427246094
158.52000427246094
158.5500030517578
158.50999450683594
158.55499267578125
158.6199951171875
158.5762939453125
158.52499389648438
158.55999755859375
158.50999450683594
158.533203125
158.57000732421875
158.5399932861328
158.55499267578125
158.5500030517578
158.56500244140625
158.6199951171875
158.6300048828125
158.63999938964844
158.63999938964844
158.63999938964844
158.72000122070312
158.73500061035156
158.75
158.74000549316406
158.75
158.77999877929688
158.72500610351562
158.72500610351562
158.77999877929688
158.7899932861328
158.81500244140625
158.8800048828125
158.9499969482422
158.9600067138672
158.97999572753906
159.02999877929688
159.13999938964844
159.11000061035156
159.10000610351562
159.1488037109375
159.16000366210938
159.2100067138672
159.19000244140625
159.13999938964844
159.1750030517578
159.19500732421875
159.21499633789062
159.24000549316406
159.22000122070312
159.1999969482422
159.1999969482422
159.24000549316406
159.22000122070312
159.25
159.22500610351562
159.25
159.31939697265625
159.29220581054688
159.27000427246094
159.22500610351562
159.27999877929688
159.24000549316406
159.26100158691406
159.25
159.27999877929688
159.33999633789062
159.24000549316406
159.27000427246094
159.27169799804688
159.27000427246094
159.3000030517578
159.3000030517578
159.36000061035156
159.38999938964844
159.3800048828125
159.42999267578125
159.4199981689453
159.3800048828125
159.39999389648438
159.39999389648438
159.47000122070312
159.47999572753906
159.42999267578125
159.47000122070312
159.47000122070312
159.4199981689453
159.4499969482422
159.44200134277344
159.42999267578125
159.42990112304688
159.40499877929688
159.44000244140625
159.41140747070312
159.41580200195312
159.37730407714844
159.47000122070312
159.52999877929688
159.5
159.49180603027344
159.41000366210938
159.5050048828125
159.5135955810547
159.47500610351562
159.476806640625
159.4499969482422
159.50999450683594
159.50999450683594
159.54100036621094
159.55999755859375
159.5500030517578
159.4835968017578
159.48500061035156
159.4499969482422
159.42999267578125
159.4320068359375
159.39999389648438
159.38999938964844
159.389892578125
159.38999938964844
159.35499572753906
159.3699951171875
159.3470001220703
159.35000610351562
159.36000061035156
159.35499572753906
159.33990478515625
159.32000732421875
159.32000732421875
159.32000732421875
159.36000061035156
159.3280029296875
159.2899932861328
159.25
159.25
159.30999755859375
159.3000030517578
159.30999755859375
159.3000030517578
159.32000732421875
159.25999450683594
159.27999877929688
159.27499389648438
159.25999450683594
159.27999877929688
159.28500366210938
159.2899932861328
159.33999633789062
159.3249969482422
159.3350067138672
159.375
159.3300018310547
159.35000610351562
159.36500549316406
159.3699951171875
159.44000244140625
159.42999267578125
159.47999572753906
159.47500610351562
159.47999572753906
159.52999877929688
159.5
159.57000732421875
159.63499450683594
159.5800018310547
159.57000732421875
159.6300048828125
159.67999267578125
159.64999389648438
159.72999572753906
159.72000122070312
159.77000427246094
159.69000244140625
159.7696075439453
159.75
159.76089477539062
159.76730346679688
159.80999755859375
159.80999755859375
159.8300018310547
159.78500366210938
159.78500366210938
159.6999969482422
159.69000244140625
159.6999969482422
159.72500610351562
159.66000366210938
159.7100067138672
159.71499633789062
159.69500732421875
159.67999267578125
159.67999267578125
159.6999969482422
159.72999572753906
159.77999877929688
159.72000122070312
159.66319274902344
159.66000366210938
159.7100067138672
159.7111053466797
159.7899932861328
159.72999572753906
159.87899780273438
159.8699951171875
159.8300018310547
159.88999938964844
159.94000244140625
159.8798065185547
159.97000122070312
160.02999877929688
159.96620178222656
159.97000122070312
159.9199981689453
159.9600067138672
160.00799560546875
160.02000427246094
159.98379516601562
159.92999267578125
159.91290283203125
159.83999633789062
159.8000030517578
159.7899932861328
159.82000732421875
159.83999633789062
159.80999755859375
159.80999755859375
159.77999877929688
159.83160400390625
159.9290008544922
159.8699951171875
159.9199981689453
159.9499969482422
160.02999877929688
159.9600067138672
159.9600067138672
159.9199981689453
159.9499969482422
159.9499969482422
159.9499969482422
160.08999633789062
160.00999450683594
160.05999755859375
159.99000549316406
159.9600067138672
159.99000549316406
159.97999572753906
159.9499969482422
159.9080047607422
159.97000122070312
159.97000122070312
159.97000122070312
159.9600067138672
159.9499969482422
159.93499755859375
159.82000732421875
159.6999969482422
159.6999969482422
