166.17999267578125
166.17999267578125
166.19500732421875
165.52000427246094
166.42999267578125
166.42999267578125
166.24000549316406
166.24000549316406
166.24000549316406
166.3300018310547
166.41000366210938
166.41799926757812
166.6999969482422
166.6999969482422
166.8800048828125
166.74000549316406
166.8415069580078
167.25
167.2899932861328
167.10000610351562
167.02000427246094
167.1999969482422
166.67999267578125
166.67999267578125
166.67999267578125
166.67999267578125
166.15499877929688
165.86000061035156
165.91000366210938
165.9149932861328
165.80499267578125
165.8800048828125
165.8800048828125
165.94500732421875
166.30999755859375
166.33999633789062
166.4600067138672
166.47999572753906
166.3300018310547
166.64999389648438
166.63999938964844
166.64999389648438
166.47999572753906
166.6699981689453
166.71499633789062
166.8699951171875
166.8699951171875
166.65499877929688
166.52000427246094
166.33999633789062
166.30999755859375
166.19000244140625
166.10000610351562
166.10000610351562
166.0500030517578
166.0500030517578
166.0500030517578
165.91000366210938
165.7899932861328
165.7899932861328
165.41000366210938
165.4499969482422
165.55999755859375
166.0
166.00999450683594
165.7050018310547
165.92999267578125
165.83999633789062
165.80999755859375
165.7738037109375
165.7241973876953
165.80999755859375
165.89999389648438
165.9499969482422
165.99000549316406
165.85499572753906
165.93499755859375
165.8300018310547
165.7899932861328
165.3553924560547
165.5800018310547
165.67999267578125
165.64259338378906
165.5500030517578
165.61000061035156
165.51649475097656
165.61000061035156
165.7100067138672
166.22000122070312
166.0738067626953
166.0612030029297
166.05999755859375
165.9925994873047
166.0
165.99000549316406
166.02000427246094
166.00999450683594
166.0
166.1300048828125
166.0
166.08999633789062
166.25999450683594
166.41000366210938
166.63999938964844
166.4600067138672
166.3300018310547
166.27000427246094
166.1999969482422
166.3800048828125
166.35000610351562
166.35000610351562
166.3699951171875
166.32000732421875
166.3800048828125
166.42799377441406
166.30999755859375
166.36000061035156
166.36000061035156
166.52000427246094
166.36000061035156
166.2899932861328
166.1999969482422
166.1999969482422
166.24000549316406
166.1699981689453
166.17999267578125
166.2050018310547
166.2050018310547
166.08999633789062
165.97999572753906
165.97000122070312
165.99000549316406
166.07000732421875
166.13999938964844
166.19500732421875
166.19500732421875
166.1699981689453
166.25999450683594
166.28500366210938
166.08999633789062
166.0800018310547
166.11500549316406
166.16000366210938
166.16000366210938
166.16000366210938
166.42999267578125
166.5449981689453
166.5800018310547
166.75
166.77999877929688
166.77999877929688
166.6999969482422
166.8800048828125
166.8800048828125
166.8800048828125
166.75
166.6999969482422
166.6999969482422
166.61000061035156
166.36000061035156
166.44000244140625
166.5449981689453
166.61000061035156
166.55999755859375
166.55999755859375
166.63999938964844
166.61000061035156
166.6300048828125
166.61000061035156
166.72000122070312
166.72000122070312
166.74000549316406
166.66000366210938
166.57000732421875
166.49000549316406
166.4199981689453
166.44000244140625
166.36000061035156
166.36000061035156
166.3000030517578
166.3000030517578
166.41000366210938
166.3699951171875
166.5399932861328
166.4250030517578
166.375
166.35000610351562
166.3800048828125
166.30999755859375
166.17999267578125
166.1699981689453
166.0399932861328
166.08999633789062
166.10000610351562
166.10499572753906
166.10000610351562
166.02999877929688
165.91000366210938
165.9199981689453
165.74000549316406
165.74000549316406
165.63999938964844
165.77999877929688
165.84500122070312
165.9600067138672
166.00999450683594
166.1199951171875
166.11000061035156
166.02000427246094
165.97000122070312
165.97000122070312
165.94500732421875
165.94500732421875
165.82000732421875
165.71009826660156
165.8800048828125
165.9290008544922
165.9199981689453
165.9199981689453
165.8699951171875
165.99000549316406
165.95480346679688
165.95480346679688
165.77999877929688
165.77499389648438
165.94000244140625
165.94000244140625
165.94000244140625
165.88999938964844
165.86500549316406
165.82000732421875
165.8000030517578
165.91000366210938
165.93800354003906
165.8249969482422
165.88999938964844
165.84500122070312
165.84500122070312
165.88999938964844
165.86000061035156
165.74000549316406
165.80999755859375
165.80999755859375
165.80999755859375
165.72999572753906
165.8000030517578
165.8000030517578
165.72000122070312
165.77999877929688
165.77999877929688
165.91000366210938
165.80999755859375
165.7949981689453
165.74000549316406
165.7100067138672
165.6999969482422
165.80999755859375
165.82000732421875
165.8300018310547
165.8300018310547
165.88499450683594
165.91000366210938
165.89999389648438
165.9600067138672
165.9199981689453
165.92909240722656
165.875
165.89500427246094
165.89500427246094
165.6999969482422
165.6999969482422
165.66000366210938
165.75
165.72999572753906
165.63999938964844
165.74000549316406
165.8000030517578
165.82000732421875
165.86000061035156
165.82000732421875
165.82000732421875
165.72000122070312
165.7550048828125
165.7550048828125
165.7100067138672
165.77999877929688
165.72000122070312
165.69000244140625
165.66000366210938
165.72000122070312
165.6999969482422
165.64999389648438
165.64999389648438
165.63999938964844
165.77999877929688
165.77999877929688
165.80999755859375
165.7449951171875
165.85000610351562
165.82000732421875
165.55999755859375
165.55999755859375
165.61000061035156
165.6649932861328
165.63999938964844
165.7100067138672
165.7100067138672
165.8800048828125
166.0
166.0
165.94500732421875
165.94500732421875
166.05999755859375
166.10499572753906
166.10000610351562
166.05999755859375
166.0800018310547
166.0399932861328
166.0399932861328
166.0399932861328
166.08999633789062
166.0399932861328
166.00999450683594
165.9600067138672
166.0800018310547
166.0
165.9600067138672
165.9600067138672
165.9600067138672
166.05999755859375
166.05999755859375
166.05999755859375
166.05999755859375
166.02000427246094
166.0800018310547
166.05499267578125
166.05499267578125
166.10499572753906
166.10499572753906
166.10499572753906
166.14999389648438
166.22999572753906
166.22999572753906
166.14999389648438
166.14999389648438
166.1999969482422
166.13999938964844
166.13999938964844
166.13999938964844
166.00999450683594
166.00999450683594
166.00999450683594
166.00999450683594
166.00999450683594
166.00999450683594
166.00999450683594
166.0800018310547
166.1199951171875
166.05999755859375
166.07000732421875
166.0500030517578
166.02999877929688
166.0500030517578
166.0500030517578
166.07000732421875
166.0800018310547
165.99000549316406
165.9600067138672
165.92999267578125
166.05999755859375
166.0399932861328
165.97999572753906
165.97999572753906
165.97999572753906
165.97999572753906
165.94000244140625
165.94000244140625
165.9600067138672
165.9199981689453
165.9199981689453
165.99000549316406
165.99000549316406
165.99000549316406
166.02000427246094
166.07000732421875
166.11000061035156
166.10000610351562
166.10000610351562
166.16000366210938
166.16000366210938
166.2100067138672
166.2100067138672
166.1999969482422
166.1999969482422
166.1699981689453
166.1999969482422
166.1999969482422
166.1999969482422
166.19180297851562
166.25
166.41000366210938
166.41000366210938
166.5
166.50779724121094
166.5404052734375
166.5404052734375
166.5404052734375
166.52000427246094
166.5399932861328
166.49000549316406
166.5399932861328
166.61500549316406
166.58999633789062
166.58999633789062
166.58999633789062
166.58999633789062
166.58999633789062
166.75
166.75
166.8300018310547
166.8300018310547
166.88999938964844
166.89999389648438
166.88909912109375
166.9199981689453
166.9199981689453
166.8699951171875
166.90499877929688
166.9499969482422
166.91000366210938
166.89999389648438
166.78500366210938
166.78500366210938
166.73699951171875
166.7899932861328
166.75999450683594
166.8699951171875
166.8699951171875
166.85000610351562
166.85000610351562
166.90499877929688
166.9250030517578
166.8800048828125
166.83999633789062
166.7899932861328
166.82000732421875
166.82000732421875
166.85000610351562
166.85000610351562
166.85000610351562
166.82000732421875
166.77000427246094
166.8699951171875
166.86000061035156
166.86000061035156
166.85000610351562
166.82040405273438
166.82000732421875
166.82000732421875
166.77000427246094
166.77000427246094
166.72999572753906
166.72999572753906
166.72999572753906
166.77999877929688
166.86000061035156
166.8300018310547
166.8300018310547
166.8300018310547
166.8300018310547
166.7899932861328
166.77000427246094
166.86000061035156
166.75999450683594
166.8699951171875
166.8699951171875
166.83999633789062
166.8524932861328
166.8524932861328
166.89999389648438
166.89999389648438
166.89999389648438
167.02000427246094
167.0500030517578
167.0500030517578
167.13999938964844
167.13999938964844
167.13999938964844
167.16000366210938
167.08999633789062
167.0800018310547
167.10499572753906
167.07000732421875
167.07000732421875
167.07000732421875
167.07000732421875
167.07000732421875
167.2100067138672
167.2100067138672
167.13999938964844
167.13999938964844
167.1699981689453
167.14500427246094
167.22999572753906
167.1649932861328
167.1649932861328
167.1649932861328
167.1999969482422
167.19000244140625
167.15499877929688
167.19000244140625
167.19000244140625
167.19000244140625
167.11000061035156
167.11000061035156
167.13999938964844
167.1199951171875
167.2100067138672
167.10000610351562
167.10000610351562
167.11000061035156
167.08999633789062
167.08999633789062
167.1300048828125
167.11000061035156
167.11000061035156
167.05999755859375
167.05999755859375
167.10000610351562
167.10000610351562
167.10000610351562
167.11500549316406
167.13999938964844
167.16000366210938
167.125
167.08999633789062
167.08999633789062
167.16000366210938
167.16000366210938
167.30999755859375
167.24000549316406
167.27999877929688
167.4199981689453
167.35000610351562
167.25999450683594
167.38999938964844
167.5399932861328
167.46499633789062
167.46499633789062
167.46499633789062
167.50999450683594
167.61000061035156
167.57000732421875
167.47000122070312
167.4499969482422
167.5500030517578
167.47999572753906
167.47999572753906
167.47999572753906
167.5
167.44000244140625
167.47000122070312
167.42999267578125
167.5
167.50999450683594
167.6199951171875
167.6300048828125
167.6300048828125
167.7100067138672
167.74000549316406
167.69000244140625
167.7899932861328
167.7899932861328
167.9199981689453
167.8300018310547
167.9199981689453
167.80999755859375
167.80999755859375
167.85000610351562
167.83999633789062
167.83999633789062
167.88999938964844
167.86439514160156
167.8800048828125
167.9149932861328
167.9600067138672
167.93099975585938
167.92999267578125
168.02000427246094
168.02000427246094
168.1699981689453
168.0800018310547
168.07000732421875
168.0850067138672
168.16000366210938
168.0800018310547
167.97999572753906
167.92999267578125
167.85549926757812
167.77999877929688
167.9499969482422
168.00900268554688
167.97000122070312
167.97000122070312
168.0
167.97000122070312
168.0500030517578
168.0
168.14999389648438
168.0500030517578
168.13999938964844
168.0500030517578
168.1199951171875
168.05999755859375
168.02999877929688
168.11000061035156
168.17990112304688
168.3000030517578
168.22999572753906
168.1300048828125
168.1999969482422
168.17999267578125
168.1999969482422
168.22000122070312
168.16000366210938
168.1300048828125
168.10000610351562
167.97000122070312
167.99000549316406
168.02999877929688
167.9199981689453
168.0
168.02000427246094