472.57000732421875
472.57000732421875
474.25
474.4552917480469
473.7250061035156
473.7250061035156
472.5950012207031
472.44500732421875
473.57000732421875
472.9375
472.5400085449219
473.385009765625
473.30499267578125
473.1199951171875
472.6000061035156
472.5450134277344
473.5400085449219
473.32000732421875
473.54998779296875
473.2218017578125
473.30999755859375
473.25
472.79998779296875
472.010009765625
471.60919189453125
471.5437927246094
472.3299865722656
471.4320068359375
471.44000244140625
470.9100036621094
470.0
470.052001953125
469.3599853515625
469.0400085449219
469.3800048828125
470.2099914550781
471.1166076660156
469.9100036621094
469.885009765625
469.7349853515625
469.4200134277344
468.6300048828125
467.6199951171875
468.3599853515625
467.4800109863281
467.8299865722656
467.9649963378906
467.4100036621094
466.9549865722656
466.4599914550781
466.489990234375
467.010009765625
467.0
467.55999755859375
466.75
467.1650085449219
467.2300109863281
467.79998779296875
467.9700012207031
468.3399963378906
468.3399963378906
468.4949951171875
468.6199951171875
469.29998779296875
469.70001220703125
469.2200012207031
468.6650085449219
468.6650085449219
469.04998779296875
469.25
469.05499267578125
469.2305908203125
469.1549987792969
469.5249938964844
469.1400146484375
469.1400146484375
469.3399963378906
469.0199890136719
468.6099853515625
468.9750061035156
469.0
469.125
468.8500061035156
468.875
468.739990234375
468.30999755859375
468.25
468.3399963378906
468.9700012207031
468.5899963378906
468.5899963378906
468.7200012207031
468.9949951171875
469.2049865722656
468.1099853515625
467.9800109863281
468.1700134277344
467.9100036621094
467.7900085449219
467.114990234375
466.79998779296875
467.260009765625
467.3399963378906
467.5
467.25
466.6650085449219
466.9800109863281
466.2900085449219
467.07000732421875
466.8599853515625
466.7699890136719
467.260009765625
467.1199951171875
467.1000061035156
467.6700134277344
467.42498779296875
467.625
467.5299987792969
467.2699890136719
466.92999267578125
466.8450012207031
466.80999755859375
466.7300109863281
466.8900146484375
466.3599853515625
466.67999267578125
466.639892578125
466.20001220703125
466.05499267578125
465.9700012207031
466.0
466.0799865722656
465.75
465.8800048828125
466.24029541015625
466.260009765625
466.1400146484375
466.0950012207031
466.2850036621094
465.8900146484375
465.9100036621094
466.25
466.8599853515625
466.3299865722656
466.3699951171875
466.37420654296875
466.6600036621094
466.5849914550781
466.7300109863281
467.1449890136719
467.2699890136719
467.2449951171875
467.07000732421875
466.95001220703125
466.93499755859375
466.9700012207031
466.4800109863281
466.5199890136719
466.3599853515625
466.54998779296875
466.3800048828125
467.06500244140625
466.7699890136719
466.9949951171875
467.0299987792969
466.7699890136719
467.07000732421875
467.1700134277344
466.760009765625
467.4100036621094
467.31500244140625
467.6000061035156
467.3299865722656
466.9549865722656
466.75
466.7799987792969
466.7799987792969
466.8299865722656
466.7900085449219
466.7099914550781
466.4200134277344
466.80999755859375
467.19000244140625
466.7900085449219
466.80499267578125
466.57000732421875
466.57000732421875
466.45001220703125
466.29998779296875
466.0450134277344
465.79998779296875
465.67999267578125
465.8500061035156
465.7099914550781
465.6300048828125
465.32000732421875
465.0
464.8800048828125
464.3800048828125
464.6099853515625
464.6000061035156
464.2550048828125
463.8900146484375
464.20001220703125
463.95001220703125
464.1400146484375
464.07000732421875
464.2900085449219
464.9198913574219
464.5150146484375
464.6700134277344
464.95001220703125
465.2300109863281
464.82000732421875
464.9800109863281
465.0400085449219
465.0299987792969
465.1099853515625
465.1700134277344
464.5
464.7099914550781
464.7300109863281
465.29998779296875
465.29998779296875
465.5
465.7099914550781
465.55999755859375
465.1199951171875
464.95001220703125
465.07000732421875
464.9100036621094
464.9100036621094
465.04998779296875
464.7300109863281
465.2749938964844
465.0199890136719
465.0050048828125
464.8648986816406
464.79998779296875
465.010009765625
464.9800109863281
464.9649963378906
464.5899963378906
464.2974853515625
464.4049987792969
464.54998779296875
464.04998779296875
464.1600036621094
464.3500061035156
464.44500732421875
464.29998779296875
464.45001220703125
464.54998779296875
464.1499938964844
464.0450134277344
463.90020751953125
464.17999267578125
464.3299865722656
464.0400085449219
464.1000061035156
463.9100036621094
463.7699890136719
463.7001037597656
463.30999755859375
463.5299987792969
463.5199890136719
463.55999755859375
463.3699951171875
463.3800048828125
463.0899963378906
463.54998779296875
463.6000061035156
463.5050048828125
463.2200012207031
462.79998779296875
463.1600036621094
463.3949890136719
463.45001220703125
463.29998779296875
463.2200012207031
463.2200012207031
463.08221435546875
463.32000732421875
463.2445068359375
462.95001220703125
463.32000732421875
463.3746032714844
463.3399963378906
463.06500244140625
463.12249755859375
463.30999755859375
463.5
463.6700134277344
463.6159973144531
464.19000244140625
463.8599853515625
463.9200134277344
463.5950012207031
463.8450012207031
463.839111328125
463.7449951171875
463.56500244140625
463.4342041015625
463.4342041015625
463.4342041015625
463.70001220703125
463.3800048828125
463.45001220703125
463.614990234375
463.7799987792969
463.8299865722656
463.5
463.760009765625
463.9100036621094
463.67999267578125
463.5799865722656
463.7300109863281
463.55999755859375
463.6300048828125
463.3599853515625
463.625
463.30999755859375
463.31500244140625
463.260009765625
463.41949462890625
463.0299987792969
463.1499938964844
463.4150085449219
463.29998779296875
463.29998779296875
463.5350036621094
463.6300048828125
463.6300048828125
463.32000732421875
463.5
463.4800109863281
463.5819091796875
463.7110900878906
463.760009765625
463.760009765625
463.79998779296875
463.989990234375
463.9700012207031
463.760009765625
463.8900146484375
463.9849853515625
463.82000732421875
464.05999755859375
464.0
463.6700134277344
463.42999267578125
464.0010070800781
463.739990234375
463.8299865722656
463.7149963378906
463.7149963378906
463.7149963378906
463.7300109863281
463.7900085449219
463.7749938964844
463.8724060058594
463.82501220703125
463.82000732421875
464.05499267578125
463.8699951171875
464.1000061035156
463.9599914550781
464.0
463.989990234375
464.0350036621094
464.03399658203125
463.9800109863281
463.79998779296875
463.8200988769531
464.04888916015625
464.07000732421875
464.17999267578125
463.9440002441406
463.9440002441406
463.9440002441406
463.6499938964844
463.7449951171875
463.7799987792969
463.7149963378906
464.0899963378906
464.0899963378906
464.0400085449219
463.92999267578125
463.92999267578125
463.739990234375
463.8299865722656
463.9100036621094
463.997802734375
464.05999755859375
463.8900146484375
463.8399963378906
463.8575134277344
463.8575134277344
464.0199890136719
464.0199890136719
463.9800109863281
463.9671936035156
464.1499938964844
463.8299865722656
464.1000061035156
464.0400085449219
463.9939880371094
464.1000061035156
464.4599914550781
464.4549865722656
464.6499938964844
464.5549011230469
464.7200012207031
464.7699890136719
464.8349914550781
464.7300109863281
464.79998779296875
464.864990234375
464.885009765625
464.885009765625
464.94000244140625
464.9700012207031
464.9700012207031
464.9700012207031
464.7650146484375
465.1000061035156
465.2699890136719
465.42999267578125
465.3399963378906
465.52911376953125
465.42999267578125
465.260009765625
465.260009765625
465.1700134277344
465.059814453125
465.1499938964844
465.1499938964844
465.2300109863281
465.2099914550781
465.2900085449219
465.4100036621094
464.9200134277344
464.95001220703125
464.7650146484375
464.6700134277344
464.79840087890625
464.739990234375
464.5199890136719
464.3299865722656
464.3599853515625
464.67999267578125
464.57000732421875
464.57000732421875
464.7099914550781
464.8500061035156
464.6600036621094
464.8207092285156
464.9049987792969
465.0
464.6400146484375
464.6549987792969
464.4844055175781
464.4844055175781
464.6499938964844
464.7250061035156
464.8599853515625
464.57000732421875
464.4989013671875
464.5299987792969
464.54998779296875
464.625
464.3500061035156
464.4150085449219
464.42498779296875
464.1700134277344
464.29998779296875
464.2900085449219
464.44000244140625
464.2699890136719
464.19000244140625
464.2449951171875
463.95001220703125
464.1199951171875
464.05499267578125
464.14990234375
464.14990234375
464.42999267578125
463.95001220703125
463.75
463.79998779296875
463.6600036621094
463.8493957519531
463.989990234375
463.739990234375
463.8800048828125
463.8949890136719
464.0
463.75
463.764404296875
463.8900146484375
463.989990234375
464.1499938964844
463.95001220703125
464.239990234375
463.9599914550781
464.0950012207031
463.92999267578125
463.87200927734375
464.010009765625
464.010009765625
464.07000732421875
464.0899963378906
464.0899963378906
463.94000244140625
464.0
463.9599914550781
463.96759033203125
464.0
464.0
464.1000061035156
463.92999267578125
463.8299865722656
463.8800048828125
464.07000732421875
463.9599914550781
464.0799865722656
463.95989990234375
463.9200134277344
464.010009765625
463.9849853515625
463.9800109863281
464.010009765625
463.9200134277344
464.0400085449219
464.0299987792969
463.8699951171875
464.1300048828125
464.1300048828125
464.0799865722656
464.42498779296875
464.42999267578125
464.2300109863281
464.4800109863281
464.80499267578125
465.04998779296875
465.20001220703125
465.0299987792969
464.8384094238281
465.0199890136719
465.0400085449219
465.0249938964844
464.92999267578125
464.9372863769531
464.989990234375
464.864990234375
465.010986328125
464.9599914550781
464.80999755859375
464.6099853515625
464.7699890136719
464.44000244140625
464.2850036621094
464.2850036621094
464.44500732421875
464.42999267578125
464.239990234375
464.30499267578125
464.3599853515625
464.2799987792969
464.3599853515625
464.29998779296875
464.2850036621094
464.5179138183594
464.3349914550781
464.44000244140625
464.4750061035156
464.3800048828125
464.2799987792969
464.489990234375
464.9200134277344
465.3789978027344
465.42669677734375
465.4700012207031
465.36151123046875
465.6199951171875
465.67999267578125
465.81500244140625
465.79998779296875
465.8349914550781
465.7799987792969
465.8550109863281
466.1300048828125
465.8999938964844
465.8900146484375
466.0382080078125
465.9599914550781
465.8399963378906
465.68780517578125
465.7300109863281
465.6499938964844
465.57000732421875
465.82000732421875
465.79998779296875
466.0299987792969
466.2835998535156
466.31500244140625
466.25
466.364990234375
466.7149963378906
466.6000061035156
466.6000061035156
466.4200134277344
466.5899963378906
466.70001220703125
466.8299865722656
467.25
467.6000061035156
468.2077941894531
468.1487121582031
467.92999267578125
467.94500732421875
467.8500061035156
467.92498779296875
467.8800048828125
468.79998779296875
468.7550048828125
469.010009765625
468.81500244140625
468.7699890136719
468.8800048828125
468.8900146484375
467.8800048828125
467.8800048828125
