226.1699981689453
226.1699981689453
227.5399932861328
227.125
227.47000122070312
228.610107421875
228.75
229.25999450683594
229.4199981689453
229.6199951171875
229.75999450683594
230.3699951171875
230.24000549316406
229.91000366210938
229.55999755859375
230.14999389648438
230.32000732421875
230.74000549316406
230.32000732421875
231.0500030517578
231.74000549316406
231.9600067138672
231.6300048828125
232.36500549316406
231.97500610351562
232.44000244140625
232.1300048828125
231.6685028076172
232.57000732421875
232.6457061767578
232.9199981689453
233.19000244140625
233.00999450683594
233.57000732421875
233.67999267578125
234.30999755859375
234.5
234.02499389648438
233.97999572753906
233.67999267578125
233.2366943359375
233.0399932861328
232.94000244140625
232.83999633789062
232.89999389648438
233.03500366210938
233.5417938232422
234.0500030517578
233.625
233.77999877929688
233.6199951171875
233.24000549316406
232.39999389648438
232.11500549316406
231.8000030517578
231.50999450683594
231.36070251464844
231.0399932861328
230.72000122070312
231.06849670410156
230.69000244140625
230.3300018310547
229.7899932861328
230.42999267578125
230.73500061035156
230.86000061035156
230.58999633789062
230.63499450683594
231.02999877929688
231.0800018310547
231.35000610351562
231.0
231.49000549316406
231.37750244140625
231.30499267578125
231.23500061035156
231.2899932861328
231.17999267578125
231.32000732421875
231.5399932861328
231.67999267578125
231.61000061035156
231.5500030517578
231.64500427246094
231.85499572753906
231.5625
231.77499389648438
231.83999633789062
232.12550354003906
232.22000122070312
232.13999938964844
232.33999633789062
232.4949951171875
232.5050048828125
232.22000122070312
232.297607421875
232.0800018310547
232.05999755859375
232.451904296875
232.02000427246094
232.25
232.2779998779297
232.4250030517578
232.52999877929688
232.49000549316406
232.26499938964844
232.25999450683594
231.97999572753906
231.89999389648438
231.57000732421875
231.57000732421875
231.8300018310547
231.9600067138672
232.09500122070312
232.1199951171875
232.1699981689453
232.13499450683594
232.22000122070312
231.94000244140625
232.0399932861328
231.8800048828125
231.44000244140625
231.375
231.60000610351562
231.47999572753906
231.27000427246094
230.97999572753906
231.27999877929688
231.3000030517578
230.93980407714844
230.89500427246094
230.9949951171875
230.9250030517578
230.8800048828125
230.82000732421875
230.72999572753906
230.72999572753906
230.5507049560547
230.9499969482422
231.1300048828125
231.15939331054688
231.72999572753906
231.7550048828125
231.55999755859375
231.75799560546875
231.66000366210938
231.83999633789062
231.92999267578125
232.17999267578125
232.33999633789062
232.36500549316406
232.23500061035156
231.8699951171875
232.0399932861328
231.3300018310547
231.38999938964844
231.06100463867188
231.32260131835938
231.17999267578125
231.11500549316406
231.22000122070312
231.1199951171875
231.1999969482422
231.2899932861328
231.19000244140625
231.22000122070312
230.92999267578125
230.6699981689453
230.8300018310547
231.27000427246094
231.1699981689453
231.30999755859375
231.3000030517578
231.43280029296875
231.67999267578125
231.71749877929688
231.66000366210938
231.6125030517578
231.50999450683594
231.52999877929688
231.39999389648438
231.22999572753906
231.49000549316406
231.25
231.1300048828125
230.94000244140625
231.0
230.97000122070312
230.94000244140625
230.91000366210938
230.97999572753906
231.17999267578125
231.33999633789062
231.25270080566406
231.0583953857422
231.13499450683594
231.22999572753906
231.24000549316406
230.97500610351562
230.75999450683594
230.94500732421875
231.1649932861328
231.0500030517578
231.06739807128906
231.27000427246094
231.52000427246094
231.5449981689453
231.4600067138672
231.50999450683594
231.77999877929688
231.63009643554688
231.94500732421875
231.92999267578125
231.99000549316406
231.94009399414062
232.11929321289062
232.3300018310547
232.34869384765625
232.39999389648438
232.07110595703125
232.07000732421875
232.0500030517578
232.28500366210938
232.2100067138672
232.0449981689453
231.97000122070312
232.10000610351562
231.97999572753906
232.0345001220703
232.0
232.09500122070312
232.1300048828125
232.08999633789062
231.73500061035156
231.67999267578125
231.78500366210938
231.55999755859375
231.63999938964844
231.6300048828125
231.6199951171875
231.63999938964844
231.5800018310547
231.5782928466797
231.5800018310547
231.5699005126953
231.83999633789062
231.82000732421875
231.69000244140625
231.58970642089844
231.77000427246094
231.61000061035156
231.52999877929688
231.5
231.4199981689453
231.3300018310547
231.30999755859375
231.22999572753906
231.3699951171875
231.27499389648438
231.2899932861328
231.2050018310547
231.3300018310547
231.3300018310547
231.13999938964844
230.89999389648438
230.97000122070312
231.00999450683594
230.75
230.9022979736328
230.75
230.69000244140625
230.94000244140625
231.0
230.97000122070312
230.6999969482422
230.84500122070312
230.68089294433594
230.82000732421875
230.63999938964844
230.8300018310547
230.86000061035156
230.7707977294922
230.76449584960938
230.77000427246094
230.83389282226562
230.94000244140625
230.85000610351562
230.80999755859375
230.6999969482422
230.55999755859375
230.39219665527344
230.5749969482422
230.50999450683594
230.4499969482422
230.66000366210938
230.6699981689453
230.4949951171875
230.61000061035156
230.85499572753906
230.63999938964844
230.5500030517578
230.52499389648438
230.68499755859375
230.72000122070312
230.75
230.71499633789062
230.6699981689453
230.61129760742188
230.6300048828125
230.5399932861328
230.58999633789062
230.58999633789062
230.74000549316406
230.52000427246094
230.5
230.44000244140625
230.24000549316406
230.4499969482422
230.5500030517578
230.4199981689453
230.53990173339844
230.1826934814453
230.05999755859375
230.02999877929688
230.03500366210938
230.10000610351562
230.07000732421875
230.10499572753906
230.14999389648438
230.14999389648438
230.3800048828125
230.30499267578125
230.5
230.55999755859375
230.5500030517578
230.52999877929688
230.54379272460938
230.6699981689453
230.89999389648438
230.85000610351562
230.80999755859375
230.9250030517578
230.9600067138672
231.14999389648438
231.07000732421875
231.19000244140625
231.1999969482422
231.18499755859375
231.10000610351562
231.1300048828125
230.97999572753906
230.90499877929688
230.7501983642578
230.77999877929688
230.89999389648438
230.860107421875
230.94000244140625
230.8000030517578
230.8249969482422
230.7100067138672
230.78819274902344
230.6199951171875
230.6649932861328
230.5500030517578
230.60000610351562
230.7657928466797
230.72999572753906
230.8000030517578
230.7050018310547
230.72000122070312
230.8300018310547
230.9199981689453
230.9149932861328
230.86500549316406
230.80999755859375
230.77279663085938
230.78500366210938
230.7550048828125
230.83999633789062
230.89999389648438
230.8300018310547
230.9281005859375
231.04640197753906
230.9499053955078
230.8699951171875
230.92869567871094
230.9949951171875
230.9199981689453
230.9600067138672
231.07000732421875
231.05499267578125
231.18499755859375
231.1300048828125
231.17999267578125
231.2100067138672
231.22999572753906
231.2899932861328
231.2480926513672
231.22000122070312
231.2100067138672
230.89999389648438
231.01499938964844
231.1300048828125
231.19500732421875
231.27999877929688
231.24000549316406
231.33999633789062
231.41000366210938
231.36000061035156
231.39999389648438
231.44000244140625
231.38999938964844
231.38999938964844
231.19000244140625
231.3800048828125
231.4095001220703
231.35789489746094
231.4199981689453
231.61940002441406
231.27999877929688
231.2899932861328
231.32000732421875
231.32000732421875
231.2050018310547
231.2194061279297
231.18499755859375
230.89999389648438
230.87989807128906
230.94000244140625
231.02890014648438
231.0
230.97000122070312
230.87350463867188
230.7899932861328
230.60499572753906
230.80999755859375
230.8300018310547
230.8300018310547
230.88999938964844
230.83999633789062
230.97369384765625
231.03500366210938
231.02999877929688
231.11000061035156
231.19920349121094
231.0500030517578
231.00999450683594
231.06939697265625
231.25
231.07150268554688
231.13999938964844
230.97999572753906
230.97279357910156
230.9499969482422
230.90499877929688
230.91000366210938
230.8699951171875
230.9600067138672
230.86000061035156
230.63099670410156
230.6591033935547
230.5800018310547
230.46499633789062
230.63999938964844
230.58999633789062
230.47500610351562
230.35499572753906
230.3000030517578
230.44000244140625
230.3000030517578
230.41000366210938
230.30999755859375
230.37330627441406
230.2030029296875
230.19000244140625
230.32000732421875
230.1790008544922
230.1790008544922
230.14999389648438
230.11000061035156
230.04409790039062
230.08999633789062
230.13999938964844
230.09500122070312
230.02999877929688
230.02999877929688
230.24879455566406
230.1999969482422
230.1750030517578
230.09500122070312
230.0800018310547
230.0399932861328
230.13999938964844
230.27999877929688
230.1999969482422
230.27999877929688
230.38999938964844
230.17999267578125
230.23500061035156
230.34500122070312
230.29559326171875
230.27999877929688
230.1750030517578
230.1699981689453
230.0
230.10000610351562
230.10499572753906
230.08999633789062
230.19000244140625
230.26499938964844
230.41000366210938
230.41000366210938
230.4600067138672
230.30270385742188
230.28500366210938
230.24000549316406
230.08999633789062
230.09500122070312
230.10000610351562
229.9239959716797
229.88999938964844
229.7899932861328
229.88499450683594
229.9499969482422
229.9199981689453
229.96499633789062
230.07000732421875
230.08999633789062
230.4499969482422
230.24000549316406
230.26499938964844
230.0399932861328
230.07000732421875
230.17999267578125
230.1999969482422
230.08299255371094
230.1300048828125
230.4199981689453
230.47999572753906
230.8000030517578
230.75999450683594
230.6999969482422
230.75999450683594
230.75999450683594
230.75999450683594
230.8699951171875
230.80499267578125
230.61000061035156
230.64999389648438
230.6510009765625
230.9199981689453
230.9499969482422
230.86000061035156
230.80499267578125
230.71029663085938
230.77999877929688
230.77999877929688
230.80999755859375
230.86929321289062
230.9199981689453
230.91000366210938
230.91000366210938
230.80999755859375
230.85000610351562
230.8800048828125
230.86000061035156
230.7440948486328
230.8699951171875
230.91000366210938
230.8699951171875
230.92999267578125
230.80999755859375
230.8800048828125
230.9600067138672
231.02000427246094
231.0800018310547
231.14999389648438
231.13999938964844
231.19020080566406
231.26010131835938
231.4499969482422
231.3300018310547
231.34500122070312
231.35000610351562
231.60499572753906
231.6300048828125
231.55499267578125
231.54710388183594
231.5
231.5800018310547
231.5500030517578
231.66000366210938
231.63499450683594
231.57000732421875
231.61000061035156
231.52999877929688
231.47000122070312
231.32000732421875
231.08999633789062
231.08999633789062
231.19000244140625
231.33999633789062
231.4499969482422
231.44000244140625
231.66000366210938
231.73699951171875
231.85000610351562
231.75999450683594
231.9199981689453
231.94400024414062
232.02999877929688
231.8800048828125
232.0800018310547
232.13999938964844
232.33999633789062
232.3800048828125
232.36000061035156
232.60000610351562
232.50999450683594
232.47500610351562
232.44500732421875
232.38999938964844
232.46499633789062
232.63999938964844
232.6999969482422
232.68499755859375
232.89999389648438
232.85000610351562
232.6199951171875
232.57000732421875
232.56820678710938
232.11000061035156
232.11000061035156