53.22999954223633
53.22999954223633
53.349998474121094
53.58000183105469
53.529998779296875
53.369998931884766
53.33000183105469
53.13999938964844
53.040000915527344
53.01499938964844
52.97999954223633
52.970001220703125
53.185001373291016
53.20000076293945
53.209999084472656
53.16019821166992
53.21500015258789
53.21179962158203
53.20500183105469
53.154998779296875
53.1150016784668
53.22010040283203
53.154998779296875
53.10499954223633
53.03499984741211
53.06999969482422
53.060001373291016
52.97999954223633
53.064998626708984
53.04999923706055
53.01499938964844
52.994998931884766
52.96500015258789
53.02000045776367
53.01499938964844
53.01499938964844
52.974700927734375
53.0
53.02000045776367
53.04999923706055
53.084999084472656
53.06999969482422
53.1150016784668
53.09600067138672
53.080101013183594
53.125
53.14500045776367
53.060001373291016
53.025299072265625
53.04990005493164
53.05500030517578
53.060001373291016
53.05849838256836
53.088199615478516
53.099998474121094
53.150001525878906
53.130001068115234
53.13999938964844
53.125
53.14500045776367
53.049800872802734
52.9900016784668
53.040000915527344
53.11000061035156
53.04159927368164
53.040000915527344
52.98500061035156
52.98500061035156
52.941200256347656
52.99800109863281
52.95000076293945
52.98759841918945
52.98500061035156
53.04050064086914
53.010101318359375
53.005001068115234
53.025001525878906
52.955101013183594
52.94499969482422
52.970001220703125
53.0
53.025001525878906
53.02000045776367
53.01499938964844
53.019901275634766
53.01499938964844
53.040000915527344
53.08000183105469
53.130001068115234
53.07500076293945
53.10499954223633
53.10499954223633
53.1150016784668
53.07849884033203
53.0099983215332
52.959999084472656
52.98500061035156
52.98500061035156
52.95500183105469
52.95500183105469
52.957000732421875
52.959999084472656
52.98500061035156
52.98500061035156
52.97999954223633
52.97999954223633
52.959999084472656
52.959999084472656
52.974998474121094
52.974998474121094
52.904998779296875
52.96500015258789
52.95500183105469
53.0099983215332
53.0099983215332
53.01499938964844
53.02000045776367
53.029998779296875
53.072200775146484
53.084999084472656
53.14500045776367
53.14500045776367
53.18009948730469
53.22010040283203
53.2599983215332
53.290000915527344
53.275001525878906
53.310001373291016
53.350101470947266
53.29999923706055
53.29999923706055
53.32500076293945
53.30179977416992
53.314998626708984
53.29999923706055
53.29499816894531
53.30500030517578
53.30500030517578
53.31999969482422
53.310001373291016
53.334999084472656
53.34000015258789
53.314998626708984
53.30500030517578
53.23500061035156
53.22990036010742
53.15999984741211
53.20000076293945
53.20920181274414
53.19499969482422
53.20000076293945
53.150001525878906
53.1254997253418
53.099998474121094
53.0099983215332
53.02859878540039
52.9640007019043
52.86000061035156
52.87770080566406
52.81999969482422
52.869998931884766
52.869998931884766
52.85499954223633
52.875
52.88100051879883
52.88180160522461
52.869998931884766
52.875
52.85499954223633
52.82500076293945
52.82500076293945
52.79999923706055
52.745399475097656
52.78499984741211
52.76499938964844
52.814998626708984
52.82500076293945
52.86000061035156
52.82500076293945
52.85499954223633
52.875
52.900001525878906
52.849998474121094
52.845001220703125
52.88999938964844
52.85530090332031
52.849998474121094
52.85499954223633
52.845001220703125
52.82500076293945
52.80500030517578
52.845001220703125
52.8650016784668
52.869998931884766
52.86000061035156
52.83000183105469
52.80500030517578
52.79169845581055
52.810001373291016
52.79499816894531
52.86000061035156
52.73500061035156
52.73500061035156
52.7599983215332
52.76499938964844
52.775001525878906
52.77000045776367
52.730098724365234
52.724998474121094
52.720001220703125
52.70500183105469
52.69499969482422
52.70500183105469
52.689998626708984
52.69499969482422
52.70000076293945
52.70500183105469
52.69499969482422
52.67020034790039
52.625
52.650001525878906
52.63999938964844
52.63999938964844
52.650001525878906
52.654998779296875
52.64500045776367
52.584999084472656
52.599998474121094
52.60499954223633
52.59000015258789
52.59000015258789
52.6349983215332
52.6150016784668
52.619998931884766
52.61000061035156
52.60499954223633
52.61000061035156
52.580101013183594
52.56999969482422
52.56380081176758
52.59000015258789
52.59000015258789
52.595001220703125
52.584999084472656
52.56990051269531
52.541900634765625
52.54499816894531
52.53499984741211
52.53499984741211
52.560001373291016
52.54499816894531
52.54499816894531
52.53010177612305
52.54499816894531
52.563201904296875
52.560001373291016
52.55500030517578
52.560001373291016
52.534698486328125
52.51499938964844
52.51499938964844
52.54499816894531
52.52000045776367
52.52000045776367
52.525001525878906
52.54600143432617
52.56999969482422
52.595001220703125
52.57500076293945
52.56129837036133
52.53499984741211
52.52519989013672
52.505001068115234
52.499000549316406
52.505001068115234
52.494998931884766
52.492698669433594
52.5077018737793
52.4900016784668
52.470001220703125
52.45500183105469
52.45100021362305
52.44559860229492
52.44499969482422
52.39500045776367
52.415000915527344
52.435001373291016
52.404998779296875
52.375
52.39500045776367
52.39500045776367
52.404998779296875
52.39500045776367
52.39500045776367
52.393001556396484
52.375
52.35499954223633
52.345001220703125
52.375
52.334999084472656
52.29499816894531
52.29499816894531
52.27000045776367
52.26499938964844
52.275001525878906
52.274200439453125
52.26499938964844
52.279998779296875
52.279998779296875
52.25
52.255001068115234
52.24549865722656
52.224998474121094
52.2400016784668
52.22999954223633
52.224998474121094
52.27000045776367
52.26499938964844
52.27000045776367
52.349998474121094
52.334999084472656
52.31019973754883
52.279998779296875
52.275001525878906
52.27989959716797
52.26559829711914
52.244998931884766
52.25040054321289
52.2598991394043
52.24440002441406
52.275001525878906
52.29499816894531
52.28020095825195
52.27000045776367
52.279998779296875
52.275001525878906
52.28499984741211
52.26499938964844
52.255001068115234
52.279998779296875
52.30500030517578
52.310001373291016
52.310001373291016
52.31999969482422
52.334999084472656
52.332801818847656
52.314998626708984
52.32899856567383
52.3129997253418
52.30500030517578
52.32569885253906
52.31209945678711
52.279998779296875
52.26499938964844
52.29999923706055
52.279998779296875
52.286399841308594
52.29499816894531
52.31999969482422
52.36989974975586
52.39500045776367
52.41699981689453
52.43000030517578
52.470001220703125
52.46500015258789
52.435001373291016
52.42300033569336
52.39500045776367
52.404998779296875
52.415000915527344
52.400001525878906
52.419700622558594
52.4557991027832
52.47999954223633
52.48500061035156
52.4900016784668
52.46500015258789
52.470001220703125
52.45989990234375
52.47330093383789
52.4900016784668
52.52000045776367
52.505001068115234
52.49850082397461
52.5
52.525001525878906
52.525001525878906
52.540000915527344
52.55009841918945
52.55139923095703
52.56999969482422
52.56999969482422
52.54999923706055
52.58700180053711
52.60240173339844
52.619998931884766
52.619998931884766
52.6150016784668
52.630001068115234
52.619998931884766
52.630001068115234
52.6349983215332
52.625
52.60499954223633
52.606998443603516
52.630001068115234
52.599998474121094
52.595001220703125
52.60499954223633
52.58700180053711
52.59000015258789
52.630001068115234
52.674800872802734
52.690101623535156
52.70500183105469
52.71500015258789
52.720001220703125
52.75960159301758
52.78499984741211
52.82500076293945
52.84000015258789
52.814998626708984
52.80500030517578
52.77000045776367
52.801300048828125
52.80500030517578
52.79499816894531
52.775001525878906
52.78499984741211
52.80500030517578
52.79499816894531
52.810001373291016
52.82500076293945
52.83449935913086
52.810001373291016
52.80500030517578
52.814998626708984
52.83000183105469
52.834999084472656
52.81700134277344
52.837799072265625
52.82699966430664
52.818199157714844
52.82500076293945
52.82789993286133
52.82500076293945
52.82500076293945
52.845001220703125
52.833499908447266
52.81999969482422
52.83000183105469
52.85499954223633
52.86370086669922
52.858001708984375
52.83140182495117
52.814998626708984
52.82500076293945
52.84320068359375
52.8400993347168
52.84000015258789
52.83000183105469
52.82500076293945
52.81779861450195
52.79999923706055
52.810699462890625
52.803001403808594
52.79499816894531
52.80500030517578
52.814998626708984
52.8130989074707
52.82500076293945
52.810001373291016
52.833499908447266
52.84000015258789
52.8650016784668
52.8650016784668
52.85369873046875
52.87300109863281
52.8849983215332
52.8650016784668
52.89500045776367
52.8849983215332
52.89500045776367
52.9010009765625
52.90999984741211
52.90999984741211
52.93000030517578
52.936100006103516
52.96500015258789
52.994998931884766
52.962799072265625
52.94499969482422
52.92499923706055
52.935001373291016
52.94499969482422
52.95500183105469
52.957401275634766
52.99700164794922
52.994998931884766
53.0
53.01499938964844
53.005001068115234
53.005001068115234
52.974300384521484
53.000099182128906
53.012001037597656
53.01499938964844
53.01499938964844
53.02000045776367
53.0099983215332
53.00279998779297
53.0099983215332
52.992401123046875
52.99729919433594
52.9901008605957
53.005001068115234
53.0099983215332
52.98500061035156
52.9807014465332
52.97999954223633
52.994998931884766
53.005001068115234
53.029998779296875
53.04460144042969
53.060001373291016
53.07500076293945
53.09000015258789
53.095001220703125
53.11000061035156
53.130001068115234
53.125
53.10319900512695
53.1083984375
53.1150016784668
53.1150016784668
53.125
53.1349983215332
53.099998474121094
53.125
53.129798889160156
53.130001068115234
53.147701263427734
53.16999816894531
53.167301177978516
53.164398193359375
53.16999816894531
53.18000030517578
53.16899871826172
53.150001525878906
53.15299987792969
53.154998779296875
53.158199310302734
53.169898986816406
53.165000915527344
53.15999984741211
53.165000915527344
53.165000915527344
53.17499923706055
53.16999816894531
53.189998626708984
53.20000076293945
53.23500061035156
53.222999572753906
53.2599983215332
53.275001525878906
53.25709915161133
53.255001068115234
53.25740051269531
53.246700286865234
53.2599983215332
53.22999954223633
53.209999084472656
53.204498291015625
53.20800018310547
53.18989944458008
53.19499969482422
53.20000076293945
53.17570114135742
53.21500015258789
53.21500015258789
53.21500015258789
53.21500015258789
53.213199615478516
53.22700119018555
53.21500015258789
53.192298889160156
53.209999084472656
53.15999984741211
53.16999816894531
53.165000915527344
53.165000915527344
53.17539978027344
53.16339874267578
53.154998779296875
53.150001525878906
53.10499954223633
53.099998474121094
53.07500076293945
53.084999084472656
53.10499954223633
53.130001068115234
53.14500045776367
53.14500045776367
53.154998779296875
53.185001373291016
53.220001220703125
53.224998474121094
53.255001068115234
53.255001068115234
53.26499938964844
53.244998931884766
53.23160171508789
53.244998931884766
53.2400016784668
53.28499984741211
53.29499816894531
53.29499816894531
53.310001373291016
53.31840133666992
53.310001373291016
53.314998626708984
53.33000183105469
53.314998626708984
53.29999923706055
53.2599983215332
53.265201568603516
53.255001068115234
53.255001068115234
53.224998474121094
53.224998474121094
53.20000076293945
53.16999816894531
53.16999816894531