49.7599983215332
49.7599983215332
49.380001068115234
49.33000183105469
49.290000915527344
49.2599983215332
49.25
49.29999923706055
49.349998474121094
49.36000061035156
49.34000015258789
49.380001068115234
49.459999084472656
49.47999954223633
49.5099983215332
49.54999923706055
49.53499984741211
49.630001068115234
49.52000045776367
49.59000015258789
49.650001525878906
49.66999816894531
49.494998931884766
49.369998931884766
49.459999084472656
49.50199890136719
49.44969940185547
49.540000915527344
49.599998474121094
49.540000915527344
49.5099983215332
49.529998779296875
49.540000915527344
49.540000915527344
49.630001068115234
49.650001525878906
49.68000030517578
49.63970184326172
49.619998931884766
49.650001525878906
49.68000030517578
49.709999084472656
49.70000076293945
49.720001220703125
49.70000076293945
49.720001220703125
49.779998779296875
49.78499984741211
49.7599983215332
49.790000915527344
49.77939987182617
49.709999084472656
49.599998474121094
49.630001068115234
49.619998931884766
49.63999938964844
49.63999938964844
49.619998931884766
49.63999938964844
49.66999816894531
49.58000183105469
49.54999923706055
49.560001373291016
49.66999816894531
49.66999816894531
49.63999938964844
49.63999938964844
49.57500076293945
49.599998474121094
49.709999084472656
49.650001525878906
49.65999984741211
49.70000076293945
49.718101501464844
49.7400016784668
49.75
49.737998962402344
49.7599983215332
49.720001220703125
49.7400016784668
49.720001220703125
49.720001220703125
49.689998626708984
49.619998931884766
49.650001525878906
49.619998931884766
49.599998474121094
49.61000061035156
49.650001525878906
49.66999816894531
49.689998626708984
49.66999816894531
49.709999084472656
49.683998107910156
49.63999938964844
49.6150016784668
49.630001068115234
49.630001068115234
49.637001037597656
49.59000015258789
49.595001220703125
49.65999984741211
49.709999084472656
49.7400016784668
49.7599983215332
49.750099182128906
49.7599983215332
49.7400016784668
49.779998779296875
49.779998779296875
49.77000045776367
49.779998779296875
49.77000045776367
49.81460189819336
49.849998474121094
49.83000183105469
49.81999969482422
49.77000045776367
49.77000045776367
49.73139953613281
49.720001220703125
49.709999084472656
49.720001220703125
49.7599983215332
49.75
49.7400016784668
49.76499938964844
49.79999923706055
49.810001373291016
49.75
49.720001220703125
49.75
49.77000045776367
49.790000915527344
49.79999923706055
49.79499816894531
49.7599983215332
49.797401428222656
49.849998474121094
49.81999969482422
49.81999969482422
49.81999969482422
49.86000061035156
49.81999969482422
49.834999084472656
49.82500076293945
49.83000183105469
49.83399963378906
49.869998931884766
49.869998931884766
49.900001525878906
49.834999084472656
49.81999969482422
49.79999923706055
49.76499938964844
49.76499938964844
49.72999954223633
49.720001220703125
49.709999084472656
49.709999084472656
49.734100341796875
49.7400016784668
49.7400016784668
49.75
49.775001525878906
49.75
49.77000045776367
49.7400016784668
49.69499969482422
49.720001220703125
49.7599983215332
49.79999923706055
49.77690124511719
49.78499984741211
49.7400016784668
49.75
49.75279998779297
49.7400016784668
49.7400016784668
49.72999954223633
49.755001068115234
49.79999923706055
49.81999969482422
49.83000183105469
49.810001373291016
49.76499938964844
49.78499984741211
49.77000045776367
49.75
49.7599983215332
49.75
49.689998626708984
49.73099899291992
49.7400016784668
49.65999984741211
49.63999938964844
49.5880012512207
49.599998474121094
49.599998474121094
49.56999969482422
49.54999923706055
49.540000915527344
49.540000915527344
49.56489944458008
49.630001068115234
49.61000061035156
49.650001525878906
49.63999938964844
49.650001525878906
49.650001525878906
49.6349983215332
49.650001525878906
49.650001525878906
49.6349983215332
49.61000061035156
49.613800048828125
49.59000015258789
49.564998626708984
49.54499816894531
49.47999954223633
49.5099983215332
49.505001068115234
49.5099983215332
49.5
49.525001525878906
49.5099983215332
49.494998931884766
49.4900016784668
49.505001068115234
49.5
49.459999084472656
49.459999084472656
49.49570083618164
49.470001220703125
49.45500183105469
49.45000076293945
49.45000076293945
49.47990036010742
49.470001220703125
49.459999084472656
49.4900016784668
49.4900016784668
49.470001220703125
49.46500015258789
49.4900016784668
49.47999954223633
49.47010040283203
49.470001220703125
49.5
49.509300231933594
49.529998779296875
49.54999923706055
49.540000915527344
49.54999923706055
49.529998779296875
49.52000045776367
49.560001373291016
49.58000183105469
49.61000061035156
49.58000183105469
49.6150016784668
49.630001068115234
49.72999954223633
49.709999084472656
49.72999954223633
49.720001220703125
49.71009826660156
49.70500183105469
49.71500015258789
49.67499923706055
49.68000030517578
49.66999816894531
49.66999816894531
49.650001525878906
49.630001068115234
49.650001525878906
49.69160079956055
49.689998626708984
49.690101623535156
49.685001373291016
49.689998626708984
49.689998626708984
49.665000915527344
49.65999984741211
49.619998931884766
49.619998931884766
49.630001068115234
49.630001068115234
49.619998931884766
49.61709976196289
49.584999084472656
49.619998931884766
49.599998474121094
49.58000183105469
49.58000183105469
49.57899856567383
49.53499984741211
49.5099983215332
49.52000045776367
49.500099182128906
49.45500183105469
49.439998626708984
49.439998626708984
49.4900016784668
49.52000045776367
49.529998779296875
49.52000045776367
49.529998779296875
49.529998779296875
49.5099983215332
49.4900016784668
49.47999954223633
49.494998931884766
49.529998779296875
49.5
49.494998931884766
49.47999954223633
49.477500915527344
49.474998474121094
49.46500015258789
49.459999084472656
49.43000030517578
49.439998626708984
49.41999816894531
49.44499969482422
49.42179870605469
49.40999984741211
49.4192008972168
49.41999816894531
49.43159866333008
49.43000030517578
49.441898345947266
49.43000030517578
49.400001525878906
49.403499603271484
49.400001525878906
49.43989944458008
49.42610168457031
49.45000076293945
49.459999084472656
49.47800064086914
49.470001220703125
49.470001220703125
49.470001220703125
49.474998474121094
49.4900016784668
49.459999084472656
49.470001220703125
49.45500183105469
49.435001373291016
49.4474983215332
49.44670104980469
49.415000915527344
49.41999816894531
49.439998626708984
49.45000076293945
49.44499969482422
49.400001525878906
49.44499969482422
49.45000076293945
49.45330047607422
49.45000076293945
49.46500015258789
49.4900016784668
49.4900016784668
49.5
49.47999954223633
49.47999954223633
49.4900016784668
49.5099983215332
49.52000045776367
49.5099983215332
49.505001068115234
49.52000045776367
49.5099983215332
49.5099983215332
49.5099983215332
49.5099983215332
49.5099983215332
49.46500015258789
49.474998474121094
49.474300384521484
49.48500061035156
49.48500061035156
49.474998474121094
49.4900016784668
49.45000076293945
49.43000030517578
49.45000076293945
49.459999084472656
49.459999084472656
49.45500183105469
49.43000030517578
49.41999816894531
49.415000915527344
49.41999816894531
49.40999984741211
49.400001525878906
49.400001525878906
49.41999816894531
49.40999984741211
49.38999938964844
49.380001068115234
49.400001525878906
49.41999816894531
49.470001220703125
49.45000076293945
49.439998626708984
49.45000076293945
49.47019958496094
49.5
49.5
49.48460006713867
49.459999084472656
49.459999084472656
49.47999954223633
49.48500061035156
49.52000045776367
49.52989959716797
49.540000915527344
49.529998779296875
49.540000915527344
49.540000915527344
49.53799819946289
49.540000915527344
49.540000915527344
49.52000045776367
49.52410125732422
49.52000045776367
49.529998779296875
49.520198822021484
49.52000045776367
49.52000045776367
49.518001556396484
49.5099983215332
49.51750183105469
49.529998779296875
49.54999923706055
49.55500030517578
49.56999969482422
49.59149932861328
49.59000015258789
49.59000015258789
49.599998474121094
49.595001220703125
49.599998474121094
49.599998474121094
49.599998474121094
49.619998931884766
49.602699279785156
49.6150016784668
49.599998474121094
49.61000061035156
49.6150016784668
49.599998474121094
49.630001068115234
49.63999938964844
49.6599006652832
49.650001525878906
49.63999938964844
49.630001068115234
49.63999938964844
49.63999938964844
49.66999816894531
49.67570114135742
49.68000030517578
49.68000030517578
49.67190170288086
49.66999816894531
49.68000030517578
49.67390060424805
49.630001068115234
49.64500045776367
49.63999938964844
49.65999984741211
49.6619987487793
49.650001525878906
49.652000427246094
49.66999816894531
49.654998779296875
49.6349983215332
49.63240051269531
49.63999938964844
49.63999938964844
49.650001525878906
49.650001525878906
49.66999816894531
49.67499923706055
49.68000030517578
49.66999816894531
49.66999816894531
49.67499923706055
49.654998779296875
49.65999984741211
49.63999938964844
49.6427001953125
49.650001525878906
49.650001525878906
49.64500045776367
49.64690017700195
49.650001525878906
49.650001525878906
49.625
49.619998931884766
49.625
49.619998931884766
49.619998931884766
49.619998931884766
49.60749816894531
49.595001220703125
49.59000015258789
49.59600067138672
49.619998931884766
49.5890007019043
49.599998474121094
49.60499954223633
49.595001220703125
49.58000183105469
49.57500076293945
49.58000183105469
49.59000015258789
49.599998474121094
49.599998474121094
49.61000061035156
49.6150016784668
49.61629867553711
49.61000061035156
49.595001220703125
49.599998474121094
49.61000061035156
49.60499954223633
49.59000015258789
49.595001220703125
49.61009979248047
49.61000061035156
49.60499954223633
49.6150016784668
49.63999938964844
49.645599365234375
49.65719985961914
49.66999816894531
49.70500183105469
49.71500015258789
49.7400016784668
49.7400016784668
49.755001068115234
49.775001525878906
49.7599983215332
49.755001068115234
49.78499984741211
49.7599983215332
49.790000915527344
49.779998779296875
49.7599983215332
49.7599983215332
49.73500061035156
49.720001220703125
49.69499969482422
49.70500183105469
49.70500183105469
49.689998626708984
49.720001220703125
49.70000076293945
49.70000076293945
49.72999954223633
49.724998474121094
49.73820114135742
49.755001068115234
49.7599983215332
49.790000915527344
49.79209899902344
49.79499816894531
49.80500030517578
49.79999923706055
49.820899963378906
49.845001220703125
49.849098205566406
49.81999969482422
49.86000061035156
49.858299255371094
49.880001068115234
49.89500045776367
49.89509963989258
49.88999938964844
49.88999938964844
49.880001068115234
49.8650016784668
49.86000061035156
49.82500076293945
49.79999923706055
49.810001373291016
49.80500030517578
49.78499984741211
49.77000045776367
49.790000915527344
49.7599983215332
49.744998931884766
49.744998931884766
49.744998931884766
49.77000045776367
49.755001068115234
49.709999084472656
49.709999084472656
49.70500183105469
49.724998474121094
49.7400016784668
49.73699951171875
49.7599983215332
49.77000045776367
49.73500061035156
49.70000076293945
49.65999984741211
49.66999816894531
49.70000076293945
49.70000076293945
49.72999954223633
49.724998474121094
49.72999954223633
49.72999954223633
49.709999084472656
49.744998931884766
49.720001220703125
49.724998474121094
49.734901428222656
49.72999954223633
49.72999954223633
49.744998931884766
49.76499938964844
49.78499984741211
49.792999267578125
49.78499984741211
49.75
49.75
