139.80999755859375
139.80999755859375
139.24000549316406
139.2899932861328
139.2100067138672
139.0800018310547
139.5
139.61000061035156
139.4199981689453
139.4600067138672
139.4499969482422
139.44000244140625
139.63999938964844
139.86000061035156
139.89999389648438
139.67010498046875
140.00999450683594
140.02000427246094
140.01499938964844
139.94000244140625
139.75999450683594
139.7801055908203
139.72000122070312
139.6300048828125
139.5800018310547
139.68130493164062
139.92999267578125
139.86000061035156
139.67999267578125
139.58999633789062
139.3800048828125
139.47000122070312
139.47999572753906
139.47999572753906
139.5500030517578
139.8000030517578
139.6699981689453
139.6199951171875
139.75999450683594
139.6199951171875
139.6199951171875
139.41000366210938
139.47999572753906
139.42739868164062
139.46499633789062
139.39039611816406
139.41600036621094
139.42599487304688
139.4199981689453
139.23570251464844
139.38099670410156
139.44000244140625
139.4199981689453
139.5500030517578
139.32769775390625
139.3699951171875
139.40499877929688
139.4600067138672
139.33599853515625
139.22999572753906
139.17999267578125
139.1923065185547
139.2899932861328
139.5050048828125
139.4304962158203
139.33999633789062
139.25999450683594
139.24000549316406
139.38499450683594
139.35000610351562
139.3300018310547
139.3000030517578
139.25999450683594
139.402099609375
139.43499755859375
139.44000244140625
139.3302001953125
139.27999877929688
139.20120239257812
139.24000549316406
139.25999450683594
139.24000549316406
139.1300048828125
139.0399932861328
139.08999633789062
139.060302734375
139.05999755859375
139.13999938964844
139.24000549316406
139.25
139.27999877929688
139.3699951171875
139.4600067138672
139.47000122070312
139.41000366210938
139.3300018310547
139.35000610351562
139.38499450683594
139.3000030517578
139.19000244140625
139.07000732421875
139.13999938964844
139.07000732421875
139.05999755859375
139.1300048828125
139.0399932861328
139.24000549316406
139.2100067138672
139.30999755859375
139.3000030517578
139.25
139.3000030517578
139.3300018310547
139.49000549316406
139.39129638671875
139.40499877929688
139.3986053466797
139.4199981689453
139.35499572753906
139.26499938964844
139.2241973876953
139.2899932861328
139.27999877929688
139.3300018310547
139.3699951171875
139.4149932861328
139.41000366210938
139.38999938964844
139.39999389648438
139.335205078125
139.38999938964844
139.44000244140625
139.4600067138672
139.5364990234375
139.5399932861328
139.5500030517578
139.52999877929688
139.57000732421875
139.66000366210938
139.6199951171875
139.67689514160156
139.6999969482422
139.77000427246094
139.72999572753906
139.77000427246094
139.77999877929688
139.75
139.7100067138672
139.72000122070312
139.72500610351562
139.77999877929688
139.72999572753906
139.6999969482422
139.75
139.7100067138672
139.7322998046875
139.67999267578125
139.7126007080078
139.67999267578125
139.66000366210938
139.6999969482422
139.63999938964844
139.5800018310547
139.5850067138672
139.6300048828125
139.68069458007812
139.7100067138672
139.69500732421875
139.6199951171875
139.6300048828125
139.66000366210938
139.69000244140625
139.64999389648438
139.63400268554688
139.6300048828125
139.66000366210938
139.66000366210938
139.67520141601562
139.67999267578125
139.66000366210938
139.64999389648438
139.70509338378906
139.72000122070312
139.74000549316406
139.7449951171875
139.84500122070312
139.83999633789062
139.8300018310547
139.8300018310547
139.77000427246094
139.72000122070312
139.7100067138672
139.63999938964844
139.6999969482422
139.7100067138672
139.6999969482422
139.68870544433594
139.69000244140625
139.61000061035156
139.5500030517578
139.5399932861328
139.50999450683594
139.5500030517578
139.5970001220703
139.63999938964844
139.67999267578125
139.69000244140625
139.63999938964844
139.5800018310547
139.5850067138672
139.5800018310547
139.6300048828125
139.64999389648438
139.60000610351562
139.58999633789062
139.60499572753906
139.60000610351562
139.66000366210938
139.7993927001953
139.7100067138672
139.72999572753906
139.67999267578125
139.75999450683594
139.7100067138672
139.67999267578125
139.64500427246094
139.57000732421875
139.5399932861328
139.5843048095703
139.5399932861328
139.50999450683594
139.52000427246094
139.58999633789062
139.5800018310547
139.58999633789062
139.58999633789062
139.6199951171875
139.6199951171875
139.61000061035156
139.61500549316406
139.6199951171875
139.5800018310547
139.5469970703125
139.4499969482422
139.50999450683594
139.57000732421875
139.5399932861328
139.5500030517578
139.6300048828125
139.64999389648438
139.71499633789062
139.7100067138672
139.6699981689453
139.76499938964844
139.75
139.72999572753906
139.88999938964844
139.8800048828125
139.91000366210938
139.92999267578125
139.96180725097656
139.92999267578125
139.85000610351562
139.8760986328125
139.8249969482422
139.8300018310547
139.8000030517578
139.8300018310547
139.7949981689453
139.85000610351562
139.8300018310547
139.85000610351562
139.86000061035156
139.80999755859375
139.80999755859375
139.82000732421875
139.8699951171875
139.8699951171875
139.8300018310547
139.80039978027344
139.7799072265625
139.75599670410156
139.7100067138672
139.7100067138672
139.7100067138672
139.74000549316406
139.72999572753906
139.6999969482422
139.6699981689453
139.67999267578125
139.67999267578125
139.7100067138672
139.6699981689453
139.67999267578125
139.75
139.75999450683594
139.7100067138672
139.67999267578125
139.67999267578125
139.74000549316406
139.60000610351562
139.5800018310547
139.60000610351562
139.5749969482422
139.6199951171875
139.61000061035156
139.63999938964844
139.6334991455078
139.6999969482422
139.6999969482422
139.6750030517578
139.63999938964844
139.6300048828125
139.7100067138672
139.66000366210938
139.6199951171875
139.63999938964844
139.5930938720703
139.5800018310547
139.58999633789062
139.5749969482422
139.5800018310547
139.539794921875
139.5050048828125
139.52499389648438
139.4709930419922
139.44500732421875
139.47329711914062
139.50999450683594
139.50999450683594
139.47999572753906
139.4949951171875
139.47999572753906
139.44000244140625
139.42999267578125
139.45480346679688
139.49710083007812
139.50999450683594
139.55499267578125
139.5749969482422
139.5800018310547
139.61000061035156
139.6300048828125
139.6699981689453
139.6199951171875
139.63999938964844
139.63999938964844
139.6699981689453
139.6199951171875
139.55999755859375
139.57000732421875
139.57000732421875
139.53500366210938
139.56500244140625
139.57000732421875
139.63999938964844
139.62269592285156
139.62010192871094
139.5749969482422
139.5749969482422
139.59500122070312
139.57000732421875
139.6199951171875
139.66000366210938
139.6300048828125
139.595703125
139.63259887695312
139.61500549316406
139.5800018310547
139.625
139.6999969482422
139.69000244140625
139.69000244140625
139.6905059814453
139.7100067138672
139.6999969482422
139.72999572753906
139.75
139.74000549316406
139.73570251464844
139.7534942626953
139.8000030517578
139.8000030517578
139.82000732421875
139.8699951171875
139.88099670410156
139.8800048828125
139.8697967529297
139.89999389648438
139.89999389648438
139.92999267578125
139.9499969482422
139.94000244140625
139.97500610351562
139.9949951171875
139.9949951171875
140.02999877929688
140.06500244140625
140.10000610351562
140.07000732421875
140.05999755859375
139.97999572753906
140.02000427246094
140.02890014648438
140.07000732421875
140.11000061035156
140.13999938964844
140.1300048828125
140.23989868164062
140.1992950439453
140.22000122070312
140.22669982910156
140.22000122070312
140.25
140.26499938964844
140.25059509277344
140.26499938964844
140.27999877929688
140.3300018310547
140.35000610351562
140.3249969482422
140.32000732421875
140.34500122070312
140.36000061035156
140.39999389648438
140.40499877929688
140.4149932861328
140.4149932861328
140.4250030517578
140.4199981689453
140.4250030517578
140.5
140.47000122070312
140.42999267578125
140.3800048828125
140.42999267578125
140.33999633789062
140.35000610351562
140.36000061035156
140.36000061035156
140.39999389648438
140.4250030517578
140.41000366210938
140.33779907226562
140.35499572753906
140.36000061035156
140.34429931640625
140.27000427246094
140.30999755859375
140.27999877929688
140.24000549316406
140.27000427246094
140.2899932861328
140.33999633789062
140.33999633789062
140.35000610351562
140.3800048828125
140.4199981689453
140.42999267578125
140.4199981689453
140.4550018310547
140.4499969482422
140.43170166015625
140.47000122070312
140.50999450683594
140.5
140.5
140.48500061035156
140.50999450683594
140.57000732421875
140.54949951171875
140.4600067138672
140.4398956298828
140.47999572753906
140.47000122070312
140.51499938964844
140.4949951171875
140.5
140.53970336914062
140.5500030517578
140.55999755859375
140.61000061035156
140.64999389648438
140.6750030517578
140.63999938964844
140.69000244140625
140.7100067138672
140.6999969482422
140.67999267578125
140.66000366210938
140.57000732421875
140.61000061035156
140.60000610351562
140.64999389648438
140.64500427246094
140.69000244140625
140.69500732421875
140.60000610351562
140.58999633789062
140.55999755859375
140.5500030517578
140.52000427246094
140.46499633789062
140.47999572753906
140.42999267578125
140.4199981689453
140.4600067138672
140.47000122070312
140.4676055908203
140.46080017089844
140.47000122070312
140.50999450683594
140.5399932861328
140.52000427246094
140.5399932861328
140.5050048828125
140.52999877929688
140.49000549316406
140.5500030517578
140.5800018310547
140.5500030517578
140.5850067138672
140.58999633789062
140.65499877929688
140.6199951171875
140.6300048828125
140.5800018310547
140.55999755859375
140.56500244140625
140.5850067138672
140.5800018310547
140.60000610351562
140.60000610351562
140.63319396972656
140.6300048828125
140.61000061035156
140.6199951171875
140.58999633789062
140.6300048828125
140.6300048828125
140.64999389648438
140.7050018310547
140.72000122070312
140.69000244140625
140.77999877929688
140.8249969482422
140.88499450683594
140.86000061035156
140.8000030517578
140.77999877929688
140.74110412597656
140.77000427246094
140.7364959716797
140.77000427246094
140.80450439453125
140.82000732421875
140.8350067138672
140.82000732421875
140.85000610351562
140.8000030517578
140.75
140.75999450683594
140.72999572753906
140.7550048828125
140.76499938964844
140.80999755859375
140.80499267578125
140.8699951171875
140.84500122070312
140.8769989013672
140.89500427246094
140.89999389648438
140.8699951171875
140.88800048828125
140.88999938964844
140.91000366210938
140.91000366210938
140.8249969482422
140.91000366210938
140.9199981689453
140.98500061035156
141.01499938964844
140.9600067138672
141.02000427246094
141.00999450683594
141.0500030517578
140.98500061035156
140.96009826660156
140.94000244140625
140.89999389648438
140.83999633789062
140.8739013671875
140.80999755859375
140.80499267578125
140.8000030517578
140.77499389648438
140.72999572753906
140.6300048828125
140.66000366210938
140.74000549316406
140.77000427246094
140.83999633789062
140.7949981689453
140.84500122070312
140.86000061035156
140.8800048828125
140.9199981689453
140.91000366210938
140.97000122070312
140.8699951171875
140.9199981689453
140.8300018310547
140.8699951171875
140.88999938964844
140.92999267578125
140.97999572753906
141.02000427246094
141.05499267578125
141.0198974609375
141.02999877929688
141.07000732421875
141.09500122070312
141.11000061035156
141.02999877929688
141.0500030517578
141.05999755859375
141.05999755859375
141.02999877929688
141.0
140.97000122070312
140.92999267578125
140.89999389648438
140.89999389648438
