35376.26171875
35412.08984375
35435.33984375
35442.26953125
35460.01953125
35486.19140625
35460.73046875
35475.98828125
35472.53125
35440.37109375
35449.80078125
35449.62890625
35443.48828125
35452.328125
35458.5
35466.76953125
35459.578125
35462.98046875
35417.671875
35405.33984375
35371.73046875
35398.80859375
35424.98828125
35434.1015625
35432.55859375
35413.828125
35405.6484375
35406.109375
35402.171875
35391.1015625
35371.0703125
35374.12109375
35378.76171875
35381.25
35383.1015625
35417.1015625
35410.609375
35413.7109375
35414.109375
35412.76953125
35407.48828125
35412.80078125
35404.421875
35394.98828125
35381.87890625
35381.8203125
35395.26171875
35403.98828125
35386.3515625
35400.171875
35403.421875
35422.83984375
35403.51953125
35397.828125
35378.26171875
35366.6015625
35354.91015625
35363.01171875
35382.0390625
35364.87109375
35357.2109375
35345.8203125
35347.26171875
35378.2890625
35393.66015625
35387.4296875
35362.94921875
35377.921875
35380.1484375
35368.76171875
35394.4296875
35365.69921875
35357.78125
35337.1484375
35334.78125
35323.421875
35330.8203125
35340.48046875
35343.01953125
35345.390625
35333.75
35354.7890625
35343.359375
35337.96875
35354.62109375
35342.37890625
35340.30859375
35331.83984375
35311.26171875
35294.1015625
35311.5390625
35326.4609375
35350.4609375
35341.421875
35351.75
35356.94140625
35377.2109375
35378.23828125
35364.609375
35360.8203125
35375.6484375
35393.12109375
35417.5703125
35423.78125
35425.48046875
35435.7890625
35442.58984375
35434.01171875
35420.51171875
35416.3203125
35425.890625
35436.69921875
35432.6796875
35440.6484375
35435.26171875
35429.73828125
35414.37109375
35404.78125
35388.66015625
35391.359375
35388.26171875
35407.578125
35398.0703125
35401.921875
35400.23046875
35414.4609375
35398.51953125
35409.890625
35414.671875
35407.2109375
35385.171875
35399.0390625
35400.66015625
35384.16015625
35399.83984375
35389.9609375
35398.73828125
35390.30078125
35398.78125
35385.421875
35376.62109375
35383.05078125
35383.94140625
35378.05859375
35360.921875
35371.5
35358.6484375
35355.1484375
35361.5703125
35367.62109375
35341.44921875
35351.76171875
35351.62109375
35341.28125
35348.390625
35357.7890625
35368.4296875
35379.4296875
35363.4296875
35359.12109375
35363.12890625
35373.94921875
35363.2109375
35368.171875
35369.359375
35360.109375
35370.05859375
35371.98828125
35368.19921875
35369.96875
35377.078125
35370.62109375
35368.87109375
35390.5
35386.46875
35380.421875
35380.53125
35371.37109375
35361.01953125
35348.66015625
35353.12890625
35360.25
35352.75
35354.76171875
35366.69921875
35367.94921875
35375.69140625
35374.0703125
35363.05859375
35371.2890625
35363.421875
35355.69140625
35331.9609375
35345.25
35349.6015625
35363.7109375
35376.62890625
35368.5
35368.62890625
35373.69921875
35398.58984375
35380.58984375
35372.359375
35385.87109375
35387.23828125
35406.421875
35398.140625
35399.98828125
35404.078125
35396.1796875
35404.19921875
35396.390625
35402.6015625
35407.05859375
35402.98046875
35403.7890625
35406.71875
35394.9609375
35389.0703125
35392.19921875
35383.0390625
35382.55859375
35387.0390625
35385.30078125
35382.19140625
35392.80859375
35382.55078125
35378.19140625
35380.8984375
35390.01171875
35401.76171875
35413.390625
35408.78125
35410.25
35422.83984375
35427.171875
35432.80078125
35438.08984375
35432.8203125
35465.73046875
35473.4296875
35485.140625
35479.26171875
35470.23046875
35471.69140625
35472.51953125
35478.48828125
35473.19921875
35484.109375
35481.9609375
35480.390625
35480.08984375
35483.2890625
35492.3515625
35487.08984375
35467.5703125
35469.9609375
35453.01171875
35459.109375
35463.26953125
35463.171875
35462.7109375
35462.12109375
35463.3984375
35457.73046875
35460.26953125
35456.5390625
35473.30078125
35468.3203125
35470.6015625
35464.76953125
35462.3203125
35465.96875
35464.5390625
35464.359375
35453.328125
35465.12109375
35477.55078125
35477.4296875
35472.73046875
35472.140625
35480.23046875
35481.98046875
35489.51171875
35474.19140625
35474.671875
35476.05078125
35480.9609375
35486.51953125
35496.23828125
35500.0
35489.109375
35487.8984375
35490.37109375
35491.78125
35492.3984375
35494.94140625
35499.328125
35498.1796875
35502.1015625
35519.78125
35527.01953125
35528.5390625
35544.8515625
35538.73828125
35539.48828125
35531.69140625
35532.28125
35526.8203125
35526.19140625
35526.48046875
35529.890625
35530.25
35538.51953125
35534.05859375
35532.671875
35529.73828125
35530.109375
35532.109375
35535.94140625
35531.76953125
35534.30859375
35548.21875
35552.73046875
35551.48828125
35553.890625
35558.05078125
35558.30078125
35556.26953125
35564.66015625
35550.69140625
35541.1015625
35532.23046875
35534.33984375
35536.66015625
35535.01953125
35530.19140625
35527.9609375
35522.12109375
35509.96875
35502.12890625
35510.73046875
35514.80859375
35513.62109375
35505.0
35502.421875
35511.58984375
35516.19140625
35526.44140625
35524.671875
35528.19921875
35530.01953125
35525.5703125
35519.44921875
35504.640625
35508.53125
35509.140625
35506.359375
35505.91015625
35505.21875
35504.328125
35502.9296875
35505.48828125
35487.76171875
35495.4609375
35503.390625
35491.37890625
35490.37109375
35473.53125
35458.5703125
35472.78125
35472.6015625
35481.2109375
35489.21875
35494.66015625
35502.03125
35505.76953125
35507.96875
35500.609375
35501.26171875
35506.421875
35523.6484375
35517.28125
35519.69921875
35518.58984375
35522.890625
35517.05859375
35520.87109375
35529.3203125
35531.9296875
35533.390625
35531.91015625
35531.921875
35535.71875
35553.30078125
35538.8984375
35537.1484375
35543.87890625
35546.0
35554.8515625
35548.8203125
35547.16015625
35537.23046875
35533.421875
35525.66015625
35526.73828125
35510.51953125
35516.12890625
35513.0390625
35518.1015625
35522.578125
35523.75
35528.44921875
35529.359375
35539.51953125
35534.19140625
35529.62890625
35535.41015625
35543.2109375
35548.19140625
35549.44921875
35548.859375
35545.01953125
35546.48828125
35541.859375
35542.69921875
35543.28125
35556.2890625
35565.75
35575.98828125
35579.08984375
35574.98046875
35561.5703125
35559.6484375
35562.55859375
35564.23828125
35559.62109375
35567.76171875
35577.8203125
35579.80078125
35582.609375
35581.609375
35567.8203125
35563.578125
35571.859375
35563.6484375
35551.62890625
35544.98046875
35532.2109375
35539.96875
35540.859375
35539.421875
35551.62890625
35562.5390625
35562.41015625
35552.25
35554.7109375
35557.71875
35548.921875
35552.171875
35553.828125
35542.03125
35539.01953125
35534.21875
35545.94921875
35554.23828125
35556.96875
35558.30078125
35557.80859375
35564.62890625
35564.30078125
35572.44921875
35565.1015625
35568.55078125
35564.3984375
35572.98046875
35564.7109375
35571.83984375
35602.078125
35598.9609375
35590.859375
35596.33984375
35589.55078125
35589.25
35583.37890625
35576.55859375
35601.76171875
35604.9609375
35606.3984375
35612.23046875
35620.0703125
35607.671875
35607.73046875
35604.69921875
35618.05078125
35605.859375
35607.5390625
35616.44921875
35620.171875
35615.91015625
35620.1015625
35626.98046875
35628.46875
35621.05859375
35614.08984375
35615.26171875
35620.03125
35614.7109375
35615.19140625
35626.390625
35628.76171875
35613.05078125
35612.55078125
35612.9296875
35619.53125
35609.890625
35600.921875
35608.3203125
35603.01953125
35600.21875
35599.66015625
35589.87109375
35598.21875
35596.671875
35605.69140625
35626.12890625
35633.21875
35626.4296875
35630.19140625
35616.87109375
35609.578125
35613.80859375
35614.16015625
35610.3203125
35610.828125
35601.109375
35606.58984375
35606.2890625
35612.01953125
35610.94140625
35610.2890625
35617.7890625
35606.26953125
35614.3984375
35617.94921875
35627.7109375
35634.94921875
35649.328125
35650.19921875
35652.8203125
35650.12890625
35637.62890625
35641.609375
35628.359375
35635.578125
35635.671875
35630.26953125
35644.25
35645.4296875
35647.12890625
35651.44921875
35659.05859375
35623.2890625
35614.6796875
35611.44921875
35630.96875
35625.87109375
35629.19140625
35626.76953125
35627.7109375
35623.62890625
35627.3515625
35636.55859375
35642.66015625
35651.0
35628.87109375
35637.21875
35656.58984375
35653.19140625
35652.41015625
35634.3203125
35637.33984375
35650.1484375
35649.6015625
35640.69140625
35651.58984375
35648.828125
35649.55859375
35648.30859375
35644.23828125
35655.94140625
35645.69921875
35651.33984375
35649.41015625
35654.73046875
35655.98828125
35667.87890625
35646.609375
35647.109375
35663.41015625
35653.69140625
35630.640625
35612.44921875
35622.37890625
35620.46875
35636.19921875
35650.16015625
35670.58984375
35672.3984375
35651.41015625
35646.921875
35633.2109375
35625.73828125
35634.7890625
35629.0
35629.0
