174.16099548339844
174.10000610351562
174.0850067138672
174.30999755859375
174.44000244140625
174.52000427246094
175.14010620117188
174.97000122070312
175.10499572753906
174.97000122070312
175.17999267578125
175.3300018310547
175.4250030517578
175.41000366210938
175.13980102539062
175.19000244140625
175.22999572753906
174.88999938964844
174.9250030517578
174.61000061035156
174.5113067626953
174.39920043945312
174.61000061035156
174.67999267578125
174.4918975830078
174.15499877929688
174.16000366210938
174.1999969482422
174.31759643554688
174.2949981689453
174.00999450683594
174.08999633789062
174.0500030517578
174.08999633789062
174.1699981689453
174.97189331054688
175.02999877929688
175.17999267578125
174.94000244140625
174.97999572753906
175.0688018798828
174.9600067138672
174.9600067138672
174.97000122070312
175.02000427246094
175.08999633789062
175.2100067138672
175.33900451660156
175.1999969482422
175.22000122070312
175.3300018310547
175.52999877929688
175.33999633789062
175.19000244140625
174.99989318847656
175.08999633789062
174.931396484375
174.8800048828125
175.07009887695312
175.09500122070312
174.75999450683594
174.58999633789062
174.67999267578125
174.77000427246094
175.02000427246094
174.92999267578125
174.82000732421875
174.89999389648438
174.8300018310547
174.5399932861328
174.77000427246094
174.67999267578125
174.88999938964844
174.6699981689453
174.77000427246094
174.74000549316406
174.71380615234375
174.97940063476562
175.0800018310547
175.09500122070312
175.0
175.04339599609375
174.99000549316406
174.84500122070312
174.88499450683594
174.860107421875
174.75
174.7449951171875
174.68699645996094
174.39999389648438
174.52999877929688
174.8300018310547
175.02499389648438
175.02000427246094
175.1649932861328
175.07000732421875
175.13999938964844
174.9949951171875
175.04550170898438
175.00999450683594
174.9499969482422
174.8800048828125
175.0500030517578
175.0399932861328
174.85000610351562
175.0
175.07240295410156
174.97000122070312
174.88999938964844
174.7801055908203
174.781005859375
174.8300018310547
174.8300018310547
174.94000244140625
174.9199981689453
174.87669372558594
174.6999969482422
174.63999938964844
174.42999267578125
174.49000549316406
174.58740234375
174.61500549316406
174.60000610351562
174.60000610351562
174.427001953125
174.5449981689453
174.47219848632812
174.68499755859375
174.69000244140625
174.5
174.27999877929688
174.31500244140625
174.2899932861328
174.1999969482422
174.3699951171875
174.3699951171875
174.30999755859375
174.31500244140625
174.55160522460938
174.4499969482422
174.3000946044922
174.3800048828125
174.39999389648438
174.39010620117188
174.27000427246094
174.3300018310547
174.30999755859375
174.1259002685547
174.24009704589844
174.24000549316406
173.9600067138672
173.98939514160156
173.9499053955078
173.86000061035156
173.92959594726562
173.96380615234375
173.9600067138672
173.97000122070312
173.85000610351562
173.8249969482422
173.75
173.97999572753906
173.94000244140625
173.97000122070312
173.8699951171875
173.77999877929688
173.8699951171875
173.97000122070312
173.90359497070312
173.85000610351562
173.99000549316406
174.0124053955078
174.0299072265625
174.1699981689453
174.05999755859375
173.91000366210938
173.9499969482422
173.75999450683594
173.7100067138672
173.63499450683594
173.72129821777344
173.6699981689453
173.67999267578125
173.77749633789062
173.79989624023438
173.7498016357422
173.875
173.77999877929688
173.75999450683594
173.78500366210938
173.72999572753906
173.47000122070312
173.42999267578125
173.57000732421875
173.6999969482422
173.78500366210938
173.85000610351562
173.75999450683594
173.8000030517578
173.8249969482422
173.97500610351562
173.85000610351562
173.79989624023438
173.99000549316406
173.9949951171875
174.18020629882812
174.05999755859375
174.08810424804688
174.0500030517578
173.94000244140625
174.11000061035156
174.0399932861328
174.10000610351562
174.10000610351562
174.1387939453125
174.0800018310547
174.1999969482422
174.0399932861328
174.0800018310547
174.125
174.10499572753906
174.1300048828125
174.2100067138672
174.2100067138672
174.20089721679688
174.34249877929688
174.19000244140625
174.1199951171875
174.1649932861328
174.1699981689453
174.17999267578125
174.25
174.20899963378906
174.1300048828125
174.25
174.2449951171875
174.39999389648438
174.39999389648438
174.39529418945312
174.5800018310547
174.5500030517578
174.77499389648438
174.82000732421875
174.6999969482422
174.66600036621094
174.6699981689453
174.66940307617188
174.64109802246094
174.77000427246094
174.75
174.6999969482422
174.65499877929688
174.6300048828125
174.7100067138672
174.65179443359375
174.55999755859375
174.55230712890625
174.3800048828125
174.55499267578125
174.57000732421875
174.59719848632812
174.58999633789062
174.61500549316406
174.60989379882812
174.58090209960938
174.58999633789062
174.50100708007812
174.6269073486328
174.60000610351562
174.59979248046875
174.59530639648438
174.5399932861328
174.58050537109375
174.43499755859375
174.44000244140625
174.4199981689453
174.3699951171875
174.38999938964844
174.38999938964844
174.40750122070312
174.38999938964844
174.4199981689453
174.33999633789062
174.49000549316406
174.35499572753906
174.35000610351562
174.40499877929688
174.4600067138672
174.5583953857422
174.639892578125
174.64999389648438
174.625
174.58999633789062
174.5800018310547
174.60000610351562
174.64300537109375
174.6728973388672
174.69000244140625
174.71499633789062
174.67999267578125
174.86000061035156
174.85000610351562
174.89999389648438
174.9199981689453
174.94000244140625
174.89999389648438
174.8000030517578
174.7998046875
174.8000030517578
174.76780700683594
174.7449951171875
174.72500610351562
174.67999267578125
174.7899932861328
174.87010192871094
174.85499572753906
174.77000427246094
174.74000549316406
174.77000427246094
174.84500122070312
174.85000610351562
174.89999389648438
175.00999450683594
174.99000549316406
175.035400390625
174.92999267578125
174.97999572753906
174.92880249023438
174.9250030517578
174.9698028564453
174.83999633789062
174.7100067138672
174.67010498046875
174.71009826660156
174.77999877929688
174.77499389648438
174.76499938964844
174.75999450683594
174.66270446777344
174.57000732421875
174.4499969482422
174.52999877929688
174.5
174.52999877929688
174.4499969482422
174.4199981689453
174.48500061035156
174.53500366210938
174.60450744628906
174.67999267578125
174.66000366210938
174.76890563964844
174.74000549316406
174.60830688476562
174.51499938964844
174.61000061035156
174.61740112304688
174.52999877929688
174.57000732421875
174.5850067138672
174.5500030517578
174.63319396972656
174.6199951171875
174.3800048828125
174.46499633789062
174.49000549316406
174.4467010498047
174.48500061035156
174.3885955810547
174.33999633789062
174.3800048828125
174.47999572753906
174.4799041748047
174.41000366210938
174.42999267578125
174.47000122070312
174.46499633789062
174.4398956298828
174.39500427246094
174.39540100097656
174.4550018310547
174.55999755859375
174.48500061035156
174.55999755859375
174.58999633789062
174.57000732421875
174.5084991455078
174.51730346679688
174.7230987548828
174.75999450683594
174.82000732421875
174.7899932861328
174.8009033203125
174.85499572753906
174.89999389648438
174.72999572753906
174.72500610351562
174.81500244140625
174.85000610351562
174.88499450683594
174.78900146484375
174.80499267578125
174.6699981689453
174.6020050048828
174.56500244140625
174.61500549316406
174.5157928466797
174.57000732421875
174.51499938964844
174.57000732421875
174.65499877929688
174.72999572753906
174.70449829101562
174.75
174.783203125
174.69000244140625
174.74949645996094
174.74000549316406
174.83999633789062
174.77999877929688
174.80999755859375
174.78500366210938
174.7707977294922
174.83009338378906
174.82000732421875
174.82000732421875
174.82000732421875
174.89999389648438
175.02000427246094
175.02000427246094
174.97999572753906
175.02999877929688
174.89999389648438
174.7949981689453
174.8699951171875
174.82000732421875
174.7899932861328
174.8350067138672
174.7899932861328
174.82000732421875
174.77999877929688
174.82980346679688
174.60989379882812
174.69500732421875
174.75
174.6999969482422
174.61000061035156
174.6085968017578
174.52499389648438
174.52999877929688
174.50999450683594
174.55990600585938
174.6199951171875
174.8000030517578
174.8000030517578
174.72999572753906
174.7301025390625
174.7100067138672
174.610107421875
174.55999755859375
174.53909301757812
174.4550018310547
174.47999572753906
174.44610595703125
174.5850067138672
174.6999969482422
174.75
174.8000030517578
174.8249969482422
174.92999267578125
174.91000366210938
175.05999755859375
175.0050048828125
174.99310302734375
174.91000366210938
174.97000122070312
174.875
175.05499267578125
175.16160583496094
175.19500732421875
175.07879638671875
175.11500549316406
175.00379943847656
175.002197265625
174.97999572753906
174.94500732421875
175.1300048828125
175.09010314941406
175.1237030029297
175.1750030517578
175.1898956298828
175.10000610351562
175.19000244140625
175.15499877929688
175.2677001953125
175.11000061035156
175.08999633789062
175.16000366210938
175.18499755859375
175.1199951171875
175.21499633789062
175.2100067138672
175.3699951171875
175.19000244140625
175.18499755859375
175.2050018310547
175.22500610351562
175.15499877929688
175.16000366210938
175.25860595703125
175.2427978515625
175.14500427246094
175.11099243164062
175.17970275878906
175.19500732421875
175.1011962890625
175.0500030517578
175.125
175.06700134277344
174.97999572753906
174.99000549316406
174.8699951171875
175.0050048828125
174.96499633789062
175.03379821777344
175.17999267578125
175.2899932861328
175.22999572753906
175.2100067138672
175.1300048828125
175.1717987060547
175.1999969482422
175.19000244140625
175.25
175.2949981689453
175.1999969482422
175.2899932861328
175.24000549316406
175.33999633789062
175.25999450683594
175.22500610351562
175.35000610351562
175.22999572753906
175.25010681152344
175.35499572753906
175.3800048828125
175.4499969482422
175.51849365234375
175.57000732421875
175.55999755859375
175.63999938964844
175.4799041748047
175.4949951171875
175.4149932861328
175.43499755859375
175.3800048828125
175.36000061035156
175.42919921875
175.4698944091797
175.44439697265625
175.46499633789062
175.50999450683594
175.19000244140625
175.0800018310547
175.09500122070312
175.22000122070312
175.16000366210938
175.22000122070312
175.27999877929688
175.27789306640625
175.16000366210938
175.25999450683594
175.36000061035156
175.41000366210938
175.36000061035156
175.0800018310547
175.19500732421875
175.28500366210938
175.2100067138672
175.22000122070312
175.13499450683594
175.0749969482422
175.17930603027344
175.22000122070312
175.14610290527344
175.2050018310547
175.1999969482422
175.22999572753906
175.32000732421875
175.49000549316406
175.56280517578125
175.4600067138672
175.4949951171875
175.57000732421875
175.57000732421875
175.5500030517578
175.6201934814453
175.44000244140625
175.31480407714844
175.33999633789062
175.38999938964844
175.27040100097656
175.2010040283203
175.2696990966797
175.2899932861328
175.47000122070312
175.65899658203125
175.75999450683594
175.8260040283203
175.5449981689453
175.7100067138672
175.72500610351562
175.6649932861328
175.66000366210938
175.83999633789062
175.83999633789062
