227.02000427246094
228.25999450683594
228.16000366210938
228.52999877929688
228.1300048828125
228.14999389648438
227.83999633789062
227.36000061035156
227.42140197753906
226.77999877929688
226.43499755859375
226.14999389648438
226.39999389648438
226.30999755859375
226.77870178222656
226.75
226.77000427246094
226.77000427246094
226.53990173339844
226.38999938964844
226.6699981689453
226.88999938964844
227.11000061035156
227.00999450683594
226.96499633789062
227.1154022216797
227.25999450683594
227.1199951171875
227.1300048828125
227.25999450683594
226.88999938964844
227.3300018310547
226.8800048828125
226.7100067138672
226.66000366210938
226.89999389648438
226.88999938964844
226.5186004638672
226.50999450683594
226.35000610351562
226.3699951171875
226.75999450683594
226.71600341796875
226.97500610351562
226.89999389648438
226.6750030517578
226.8000030517578
226.69000244140625
226.51499938964844
226.8000030517578
226.7550048828125
226.8300018310547
226.656494140625
226.83999633789062
226.75
226.61000061035156
226.46499633789062
226.5399932861328
226.4197998046875
226.32000732421875
226.36000061035156
226.22999572753906
226.23500061035156
226.17999267578125
226.11000061035156
226.19500732421875
226.1300048828125
226.22500610351562
226.52000427246094
226.77000427246094
227.08999633789062
226.80999755859375
226.6199951171875
226.5
226.6699981689453
226.6699981689453
226.66229248046875
226.61000061035156
226.55999755859375
226.7899932861328
226.6699981689453
226.7550048828125
226.63099670410156
226.57000732421875
226.57000732421875
226.5399932861328
226.64500427246094
226.6522979736328
226.57000732421875
226.5
226.64500427246094
226.85000610351562
227.41000366210938
227.2050018310547
227.27999877929688
227.2949981689453
227.26499938964844
227.25999450683594
226.94700622558594
226.9199981689453
227.13999938964844
227.13999938964844
227.35499572753906
227.27000427246094
227.1199951171875
227.0399932861328
227.0399932861328
226.98500061035156
227.1199951171875
227.30999755859375
227.3800048828125
227.1199951171875
227.17999267578125
227.07000732421875
227.15499877929688
227.10499572753906
227.10000610351562
227.10000610351562
227.23399353027344
227.1199951171875
227.06500244140625
227.47500610351562
227.28640747070312
227.36500549316406
227.3300018310547
227.69000244140625
227.6300048828125
227.6999969482422
227.8699951171875
227.8000030517578
228.07000732421875
228.02999877929688
228.02999877929688
228.11000061035156
228.31500244140625
228.3000030517578
228.4499969482422
228.5
228.35000610351562
228.3300018310547
228.30999755859375
228.35000610351562
228.4499969482422
228.2050018310547
228.1999969482422
228.33999633789062
228.3800048828125
228.35499572753906
228.43499755859375
228.55999755859375
228.4550018310547
228.64999389648438
228.6699981689453
228.71499633789062
228.7550048828125
228.91000366210938
229.0800018310547
229.02999877929688
228.9199981689453
228.83999633789062
228.77999877929688
228.6199951171875
228.61000061035156
228.5500030517578
228.61500549316406
228.5399932861328
228.63499450683594
228.64999389648438
228.5399932861328
228.3699951171875
228.61000061035156
228.58999633789062
228.58999633789062
228.8300018310547
229.0
228.9604949951172
228.97000122070312
228.7050018310547
228.6699981689453
228.3300018310547
228.2884063720703
228.4199981689453
228.50999450683594
228.375
228.39500427246094
228.3800048828125
228.5800018310547
228.41000366210938
228.34869384765625
228.36000061035156
228.42999267578125
228.5749969482422
228.52000427246094
228.60000610351562
228.5449981689453
228.64999389648438
228.66000366210938
228.52000427246094
228.41029357910156
228.3800048828125
228.4250030517578
228.33999633789062
228.28370666503906
228.32000732421875
228.47999572753906
228.38999938964844
228.27999877929688
228.34500122070312
228.41749572753906
228.27000427246094
228.25999450683594
228.26809692382812
228.27000427246094
228.2899932861328
228.2050018310547
228.28500366210938
228.28500366210938
228.3350067138672
228.4199981689453
228.4600067138672
228.4149932861328
228.2949981689453
228.2949981689453
228.19659423828125
228.1649932861328
228.2050018310547
228.0800018310547
228.0500030517578
228.1699981689453
228.27999877929688
228.27999877929688
228.42999267578125
228.5050048828125
228.5050048828125
228.49940490722656
228.3800048828125
228.2550048828125
228.3000030517578
228.2899932861328
228.38999938964844
228.30999755859375
228.24879455566406
228.23500061035156
228.0500030517578
228.22999572753906
228.07000732421875
228.16329956054688
228.13999938964844
228.07000732421875
227.91000366210938
227.9499969482422
228.0399932861328
228.0399932861328
228.1300048828125
228.10000610351562
228.13999938964844
228.19000244140625
227.99000549316406
227.97000122070312
227.90499877929688
227.7899932861328
227.8000030517578
227.77000427246094
227.8800048828125
227.85000610351562
227.88999938964844
227.75999450683594
227.77499389648438
227.78500366210938
227.82420349121094
227.74000549316406
227.74569702148438
227.7032928466797
227.75999450683594
227.8699951171875
227.74319458007812
227.77000427246094
227.7100067138672
227.75
227.64500427246094
227.63999938964844
227.61000061035156
227.66000366210938
227.71499633789062
227.77999877929688
227.83349609375
227.80059814453125
227.8249969482422
227.85000610351562
227.89999389648438
227.91000366210938
227.92999267578125
227.8000030517578
227.8699951171875
227.90499877929688
227.8699951171875
227.8300018310547
227.86000061035156
227.77999877929688
227.74000549316406
227.93870544433594
227.9071044921875
227.9600067138672
227.99000549316406
227.89500427246094
227.99000549316406
227.92999267578125
227.92999267578125
227.8800048828125
227.85000610351562
227.83999633789062
227.83999633789062
227.81500244140625
227.8350067138672
227.80650329589844
227.83999633789062
227.7100067138672
227.8000030517578
227.8800048828125
227.8800048828125
227.85499572753906
227.83999633789062
227.8000030517578
227.74000549316406
227.6750030517578
227.72999572753906
227.6300048828125
227.6750030517578
227.63999938964844
227.67579650878906
227.60000610351562
227.38999938964844
227.3699951171875
227.3699951171875
227.3000946044922
227.39999389648438
227.32000732421875
227.50990295410156
227.5970001220703
227.55999755859375
227.50999450683594
227.5749969482422
227.53500366210938
227.52000427246094
227.42999267578125
227.42999267578125
227.49000549316406
227.47000122070312
227.47999572753906
227.42999267578125
227.42999267578125
227.55999755859375
227.55999755859375
227.57350158691406
227.47999572753906
227.5399932861328
227.47500610351562
227.4250030517578
227.42999267578125
227.46499633789062
227.4600067138672
227.3800048828125
227.33999633789062
227.3000030517578
227.1300048828125
227.22999572753906
227.0399932861328
227.0399932861328
226.9199981689453
226.85000610351562
227.0399932861328
227.02999877929688
227.1699981689453
227.14999389648438
227.11500549316406
227.12159729003906
227.0800018310547
227.05999755859375
226.91000366210938
226.91000366210938
226.9499969482422
226.92999267578125
226.8000030517578
226.7100067138672
226.69000244140625
226.8699951171875
226.89999389648438
226.89999389648438
226.97000122070312
227.08999633789062
227.13999938964844
227.07470703125
227.1199951171875
227.14500427246094
227.1300048828125
227.1199951171875
227.10000610351562
227.1699981689453
227.1199951171875
227.1699981689453
227.07000732421875
227.1199951171875
227.1199951171875
227.1199951171875
227.14500427246094
227.0749969482422
226.85369873046875
226.88999938964844
226.8800048828125
226.8300018310547
226.9011993408203
226.80999755859375
226.85000610351562
226.85000610351562
226.89999389648438
226.9199981689453
226.9199981689453
227.0500030517578
227.00999450683594
227.05999755859375
227.05999755859375
227.0850067138672
227.06919860839844
226.97000122070312
226.9949951171875
227.0399932861328
227.07000732421875
227.10000610351562
227.24000549316406
227.25880432128906
227.3300018310547
227.3800048828125
227.38999938964844
227.3800048828125
227.30999755859375
227.3800048828125
227.35000610351562
227.38999938964844
227.47140502929688
227.49000549316406
227.44000244140625
227.44000244140625
227.38499450683594
227.30999755859375
227.39999389648438
227.36000061035156
227.36000061035156
227.36000061035156
227.17999267578125
227.38999938964844
227.38999938964844
227.36000061035156
227.4499053955078
227.4499969482422
227.49000549316406
227.4705047607422
227.38999938964844
227.36000061035156
227.40499877929688
227.44000244140625
227.4250030517578
227.5
227.47000122070312
227.42999267578125
227.48500061035156
227.48500061035156
227.6199951171875
227.64999389648438
227.66000366210938
227.65499877929688
227.60000610351562
227.69000244140625
227.6999969482422
227.64999389648438
227.64999389648438
227.67999267578125
227.52999877929688
227.49000549316406
227.5500030517578
227.56500244140625
227.52999877929688
227.58999633789062
227.61500549316406
227.61500549316406
227.67999267578125
227.68499755859375
227.77999877929688
227.8300018310547
227.74000549316406
227.7480010986328
227.85830688476562
227.77000427246094
227.7899932861328
227.75
227.72999572753906
227.82000732421875
227.70889282226562
227.76400756835938
227.7550048828125
227.71499633789062
227.77499389648438
227.85499572753906
227.9199981689453
227.8699951171875
227.8300018310547
227.8300018310547
227.88589477539062
227.92999267578125
227.9499969482422
228.0
228.07000732421875
227.99209594726562
227.97999572753906
227.9600067138672
227.97500610351562
227.90829467773438
227.8800048828125
227.93499755859375
227.8300018310547
227.88999938964844
227.82000732421875
227.8699951171875
227.96009826660156
227.97999572753906
227.99000549316406
228.0399932861328
228.0500030517578
228.1300048828125
228.02999877929688
228.1300048828125
227.99000549316406
227.97000122070312
227.8800048828125
227.97999572753906
227.9600067138672
228.0800018310547
228.08999633789062
228.0399932861328
228.17999267578125
228.27999877929688
228.1999969482422
228.30999755859375
228.3300018310547
228.3300018310547
228.36500549316406
228.4250030517578
228.19000244140625
228.25999450683594
228.4149932861328
228.36000061035156
228.47000122070312
228.50999450683594
228.47999572753906
228.47999572753906
228.3000030517578
228.3300018310547
228.36000061035156
228.38999938964844
228.4149932861328
228.5399932861328
228.5399932861328
228.63999938964844
228.52000427246094
228.39999389648438
228.52000427246094
228.67999267578125
228.71499633789062
228.77499389648438
228.7550048828125
228.67999267578125
228.6699981689453
228.52000427246094
228.66000366210938
228.72000122070312
228.76199340820312
228.7050018310547
228.88999938964844
229.0399932861328
228.99000549316406
228.97999572753906
228.9481964111328
228.86000061035156
228.91000366210938
229.02999877929688
228.9600067138672
229.00889587402344
229.0
229.02000427246094
229.10000610351562
229.02000427246094
229.04100036621094
229.02000427246094
229.0399932861328
229.00999450683594
229.02999877929688
229.0500030517578
229.0800018310547
229.00999450683594
229.0
228.94000244140625
229.0
228.92999267578125
228.86000061035156
228.97999572753906
229.05999755859375
228.9499969482422
228.9499969482422
228.94000244140625
228.8800048828125
228.80999755859375
228.75149536132812
228.82000732421875
228.75
228.8800048828125
228.92999267578125
228.92999267578125
