182.26499938964844
182.8300018310547
182.9499969482422
182.61000061035156
182.9010009765625
182.82000732421875
183.02999877929688
183.44000244140625
183.09730529785156
182.69000244140625
182.86000061035156
182.75999450683594
182.5399932861328
182.27499389648438
182.17999267578125
182.52999877929688
182.5
182.47000122070312
182.91000366210938
182.7100067138672
182.10000610351562
182.08599853515625
182.54440307617188
182.75
182.75999450683594
182.60499572753906
182.63999938964844
182.61000061035156
182.7100067138672
182.9499969482422
182.61000061035156
182.35499572753906
182.15499877929688
182.36000061035156
182.2899932861328
181.82000732421875
181.7899932861328
181.8000030517578
182.01499938964844
181.9149932861328
181.9199981689453
182.0
182.11749267578125
182.16000366210938
182.0399932861328
182.16000366210938
182.27000427246094
182.39120483398438
182.12750244140625
182.14999389648438
182.02999877929688
182.0850067138672
182.27749633789062
182.11000061035156
182.1300048828125
182.11500549316406
181.8300018310547
182.02000427246094
182.16000366210938
181.93499755859375
182.1199951171875
181.9499969482422
181.92999267578125
182.1699981689453
182.3323974609375
182.3000030517578
182.02999877929688
182.23500061035156
182.33999633789062
182.2949981689453
182.26499938964844
181.9550018310547
182.02999877929688
181.94000244140625
181.87510681152344
181.75
181.88499450683594
181.94000244140625
181.94000244140625
181.8699951171875
182.0
182.14810180664062
182.22000122070312
182.11500549316406
182.24000549316406
182.05999755859375
181.99110412597656
181.9199981689453
181.9199981689453
181.7449951171875
181.9199981689453
181.9149932861328
181.9199981689453
181.9199981689453
181.77220153808594
181.77999877929688
182.02000427246094
182.0800018310547
182.0
181.97999572753906
182.02999877929688
182.24000549316406
182.52139282226562
182.55499267578125
182.72000122070312
182.75999450683594
182.78729248046875
182.7550048828125
182.7324981689453
182.64500427246094
182.6750030517578
182.7200927734375
182.66000366210938
182.6699981689453
182.64500427246094
182.48910522460938
182.5399932861328
182.5
182.3249969482422
182.2050018310547
182.34500122070312
182.30499267578125
182.375
182.375
182.5399932861328
182.7550048828125
182.5050048828125
182.5850067138672
182.61000061035156
182.58999633789062
182.41000366210938
182.52999877929688
182.66000366210938
182.4600067138672
182.2899932861328
182.3699951171875
182.4499969482422
182.44000244140625
182.49000549316406
182.52999877929688
182.3800048828125
182.42999267578125
182.30999755859375
182.1199951171875
182.06500244140625
182.02999877929688
181.99000549316406
181.99000549316406
181.9499969482422
181.9600067138672
181.9600067138672
182.00999450683594
181.80999755859375
181.84100341796875
181.91000366210938
182.0
182.0800018310547
182.08999633789062
181.91000366210938
182.03660583496094
182.11000061035156
182.12759399414062
182.2100067138672
182.17999267578125
182.09500122070312
182.09500122070312
182.08999633789062
182.14500427246094
182.08999633789062
182.08999633789062
182.02000427246094
182.00999450683594
182.00999450683594
182.05999755859375
182.05999755859375
182.1300048828125
182.05459594726562
182.03729248046875
182.09890747070312
182.1199951171875
182.1999969482422
182.16000366210938
182.22999572753906
182.30999755859375
182.1750030517578
182.10000610351562
182.1699981689453
182.17999267578125
182.0800018310547
182.05999755859375
181.89999389648438
181.9600067138672
181.8699951171875
181.8000030517578
181.79190063476562
181.97999572753906
181.86000061035156
181.8699951171875
181.86000061035156
181.89999389648438
182.1199951171875
182.19000244140625
182.0
182.18499755859375
182.25
182.27999877929688
182.279296875
182.17999267578125
182.13999938964844
182.2100067138672
182.44000244140625
182.39500427246094
182.36000061035156
182.41000366210938
182.44500732421875
182.41000366210938
182.3699951171875
182.39999389648438
182.33749389648438
182.4199981689453
182.3350067138672
182.4199981689453
182.4199981689453
182.5
182.55499267578125
182.60000610351562
182.5399932861328
182.4499969482422
182.42999267578125
182.4199981689453
182.4600067138672
182.60740661621094
182.67999267578125
182.6699981689453
182.63999938964844
182.73500061035156
182.67999267578125
182.5800018310547
182.60000610351562
182.77499389648438
182.83999633789062
182.9600067138672
182.89999389648438
182.89999389648438
182.88999938964844
182.83999633789062
182.82000732421875
182.77000427246094
182.85499572753906
182.8000030517578
182.83999633789062
182.86000061035156
182.9199981689453
182.86619567871094
182.86500549316406
182.80499267578125
182.8000030517578
182.77999877929688
182.82000732421875
182.8249969482422
182.9199981689453
182.9600067138672
182.9550018310547
182.9499969482422
182.96499633789062
182.8800048828125
182.875
182.91000366210938
182.8699951171875
182.93789672851562
182.7050018310547
182.7899932861328
182.80999755859375
182.7899932861328
182.7899932861328
182.77999877929688
182.8800048828125
182.9199981689453
182.92999267578125
182.92669677734375
182.8699951171875
182.9550018310547
182.8800048828125
183.0
182.94000244140625
183.0449981689453
183.07000732421875
183.0449981689453
183.14999389648438
183.1699981689453
183.21499633789062
183.22999572753906
183.22999572753906
183.1699981689453
183.1300048828125
183.1300048828125
183.13499450683594
183.19000244140625
183.27999877929688
183.33929443359375
183.49000549316406
183.47000122070312
183.5
183.59890747070312
183.6199951171875
183.5399932861328
183.41000366210938
183.41000366210938
183.38999938964844
183.4600067138672
183.39999389648438
183.50999450683594
183.47000122070312
183.55999755859375
183.49000549316406
183.50999450683594
183.57000732421875
183.5
183.5299072265625
183.57000732421875
183.591796875
183.50999450683594
183.56410217285156
183.57000732421875
183.6699981689453
183.63999938964844
183.75999450683594
183.77499389648438
183.74000549316406
183.7313995361328
183.7628936767578
183.72630310058594
183.6800994873047
183.77999877929688
183.76499938964844
183.6501007080078
183.6300048828125
183.67999267578125
183.6300048828125
183.5850067138672
183.4499969482422
183.52999877929688
183.61000061035156
183.69000244140625
183.66000366210938
183.6999969482422
183.71499633789062
183.75
183.83999633789062
183.89329528808594
184.00999450683594
183.90130615234375
183.85519409179688
183.83999633789062
183.8000030517578
183.8350067138672
183.86000061035156
183.85000610351562
183.85000610351562
183.77000427246094
183.7899932861328
183.80999755859375
183.71499633789062
183.69500732421875
183.7548065185547
183.86000061035156
183.75999450683594
183.75999450683594
183.67999267578125
183.4550018310547
183.68499755859375
183.62510681152344
183.62510681152344
183.7050018310547
183.77999877929688
183.8249969482422
183.8592987060547
183.88999938964844
183.77000427246094
183.80999755859375
183.88999938964844
184.0399932861328
184.10000610351562
184.1199951171875
184.16160583496094
184.10000610351562
184.0800018310547
184.0800018310547
184.0500030517578
184.07859802246094
184.0500030517578
184.0800018310547
184.13999938964844
184.17999267578125
184.25999450683594
184.2899932861328
184.2899932861328
184.25970458984375
184.2899932861328
184.3699951171875
184.389892578125
184.32000732421875
184.25
184.22320556640625
184.1699981689453
184.27999877929688
184.1999969482422
184.27999877929688
184.2100067138672
184.19000244140625
184.23629760742188
184.1699981689453
184.16000366210938
184.16000366210938
184.19500732421875
184.24000549316406
184.16000366210938
184.1990966796875
184.1990966796875
184.25
184.26019287109375
184.2100067138672
184.2100067138672
184.27000427246094
184.2899932861328
184.35499572753906
184.35499572753906
184.33009338378906
184.5
184.4600067138672
184.5677947998047
184.5399932861328
184.47999572753906
184.4499969482422
184.46499633789062
184.46029663085938
184.50999450683594
184.5
184.5399932861328
184.5500030517578
184.54200744628906
184.54200744628906
184.4550018310547
184.41000366210938
184.47000122070312
184.4138946533203
184.35000610351562
184.24070739746094
184.1699981689453
184.22999572753906
184.260498046875
184.16000366210938
184.27000427246094
184.2949981689453
184.17999267578125
184.17999267578125
184.22999572753906
184.25999450683594
184.1999969482422
184.16000366210938
184.16000366210938
183.97999572753906
183.97999572753906
183.94500732421875
184.01499938964844
184.00999450683594
184.0500030517578
184.11000061035156
184.0
184.0800018310547
184.0749969482422
184.0500030517578
184.08099365234375
184.0800018310547
184.1031951904297
184.1199951171875
184.1199951171875
184.1300048828125
184.27920532226562
184.24000549316406
184.1300048828125
184.2100067138672
184.27000427246094
184.1999969482422
184.19000244140625
184.17869567871094
184.2899932861328
184.2899932861328
184.29600524902344
184.33999633789062
184.36000061035156
184.33839416503906
184.30499267578125
184.25999450683594
184.36000061035156
184.30999755859375
184.25750732421875
184.3000030517578
184.30999755859375
184.33999633789062
184.27999877929688
184.375
184.25
184.2050018310547
184.16000366210938
184.16000366210938
184.1699981689453
184.19000244140625
184.17999267578125
184.17999267578125
184.19369506835938
184.14999389648438
184.05999755859375
184.00999450683594
184.05999755859375
184.05999755859375
184.02000427246094
184.1199951171875
184.047607421875
184.02999877929688
184.05999755859375
184.0399932861328
183.99000549316406
184.02999877929688
184.10000610351562
184.25
184.35000610351562
184.32000732421875
184.36000061035156
184.39999389648438
184.3699951171875
184.375
184.35000610351562
184.35000610351562
184.36000061035156
184.33999633789062
184.32000732421875
184.25
184.2100067138672
184.2100067138672
184.16000366210938
184.1999969482422
184.1199951171875
184.10000610351562
184.10000610351562
184.24119567871094
184.25999450683594
184.2899932861328
184.38999938964844
184.33999633789062
184.3300018310547
184.32000732421875
184.41000366210938
184.3491973876953
184.35189819335938
184.3800048828125
184.3800048828125
184.38499450683594
184.4315948486328
184.4622039794922
184.5052032470703
184.55999755859375
184.35000610351562
184.32000732421875
184.25
184.27000427246094
184.25
184.2899932861328
184.1999969482422
184.2100067138672
184.13999938964844
184.17999267578125
184.1750030517578
184.2899932861328
184.27000427246094
184.13999938964844
184.16000366210938
184.25999450683594
184.25999450683594
184.30999755859375
184.22000122070312
184.19000244140625
184.27000427246094
184.2949981689453
184.26499938964844
184.2899932861328
184.31500244140625
184.33999633789062
184.2899932861328
184.2949981689453
184.3800048828125
184.32000732421875
184.4199981689453
184.39999389648438
184.3699951171875
184.39999389648438
184.375
184.3000030517578
184.27000427246094
184.2899932861328
184.27000427246094
184.13999938964844
183.99000549316406
184.06500244140625
184.11000061035156
184.02999877929688
184.19000244140625
184.27000427246094
184.33999633789062
184.2899932861328
184.25
184.22000122070312
184.22000122070312
184.22500610351562
184.1699981689453
184.1699981689453
