205.03860473632812
205.22000122070312
205.13259887695312
204.7292938232422
204.84100341796875
205.5260009765625
205.41009521484375
206.3800048828125
206.32839965820312
206.13999938964844
206.23989868164062
206.3699951171875
206.1300048828125
206.2050018310547
206.07000732421875
205.98500061035156
205.89999389648438
205.6800994873047
205.43150329589844
205.2393035888672
204.97000122070312
205.7100067138672
206.75
206.6999969482422
206.73500061035156
206.00999450683594
205.8000030517578
205.7949981689453
205.875
205.6999969482422
205.72000122070312
205.20010375976562
205.3000030517578
205.4398956298828
205.64990234375
205.25999450683594
205.13999938964844
205.4499969482422
205.75
205.7100067138672
205.6300048828125
205.72000122070312
205.43569946289062
205.4199981689453
205.31089782714844
205.5
205.57000732421875
205.8896942138672
205.74000549316406
205.8699951171875
205.88999938964844
206.19000244140625
205.75
205.67999267578125
205.3800048828125
205.47000122070312
205.4550018310547
205.52000427246094
205.67999267578125
205.49000549316406
205.2949981689453
205.14999389648438
204.97999572753906
205.33999633789062
205.78939819335938
205.85000610351562
205.2550048828125
205.4550018310547
205.74000549316406
205.61000061035156
205.5800018310547
205.2050018310547
205.2949981689453
204.86000061035156
204.89999389648438
204.58999633789062
204.64300537109375
204.8300018310547
204.70199584960938
204.78500366210938
204.77239990234375
204.8300018310547
204.8699951171875
204.63999938964844
204.6649932861328
204.5800018310547
204.5
204.5
204.22000122070312
203.88999938964844
204.22000122070312
204.13999938964844
204.1300048828125
204.0850067138672
204.11000061035156
204.3249969482422
204.4600067138672
204.39010620117188
204.32260131835938
204.3491973876953
204.57000732421875
204.8800048828125
205.08999633789062
205.33999633789062
205.6696014404297
205.8300018310547
206.11000061035156
206.13999938964844
206.08999633789062
206.0500030517578
206.10000610351562
206.36000061035156
206.32000732421875
206.16000366210938
206.1199951171875
206.02499389648438
205.7899932861328
205.39999389648438
205.381103515625
205.24000549316406
205.30999755859375
205.28810119628906
205.1822052001953
205.13999938964844
205.1699981689453
205.31500244140625
205.1300048828125
205.14999389648438
205.24349975585938
205.17999267578125
204.8000030517578
204.9199981689453
204.78500366210938
204.72999572753906
204.85850524902344
204.77999877929688
204.62600708007812
204.38009643554688
204.64059448242188
204.55999755859375
204.38499450683594
204.27999877929688
204.2050018310547
204.2698974609375
204.19000244140625
203.91000366210938
203.8800048828125
203.60040283203125
203.73219299316406
203.85009765625
203.61500549316406
203.73500061035156
203.75999450683594
203.73500061035156
203.75999450683594
204.04400634765625
204.16990661621094
204.2899932861328
204.125
204.21499633789062
204.20899963378906
204.23190307617188
204.32000732421875
204.1750030517578
204.14599609375
204.05990600585938
204.2799072265625
204.3800048828125
204.2899932861328
204.3300018310547
204.39990234375
204.0800018310547
204.11000061035156
204.1750030517578
204.2050018310547
204.16000366210938
204.21499633789062
204.17999267578125
204.2987060546875
204.1999969482422
204.0399932861328
204.0449981689453
203.99000549316406
204.0218963623047
203.8699951171875
203.85000610351562
203.9199981689453
203.9199981689453
203.9199981689453
203.92999267578125
203.58999633789062
203.4600067138672
203.25999450683594
203.3249969482422
203.30990600585938
203.4149932861328
203.5500030517578
203.67999267578125
203.73500061035156
203.74000549316406
203.94000244140625
203.875
203.8000030517578
204.00999450683594
204.02000427246094
204.42999267578125
204.52000427246094
204.6300048828125
204.75
204.67149353027344
204.93919372558594
205.0
205.12010192871094
205.3699951171875
205.41000366210938
205.36000061035156
205.36459350585938
205.41000366210938
205.1790008544922
204.98060607910156
204.93499755859375
205.26649475097656
205.38999938964844
205.42999267578125
205.46499633789062
205.53500366210938
205.23500061035156
205.1300048828125
204.91000366210938
204.9600067138672
204.91000366210938
205.03500366210938
205.1204071044922
205.14500427246094
205.39500427246094
205.3513946533203
205.25990295410156
205.28500366210938
205.289794921875
205.75999450683594
205.86500549316406
206.05479431152344
205.84140014648438
205.75
205.7899932861328
205.77499389648438
205.74000549316406
205.83999633789062
205.8699951171875
205.9199981689453
206.01539611816406
205.9477996826172
205.99000549316406
206.1699981689453
206.1011962890625
205.9001007080078
205.8300018310547
205.8800048828125
205.85000610351562
205.8925018310547
205.9199981689453
205.91000366210938
205.85499572753906
205.90499877929688
205.86000061035156
205.88360595703125
205.88999938964844
205.97000122070312
205.97000122070312
206.02999877929688
206.05999755859375
206.1999969482422
206.25
206.2050018310547
206.0731964111328
205.9600067138672
206.19000244140625
206.1699981689453
206.25999450683594
206.14999389648438
206.25860595703125
206.39999389648438
206.63999938964844
206.6826934814453
206.40499877929688
206.42999267578125
206.35499572753906
206.4499969482422
206.5500030517578
206.5695037841797
206.63999938964844
206.59500122070312
206.5050048828125
206.46910095214844
206.4199981689453
206.47999572753906
206.52769470214844
206.7100067138672
206.90499877929688
206.99000549316406
207.02999877929688
207.14990234375
207.02499389648438
207.25
207.3000030517578
207.27000427246094
207.02999877929688
207.0399932861328
206.89999389648438
206.83999633789062
206.77000427246094
206.7696990966797
206.84970092773438
206.97999572753906
206.89990234375
206.74330139160156
206.75999450683594
206.8000030517578
206.8000030517578
206.8800048828125
206.73989868164062
206.75999450683594
207.07000732421875
206.86000061035156
206.97999572753906
206.8699951171875
206.9199981689453
206.86000061035156
206.80499267578125
206.75999450683594
206.77000427246094
206.77999877929688
206.69400024414062
206.6699981689453
206.72889709472656
206.81790161132812
206.80999755859375
206.7449951171875
206.5
206.64500427246094
206.1300048828125
206.30999755859375
206.52000427246094
206.70260620117188
206.7100067138672
206.64500427246094
206.75
206.8607940673828
207.01499938964844
207.02999877929688
207.3112030029297
207.35000610351562
207.3800048828125
207.33770751953125
207.35760498046875
207.2550048828125
207.3699951171875
207.33999633789062
207.3300018310547
207.30999755859375
207.26119995117188
207.3249969482422
207.3300018310547
207.0399932861328
207.0800018310547
207.05499267578125
206.9199981689453
207.02000427246094
206.85000610351562
206.8000030517578
206.9683074951172
206.97000122070312
207.02000427246094
207.11500549316406
207.14999389648438
207.25
207.2449951171875
207.34500122070312
207.27999877929688
207.32000732421875
207.3699951171875
207.55990600585938
207.33999633789062
207.39500427246094
207.35000610351562
207.3000030517578
207.22000122070312
207.2899932861328
207.3350067138672
207.36500549316406
207.27000427246094
207.2100067138672
207.2100067138672
207.22999572753906
207.77000427246094
207.52999877929688
207.6300048828125
207.7550048828125
207.72500610351562
207.8300018310547
207.86000061035156
207.83999633789062
207.64999389648438
207.52999877929688
207.4499969482422
207.44830322265625
207.3419952392578
207.32980346679688
207.21640014648438
207.0800018310547
207.06500244140625
207.17999267578125
207.22999572753906
207.21400451660156
207.25999450683594
207.2928009033203
207.0800018310547
207.18499755859375
207.3800048828125
207.46499633789062
207.47999572753906
207.37649536132812
207.32000732421875
207.49000549316406
207.52000427246094
207.4600067138672
207.38999938964844
207.42999267578125
207.48309326171875
207.5800018310547
207.61709594726562
207.62510681152344
207.60000610351562
207.47300720214844
207.5
207.55690002441406
207.3249969482422
207.38499450683594
207.5500030517578
207.6208038330078
207.60499572753906
207.58599853515625
207.1699981689453
207.16000366210938
207.27000427246094
207.21499633789062
207.11500549316406
207.07000732421875
206.86000061035156
206.9600067138672
206.87930297851562
206.86500549316406
206.85910034179688
207.1204071044922
207.25999450683594
207.02499389648438
207.19000244140625
207.27999877929688
207.08999633789062
207.0800018310547
207.0800018310547
207.0
207.02000427246094
207.02999877929688
207.1219940185547
207.11000061035156
207.13999938964844
207.13499450683594
207.1699981689453
207.28500366210938
207.25999450683594
207.3000030517578
207.3800048828125
207.47999572753906
207.42999267578125
207.52000427246094
207.52499389648438
207.77000427246094
207.99920654296875
207.94500732421875
207.8699951171875
207.8300018310547
207.80999755859375
207.61000061035156
207.55999755859375
207.39199829101562
207.67999267578125
207.82000732421875
207.7198944091797
207.7100067138672
207.76499938964844
207.7050018310547
207.67999267578125
207.72999572753906
207.6300048828125
207.57000732421875
207.60000610351562
207.80999755859375
207.79649353027344
207.80999755859375
207.89320373535156
207.8000030517578
207.8699951171875
207.79010009765625
207.78500366210938
207.781005859375
207.89999389648438
207.90939331054688
207.7899932861328
207.83999633789062
207.9250030517578
207.82000732421875
207.75999450683594
207.83999633789062
207.8699951171875
207.74000549316406
207.75
207.7949981689453
207.72999572753906
207.5800018310547
207.5500030517578
207.38999938964844
207.43499755859375
207.32400512695312
207.4340057373047
207.6999969482422
207.8300018310547
207.8000030517578
208.0399932861328
207.8000030517578
207.8300018310547
207.80999755859375
207.7899932861328
207.75
207.83270263671875
207.7949981689453
207.82000732421875
207.7899932861328
207.9199981689453
207.94000244140625
207.94500732421875
207.9250030517578
207.8699951171875
207.80099487304688
207.89999389648438
208.0399932861328
207.97500610351562
208.13999938964844
208.17990112304688
208.28500366210938
208.14999389648438
208.0229949951172
208.1479034423828
207.9250030517578
207.9600067138672
208.02000427246094
208.00039672851562
208.05499267578125
208.10499572753906
208.11000061035156
208.1300048828125
208.1519012451172
207.90499877929688
207.9499969482422
207.88999938964844
208.0749969482422
208.0399932861328
207.99000549316406
207.92999267578125
207.86000061035156
207.72000122070312
207.82000732421875
207.84530639648438
207.9102020263672
207.99000549316406
207.72999572753906
207.77000427246094
207.91000366210938
207.85000610351562
207.86000061035156
207.86000061035156
207.77999877929688
207.9149932861328
207.9600067138672
207.9600067138672
208.0500030517578
207.92999267578125
207.96600341796875
207.97000122070312
208.0399932861328
208.2100067138672
208.0500030517578
208.1999969482422
208.24560546875
208.27000427246094
208.27999877929688
208.36180114746094
208.1300048828125
208.22999572753906
208.1999969482422
208.13999938964844
208.02999877929688
207.87989807128906
207.83999633789062
207.7449951171875
207.63499450683594
207.6699981689453
207.75999450683594
207.8300018310547
207.82000732421875
207.8300018310547
207.77000427246094
207.80999755859375
207.52999877929688
207.529296875
207.529296875
