203.75
204.36000061035156
203.66000366210938
204.67999267578125
204.1999969482422
204.88999938964844
204.72999572753906
204.9199981689453
204.6649932861328
204.11000061035156
203.9600067138672
203.83120727539062
203.98500061035156
203.24000549316406
203.30999755859375
203.37210083007812
203.77999877929688
203.64999389648438
203.24000549316406
203.10000610351562
202.88999938964844
203.01449584960938
203.2198944091797
203.3553924560547
203.44500732421875
202.9427032470703
202.8699951171875
203.05999755859375
203.23500061035156
202.93499755859375
202.88999938964844
202.77999877929688
202.80999755859375
202.6699981689453
202.58999633789062
202.1300048828125
202.24000549316406
202.25999450683594
202.36160278320312
202.72000122070312
202.64999389648438
203.0399932861328
202.76499938964844
202.83999633789062
202.6999969482422
202.75999450683594
202.7301025390625
203.02000427246094
202.77349853515625
202.52000427246094
202.60000610351562
202.86000061035156
202.6300048828125
202.55499267578125
202.49000549316406
202.47000122070312
202.4149932861328
202.45530700683594
202.3636932373047
202.4199981689453
202.2581024169922
202.3300018310547
202.13119506835938
202.34010314941406
202.57000732421875
202.5426025390625
202.4199981689453
202.57000732421875
202.74000549316406
202.77999877929688
203.16000366210938
203.03939819335938
202.92999267578125
202.82000732421875
202.5850067138672
202.3249969482422
202.50999450683594
202.5749969482422
202.57000732421875
202.46499633789062
202.39999389648438
202.55569458007812
202.52499389648438
202.4550018310547
202.50999450683594
202.32000732421875
202.43499755859375
202.2899932861328
201.97999572753906
201.97000122070312
201.94500732421875
202.08999633789062
202.05999755859375
202.1999969482422
202.25
202.5399932861328
202.61500549316406
202.5050048828125
202.43499755859375
202.5050048828125
202.6479949951172
202.77000427246094
202.97500610351562
203.19000244140625
203.19500732421875
203.10000610351562
203.25999450683594
203.13999938964844
203.03500366210938
203.13499450683594
203.17999267578125
203.2292938232422
203.07000732421875
202.85000610351562
202.7100067138672
202.86000061035156
202.8000030517578
202.63999938964844
202.6999969482422
202.83999633789062
202.8000030517578
202.89999389648438
202.89999389648438
203.0800018310547
203.18499755859375
203.0601043701172
203.21499633789062
203.02999877929688
203.0399932861328
202.94000244140625
202.91000366210938
202.91000366210938
203.05999755859375
202.77999877929688
202.9250030517578
202.85499572753906
202.82000732421875
202.72999572753906
202.61289978027344
202.50999450683594
202.5
202.46409606933594
202.57000732421875
202.5
202.2899932861328
202.36000061035156
202.22000122070312
202.1649932861328
202.27999877929688
202.24000549316406
202.25
202.2100067138672
202.19000244140625
202.0500030517578
202.1999969482422
202.30999755859375
202.39500427246094
202.51849365234375
202.125
202.1300048828125
202.2100067138672
202.3300018310547
202.25999450683594
202.26100158691406
202.33999633789062
202.31500244140625
202.36500549316406
202.43499755859375
202.49000549316406
202.4199981689453
202.44000244140625
202.42999267578125
202.42999267578125
202.56500244140625
202.4600067138672
202.5500030517578
202.5399932861328
202.4199981689453
202.4499969482422
202.4199981689453
202.36000061035156
202.44000244140625
202.13999938964844
202.14999389648438
202.0800018310547
202.0850067138672
202.125
202.05999755859375
202.03250122070312
201.94000244140625
201.87620544433594
201.67999267578125
201.5800018310547
201.5500030517578
201.5050048828125
201.50250244140625
201.56500244140625
201.63999938964844
201.63999938964844
201.69000244140625
201.875
201.99049377441406
201.85000610351562
201.85000610351562
201.8800048828125
202.1199951171875
202.14999389648438
202.2899932861328
202.3350067138672
202.36000061035156
202.4499969482422
202.33999633789062
202.43499755859375
202.43499755859375
202.5399932861328
202.50999450683594
202.52000427246094
202.4884033203125
202.49000549316406
202.39999389648438
202.42999267578125
202.5290069580078
202.6300048828125
202.50999450683594
202.485595703125
202.58999633789062
202.6300048828125
202.7100067138672
202.97999572753906
203.02999877929688
203.14999389648438
203.30999755859375
203.25
203.1300048828125
203.3699951171875
203.45889282226562
203.53500366210938
203.66000366210938
203.6990966796875
204.0
204.01260375976562
204.11500549316406
204.05999755859375
204.0399932861328
204.14999389648438
204.17999267578125
204.3614959716797
204.22000122070312
204.4459991455078
204.47000122070312
204.36000061035156
204.375
204.4149932861328
204.47999572753906
204.50999450683594
204.48500061035156
204.4600067138672
204.4499969482422
204.55999755859375
204.4600067138672
204.6300048828125
204.6300048828125
204.63999938964844
204.6699981689453
204.6300048828125
204.6300048828125
204.72999572753906
205.0
204.77340698242188
204.98609924316406
204.8300018310547
204.7100067138672
204.9199981689453
205.00999450683594
205.00999450683594
204.97000122070312
205.0675048828125
205.61929321289062
205.62249755859375
205.4149932861328
205.4499969482422
205.52499389648438
205.52999877929688
205.5399932861328
205.43499755859375
205.21600341796875
205.13999938964844
204.99220275878906
205.03750610351562
205.13999938964844
205.10760498046875
204.93499755859375
204.85000610351562
204.93499755859375
204.9499969482422
204.9949951171875
205.0
205.16189575195312
205.08799743652344
205.16000366210938
205.3459930419922
205.22999572753906
205.1999969482422
205.2899932861328
205.2899932861328
205.2100067138672
205.2100067138672
205.1699981689453
205.12869262695312
205.00100708007812
204.97999572753906
205.02999877929688
205.22000122070312
205.25999450683594
205.22999572753906
205.14999389648438
205.19000244140625
205.1999969482422
205.22000122070312
205.30999755859375
205.27000427246094
205.32269287109375
205.2949981689453
205.27999877929688
205.13999938964844
205.1999969482422
205.2700958251953
205.3300018310547
205.31500244140625
205.2949981689453
205.1199951171875
205.21499633789062
205.1699981689453
205.14999389648438
205.18499755859375
205.11700439453125
204.97999572753906
204.91000366210938
204.74000549316406
204.6199951171875
204.61000061035156
204.64999389648438
205.11000061035156
205.06500244140625
204.99000549316406
205.03500366210938
205.08999633789062
205.14950561523438
205.25
205.2386932373047
205.33349609375
205.29989624023438
205.32000732421875
205.25
205.17999267578125
205.2550048828125
205.22999572753906
205.19500732421875
205.05499267578125
205.0399932861328
204.86099243164062
204.82000732421875
204.77000427246094
204.6300048828125
204.94000244140625
205.14999389648438
204.9499969482422
204.88999938964844
204.77999877929688
204.6699981689453
204.7100067138672
204.7100067138672
204.77999877929688
204.81500244140625
204.9945068359375
205.05999755859375
205.01499938964844
205.0
204.97000122070312
204.8455047607422
204.9199981689453
205.02000427246094
205.11000061035156
205.06500244140625
205.02999877929688
204.97999572753906
204.9199981689453
204.92999267578125
204.92999267578125
204.9199981689453
205.0
204.97000122070312
204.9199981689453
204.9499969482422
205.08349609375
205.00999450683594
204.9600067138672
205.08079528808594
205.0
204.97000122070312
204.99000549316406
205.02000427246094
204.9949951171875
204.92999267578125
204.86000061035156
204.91099548339844
204.8699951171875
204.8699951171875
204.86680603027344
204.8188934326172
204.86000061035156
204.82000732421875
204.83889770507812
204.8300018310547
204.94000244140625
204.84390258789062
204.8560028076172
204.92999267578125
205.01499938964844
205.0749969482422
205.1199951171875
205.11000061035156
205.00970458984375
205.0308074951172
204.98779296875
204.99000549316406
205.02999877929688
205.0
205.0677947998047
205.16000366210938
205.25
205.1750030517578
205.01870727539062
205.0500030517578
204.99000549316406
204.97999572753906
205.07000732421875
205.0
205.0399932861328
205.07200622558594
205.08999633789062
205.08999633789062
204.92999267578125
204.94000244140625
205.0449981689453
205.02000427246094
205.00999450683594
205.00999450683594
204.8699951171875
204.8280029296875
204.85000610351562
204.8159942626953
204.94000244140625
204.9600067138672
204.94000244140625
204.85000610351562
204.86000061035156
204.81500244140625
204.81500244140625
204.88499450683594
204.97500610351562
204.91000366210938
204.9199981689453
204.9499969482422
204.8699951171875
204.91000366210938
204.8800048828125
204.88780212402344
204.85000610351562
204.86000061035156
204.80999755859375
204.96400451660156
204.94000244140625
204.97000122070312
204.97000122070312
205.14889526367188
205.04580688476562
205.05999755859375
205.08999633789062
205.1750030517578
205.1300048828125
205.08740234375
205.05999755859375
205.1072998046875
205.05999755859375
205.0500030517578
205.14999389648438
205.14999389648438
205.21499633789062
205.1699981689453
205.22000122070312
205.04010009765625
205.0399932861328
205.0800018310547
204.9199981689453
204.97000122070312
204.97000122070312
205.03729248046875
205.17999267578125
205.17999267578125
205.17999267578125
205.1199951171875
205.14999389648438
205.07000732421875
205.05999755859375
205.13839721679688
205.11000061035156
205.15499877929688
205.02000427246094
205.1840057373047
205.1840057373047
204.99000549316406
205.02000427246094
204.97000122070312
204.96499633789062
204.87069702148438
204.80409240722656
204.86309814453125
204.8249969482422
204.77000427246094
204.6999969482422
204.63999938964844
204.7449951171875
204.7050018310547
204.7899932861328
204.77999877929688
204.87399291992188
204.83999633789062
204.9199981689453
204.6750030517578
204.75
204.7949981689453
204.6750030517578
204.75999450683594
204.83999633789062
204.80999755859375
204.9199981689453
204.92999267578125
204.97470092773438
204.86790466308594
204.91000366210938
205.00999450683594
204.82150268554688
204.86000061035156
204.8000030517578
205.02999877929688
205.02000427246094
205.27000427246094
205.24000549316406
205.27000427246094
205.27000427246094
205.17999267578125
205.10000610351562
205.125
205.0749969482422
205.02999877929688
205.04660034179688
205.08999633789062
205.07940673828125
205.05999755859375
205.13999938964844
205.18850708007812
204.9550018310547
204.8800048828125
204.9600067138672
205.0500030517578
204.97999572753906
204.9600067138672
204.99000549316406
205.0500030517578
204.94000244140625
205.0
205.02920532226562
205.13999938964844
205.14999389648438
205.05999755859375
205.10000610351562
205.19000244140625
205.25
205.24000549316406
205.17999267578125
205.14999389648438
205.25979614257812
205.33999633789062
205.3000030517578
205.41000366210938
205.42999267578125
205.5
205.49000549316406
205.49000549316406
205.38999938964844
205.3300018310547
205.32000732421875
205.28500366210938
205.33999633789062
205.3800048828125
205.4499969482422
205.3300018310547
205.38999938964844
205.43499755859375
205.42999267578125
205.22999572753906
205.1199951171875
205.19000244140625
205.16000366210938
205.0050048828125
205.3000030517578
205.3300018310547
205.3300018310547
205.23500061035156
205.1699981689453
205.1300048828125
205.02999877929688
204.97999572753906
204.90289306640625
204.90289306640625
