232.9499969482422
233.1999969482422
232.91000366210938
233.0
232.66000366210938
232.72000122070312
232.77000427246094
233.3000030517578
233.54660034179688
234.25999450683594
234.22999572753906
234.25
234.02999877929688
234.2899932861328
233.7050018310547
232.76499938964844
232.30999755859375
231.7899932861328
231.22000122070312
230.9600067138672
230.77999877929688
230.45989990234375
230.94000244140625
230.99000549316406
230.63999938964844
230.36199951171875
230.13999938964844
230.15499877929688
229.8699951171875
229.75999450683594
229.50999450683594
229.6300048828125
229.99000549316406
230.27000427246094
230.9499969482422
232.2646026611328
231.9925994873047
232.0417938232422
231.5800018310547
231.63160705566406
231.4600067138672
231.3000030517578
231.67999267578125
231.67999267578125
231.72000122070312
231.89999389648438
231.83999633789062
231.7899932861328
231.5800018310547
231.64500427246094
231.5
231.375
231.22999572753906
231.0800018310547
230.75999450683594
230.75999450683594
230.67579650878906
230.625
230.94769287109375
230.99000549316406
230.83389282226562
230.464599609375
230.4239959716797
230.97000122070312
231.24960327148438
231.2100067138672
230.76499938964844
230.76499938964844
230.58999633789062
229.99000549316406
229.8415985107422
229.8300018310547
230.17999267578125
229.57000732421875
229.6614990234375
229.67999267578125
229.60000610351562
229.9499969482422
230.07000732421875
229.9149932861328
230.07000732421875
229.82879638671875
230.0800018310547
229.72340393066406
229.75
229.72000122070312
229.80999755859375
229.72830200195312
229.5648956298828
229.0500030517578
229.41000366210938
229.2799072265625
229.57000732421875
229.4499053955078
229.60000610351562
229.49000549316406
229.65960693359375
229.25
229.07000732421875
229.02999877929688
228.8000030517578
228.82000732421875
229.1750030517578
229.2899932861328
228.97000122070312
229.3800048828125
229.5749969482422
229.6699981689453
229.47999572753906
229.1199951171875
229.2550048828125
229.55999755859375
229.3699951171875
229.74000549316406
229.58999633789062
229.6699981689453
229.2949981689453
229.27000427246094
228.9149932861328
228.86000061035156
228.5399932861328
228.6300048828125
228.69000244140625
228.6295928955078
228.6300048828125
228.73500061035156
228.58700561523438
228.7100067138672
229.0
228.73379516601562
228.2449951171875
228.36500549316406
228.13999938964844
227.99000549316406
227.906005859375
227.9499969482422
228.0800018310547
228.0399932861328
228.32000732421875
228.25999450683594
227.9499969482422
227.94430541992188
228.01229858398438
228.11700439453125
227.90499877929688
227.8433074951172
227.60000610351562
227.35000610351562
227.3448028564453
227.3699951171875
227.02999877929688
227.0
226.97329711914062
226.94000244140625
227.0399932861328
226.94000244140625
227.00999450683594
227.1699981689453
227.0800018310547
226.97000122070312
226.9499969482422
227.3350067138672
227.375
227.2550048828125
227.50999450683594
227.13999938964844
227.02749633789062
226.97000122070312
226.9199981689453
227.05209350585938
227.08999633789062
227.0050048828125
226.91000366210938
227.00999450683594
226.69500732421875
226.40499877929688
226.4550018310547
226.35000610351562
226.18499755859375
226.06500244140625
225.97999572753906
225.8000030517578
225.61500549316406
225.6300048828125
225.75999450683594
225.80999755859375
225.80999755859375
225.58999633789062
225.33999633789062
225.3000030517578
225.22000122070312
225.2100067138672
224.92999267578125
225.08999633789062
225.08999633789062
225.24000549316406
225.24000549316406
225.30499267578125
225.2899932861328
225.38999938964844
225.3625030517578
225.52000427246094
225.32000732421875
225.34500122070312
225.0500030517578
225.07000732421875
224.86500549316406
224.77999877929688
224.85499572753906
224.66000366210938
225.05999755859375
224.94500732421875
225.17750549316406
225.10000610351562
225.17999267578125
225.10000610351562
225.11000061035156
224.94500732421875
224.75390625
224.63999938964844
224.58999633789062
224.6649932861328
224.7550048828125
224.9199981689453
225.0050048828125
225.0850067138672
225.1199951171875
224.92999267578125
224.77999877929688
224.6999969482422
224.63250732421875
224.5749969482422
224.72000122070312
224.58999633789062
224.61000061035156
224.5749969482422
224.67999267578125
224.84500122070312
224.85000610351562
225.0
225.2899932861328
225.5
225.44000244140625
225.43499755859375
225.41000366210938
225.5
225.52870178222656
225.4149932861328
225.56500244140625
225.5
225.639892578125
225.2899932861328
225.375
225.18499755859375
225.0
224.9499969482422
224.97000122070312
224.9499969482422
224.9199981689453
225.00999450683594
225.02000427246094
225.0399932861328
225.0850067138672
225.0596923828125
224.831298828125
224.77999877929688
224.6999969482422
224.8350067138672
224.7899932861328
224.77000427246094
224.86000061035156
224.80999755859375
224.92999267578125
224.89999389648438
224.97500610351562
224.8800048828125
225.07000732421875
225.0
225.02000427246094
225.0399932861328
225.00999450683594
225.0
225.07000732421875
225.10279846191406
225.0800018310547
225.0
225.05499267578125
225.08990478515625
225.05999755859375
224.99000549316406
225.07130432128906
225.0500030517578
225.11000061035156
225.10000610351562
225.09500122070312
225.14500427246094
225.16000366210938
225.0
225.03500366210938
225.02000427246094
225.14500427246094
225.13710021972656
225.30999755859375
225.33999633789062
225.55499267578125
225.44000244140625
225.57000732421875
225.5850067138672
225.5800018310547
225.63999938964844
225.5449981689453
225.8000030517578
225.88250732421875
225.97500610351562
226.10499572753906
225.9199981689453
225.78500366210938
225.72000122070312
225.86000061035156
225.8300018310547
225.86000061035156
225.8800048828125
226.22000122070312
226.44500732421875
226.35000610351562
226.1833953857422
226.1636962890625
225.8699951171875
225.8699951171875
226.06500244140625
225.77000427246094
225.6199951171875
225.39999389648438
225.38999938964844
225.39999389648438
225.41000366210938
225.40249633789062
225.34500122070312
225.30499267578125
225.3155975341797
225.0709991455078
224.94500732421875
224.75
224.73500061035156
224.8000030517578
224.7299041748047
224.89999389648438
224.9499969482422
225.00999450683594
225.00999450683594
225.0500030517578
224.97999572753906
224.875
224.57000732421875
224.47500610351562
224.55999755859375
224.61500549316406
224.60499572753906
224.52000427246094
224.5050048828125
224.47000122070312
224.44000244140625
224.47000122070312
224.14500427246094
224.0399932861328
224.10000610351562
223.98500061035156
224.03379821777344
223.6300048828125
223.6475067138672
223.25999450683594
223.3350067138672
223.27999877929688
223.2899932861328
223.16000366210938
223.02000427246094
223.19859313964844
223.38999938964844
223.39999389648438
223.75999450683594
223.56500244140625
223.8800048828125
223.8300018310547
224.0500030517578
223.98500061035156
224.0500030517578
223.8699951171875
223.6999969482422
223.81959533691406
223.85000610351562
224.02000427246094
224.11000061035156
224.1699981689453
224.27999877929688
224.69000244140625
224.4499969482422
224.61000061035156
224.67269897460938
224.63999938964844
225.02000427246094
225.00999450683594
224.86000061035156
224.69000244140625
224.5
224.39999389648438
224.47000122070312
224.31500244140625
224.35000610351562
224.1999969482422
224.22999572753906
224.38999938964844
224.3350067138672
224.27000427246094
224.27000427246094
224.3000030517578
224.22500610351562
224.1199951171875
224.19000244140625
224.1999969482422
224.2666015625
224.19000244140625
224.25
224.3000030517578
224.50999450683594
224.5449981689453
224.44000244140625
224.52499389648438
224.5500030517578
224.4705047607422
224.60000610351562
224.47059631347656
224.55999755859375
224.5050048828125
224.50059509277344
224.36000061035156
224.4199981689453
224.5500030517578
224.7449951171875
224.8699951171875
224.72000122070312
224.63999938964844
224.5406036376953
224.19500732421875
224.3000030517578
224.19000244140625
224.1199951171875
223.9199981689453
223.99000549316406
223.7449951171875
223.85000610351562
223.84500122070312
223.83999633789062
223.8000030517578
224.1320037841797
224.1199951171875
224.02000427246094
223.9499969482422
223.7899932861328
223.76499938964844
223.5749969482422
223.5800018310547
223.56900024414062
223.6199951171875
223.44000244140625
223.568603515625
223.94000244140625
224.00999450683594
224.00869750976562
224.02999877929688
224.1999969482422
224.28500366210938
224.5800018310547
224.5
224.4949951171875
224.41000366210938
224.4499969482422
224.52999877929688
224.7899932861328
225.2899932861328
225.2100067138672
225.14500427246094
224.89999389648438
224.8699951171875
224.84500122070312
224.80499267578125
224.6999969482422
225.0
225.1092071533203
225.01499938964844
225.11000061035156
225.0399932861328
225.02499389648438
224.94000244140625
225.0
225.125
224.86000061035156
224.9550018310547
224.8800048828125
224.92059326171875
224.9499969482422
225.19000244140625
225.07000732421875
225.0800018310547
225.00250244140625
224.9199981689453
224.99000549316406
224.94000244140625
224.91000366210938
224.97000122070312
225.14999389648438
225.11000061035156
225.08999633789062
225.25
225.10000610351562
225.1199951171875
225.0
225.19000244140625
225.2429962158203
225.2550048828125
225.25999450683594
225.26890563964844
225.14999389648438
225.11000061035156
225.0399932861328
225.14999389648438
225.75
225.85000610351562
225.91000366210938
225.84100341796875
225.88999938964844
225.85690307617188
225.89939880371094
225.97000122070312
225.75999450683594
225.5500030517578
225.22000122070312
225.10499572753906
225.02999877929688
224.86000061035156
224.88999938964844
224.90499877929688
224.8300018310547
224.85000610351562
224.9199981689453
224.97999572753906
224.9600067138672
224.88999938964844
224.92999267578125
224.91000366210938
224.97999572753906
224.97000122070312
224.8800048828125
224.76499938964844
224.77000427246094
224.94000244140625
224.9250030517578
224.8800048828125
224.88999938964844
224.77000427246094
224.8800048828125
224.8249969482422
224.78500366210938
224.38999938964844
224.3699951171875
224.35000610351562
224.47999572753906
224.4199981689453
224.5
224.3000030517578
224.42999267578125
224.2899932861328
224.25
224.67999267578125
224.7310028076172
224.7899932861328
224.46580505371094
224.21499633789062
224.4250030517578
224.40499877929688
224.33999633789062
224.24000549316406
224.4499969482422
224.51499938964844
224.6199951171875
224.46180725097656
224.39999389648438
224.3000030517578
224.24000549316406
224.13999938964844
224.33250427246094
224.25999450683594
224.21749877929688
224.2781982421875
224.2100067138672
224.1699981689453
224.1750030517578
224.23500061035156
224.08999633789062
224.08999633789062
224.0
223.97000122070312
223.84500122070312
223.63999938964844
224.00999450683594
223.9600067138672
223.9600067138672
224.2899932861328
224.24000549316406
224.30999755859375
224.22999572753906
224.47000122070312
224.47999572753906
224.64999389648438
224.82000732421875
224.92999267578125
224.92999267578125
