55.33150100708008
55.34000015258789
55.439998626708984
55.5
55.54999923706055
55.599998474121094
55.5099983215332
55.529998779296875
55.44599914550781
55.380001068115234
55.36000061035156
55.404998779296875
55.439998626708984
55.529998779296875
55.54999923706055
55.595001220703125
55.59000015258789
55.560001373291016
55.4900016784668
55.439998626708984
55.400001525878906
55.440101623535156
55.439998626708984
55.48979949951172
55.52000045776367
55.58000183105469
55.59000015258789
55.625
55.68000030517578
55.66999816894531
55.665000915527344
55.619998931884766
55.59000015258789
55.53300094604492
55.619998931884766
55.499298095703125
55.5
55.540000915527344
55.49530029296875
55.474998474121094
55.42499923706055
55.470001220703125
55.404998779296875
55.400001525878906
55.41999816894531
55.406700134277344
55.439998626708984
55.470001220703125
55.474998474121094
55.4900016784668
55.540000915527344
55.540000915527344
55.52360153198242
55.46500015258789
55.435001373291016
55.40999984741211
55.369998931884766
55.3760986328125
55.375
55.3650016784668
55.349998474121094
55.314998626708984
55.334999084472656
55.349998474121094
55.38999938964844
55.38999938964844
55.349998474121094
55.349998474121094
55.349998474121094
55.349998474121094
55.400001525878906
55.349998474121094
55.369998931884766
55.339900970458984
55.349998474121094
55.340999603271484
55.34000015258789
55.39500045776367
55.41999816894531
55.41999816894531
55.375
55.40999984741211
55.400001525878906
55.404998779296875
55.44670104980469
55.459999084472656
55.435001373291016
55.45000076293945
55.43000030517578
55.400001525878906
55.38999938964844
55.404998779296875
55.43000030517578
55.4109001159668
55.439998626708984
55.404300689697266
55.44499969482422
55.435001373291016
55.4099006652832
55.404998779296875
55.45000076293945
55.46500015258789
55.45500183105469
55.46379852294922
55.459999084472656
55.48500061035156
55.540000915527344
55.5
55.51499938964844
55.4900016784668
55.500099182128906
55.52000045776367
55.505001068115234
55.52000045776367
55.53499984741211
55.5
55.480098724365234
55.5
55.47999954223633
55.4900016784668
55.47010040283203
55.52000045776367
55.525001525878906
55.564998626708984
55.56999969482422
55.59989929199219
55.529998779296875
55.56529998779297
55.55500030517578
55.52000045776367
55.51499938964844
55.529998779296875
55.54949951171875
55.5265007019043
55.56999969482422
55.53499984741211
55.53499984741211
55.5
55.525001525878906
55.52479934692383
55.4900016784668
55.48500061035156
55.5099983215332
55.46500015258789
55.44499969482422
55.46500015258789
55.47999954223633
55.452598571777344
55.4900016784668
55.479801177978516
55.42499923706055
55.45000076293945
55.489898681640625
55.45000076293945
55.45000076293945
55.44499969482422
55.474998474121094
55.494998931884766
55.4900016784668
55.470001220703125
55.494998931884766
55.54999923706055
55.529998779296875
55.5
55.47999954223633
55.46609878540039
55.470001220703125
55.48500061035156
55.474998474121094
55.5
55.529998779296875
55.540000915527344
55.540000915527344
55.560001373291016
55.540000915527344
55.505001068115234
55.5099983215332
55.47999954223633
55.43899917602539
55.404998779296875
55.42499923706055
55.439998626708984
55.429901123046875
55.47999954223633
55.4900016784668
55.475799560546875
55.54999923706055
55.560001373291016
55.52000045776367
55.54999923706055
55.58000183105469
55.584999084472656
55.56999969482422
55.61989974975586
55.625
55.650001525878906
55.66339874267578
55.66999816894531
55.64500045776367
55.61750030517578
55.6150016784668
55.595001220703125
55.59000015258789
55.6150016784668
55.62689971923828
55.6349983215332
55.6349983215332
55.6150016784668
55.6150016784668
55.599998474121094
55.595001220703125
55.56999969482422
55.59090042114258
55.584999084472656
55.59000015258789
55.597900390625
55.599998474121094
55.595001220703125
55.59550094604492
55.5900993347168
55.595001220703125
55.59000015258789
55.595001220703125
55.588401794433594
55.5807991027832
55.599998474121094
55.599998474121094
55.584999084472656
55.595001220703125
55.595001220703125
55.625
55.619998931884766
55.626399993896484
55.61470031738281
55.630001068115234
55.625
55.6349983215332
55.63999938964844
55.6349983215332
55.68000030517578
55.665000915527344
55.665000915527344
55.665000915527344
55.625701904296875
55.619998931884766
55.6150016784668
55.625
55.609901428222656
55.619998931884766
55.613399505615234
55.619998931884766
55.6150016784668
55.619998931884766
55.650001525878906
55.66999816894531
55.625
55.619998931884766
55.631900787353516
55.63999938964844
55.650001525878906
55.611900329589844
55.619998931884766
55.599998474121094
55.62620162963867
55.6150016784668
55.63999938964844
55.67639923095703
55.689998626708984
55.70000076293945
55.709999084472656
55.70000076293945
55.6879997253418
55.71500015258789
55.70500183105469
55.689998626708984
55.68280029296875
55.70000076293945
55.720001220703125
55.71379852294922
55.709999084472656
55.720001220703125
55.744998931884766
55.7400016784668
55.755001068115234
55.73500061035156
55.74679946899414
55.736000061035156
55.7599983215332
55.779998779296875
55.779998779296875
55.78499984741211
55.75
55.775001525878906
55.773799896240234
55.76530075073242
55.755001068115234
55.76499938964844
55.76499938964844
55.755001068115234
55.764198303222656
55.779998779296875
55.78300094604492
55.78499984741211
55.82500076293945
55.78499984741211
55.7932014465332
55.79999923706055
55.80550003051758
55.80500030517578
55.810001373291016
55.81999969482422
55.82500076293945
55.81999969482422
55.814998626708984
55.810001373291016
55.814998626708984
55.810001373291016
55.83000183105469
55.83000183105469
55.84000015258789
55.81999969482422
55.83919906616211
55.839900970458984
55.83000183105469
55.82379913330078
55.814998626708984
55.81999969482422
55.814998626708984
55.81999969482422
55.834999084472656
55.81999969482422
55.81999969482422
55.83000183105469
55.84000015258789
55.859901428222656
55.85499954223633
55.85499954223633
55.85499954223633
55.84000015258789
55.83000183105469
55.779998779296875
55.814998626708984
55.834999084472656
55.84000015258789
55.83000183105469
55.83000183105469
55.834999084472656
55.84000015258789
55.85499954223633
55.845001220703125
55.86000061035156
55.869998931884766
55.869998931884766
55.84000015258789
55.810001373291016
55.84000015258789
55.82500076293945
55.8036003112793
55.79499816894531
55.81999969482422
55.814998626708984
55.849998474121094
55.85499954223633
55.810001373291016
55.81999969482422
55.83000183105469
55.79999923706055
55.81999969482422
55.79999923706055
55.76499938964844
55.77000045776367
55.790000915527344
55.79999923706055
55.79999923706055
55.82500076293945
55.83000183105469
55.842498779296875
55.849998474121094
55.849998474121094
55.845001220703125
55.869998931884766
55.880001068115234
55.869998931884766
55.88999938964844
55.86899948120117
55.880001068115234
55.87839889526367
55.890098571777344
55.8848991394043
55.88759994506836
55.8849983215332
55.880001068115234
55.89500045776367
55.89500045776367
55.93000030517578
55.92499923706055
55.91999816894531
55.900001525878906
55.90439987182617
55.93000030517578
55.88999938964844
55.900001525878906
55.869998931884766
55.880001068115234
55.869998931884766
55.875
55.82500076293945
55.869998931884766
55.8650016784668
55.875
55.8849983215332
55.88999938964844
55.90800094604492
55.900001525878906
55.90999984741211
55.88999938964844
55.8650016784668
55.880001068115234
55.899898529052734
55.900001525878906
55.90999984741211
55.91999816894531
55.89500045776367
55.900001525878906
55.88999938964844
55.90999984741211
55.900001525878906
55.88999938964844
55.9379997253418
55.935001373291016
55.9364013671875
55.92499923706055
55.89500045776367
55.869998931884766
55.8849983215332
55.880001068115234
55.875
55.87620162963867
55.89500045776367
55.89500045776367
55.89500045776367
55.89500045776367
55.8650016784668
55.85499954223633
55.8849983215332
55.88999938964844
55.869998931884766
55.85499954223633
55.810001373291016
55.834999084472656
55.839900970458984
55.834999084472656
55.834999084472656
55.81999969482422
55.829200744628906
55.79499816894531
55.810001373291016
55.83000183105469
55.820098876953125
55.845001220703125
55.834999084472656
55.82500076293945
55.81230163574219
55.810001373291016
55.834999084472656
55.834999084472656
55.83599853515625
55.834999084472656
55.845001220703125
55.845001220703125
55.845001220703125
55.84000015258789
55.82500076293945
55.834999084472656
55.82500076293945
55.8400993347168
55.834999084472656
55.845001220703125
55.8650016784668
55.8650016784668
55.875
55.875
55.875
55.904998779296875
55.915000915527344
55.88999938964844
55.93000030517578
55.93600082397461
55.92499923706055
55.92499923706055
55.92399978637695
55.88999938964844
55.8921012878418
55.900001525878906
55.90999984741211
55.90999984741211
55.909698486328125
55.93000030517578
55.956298828125
55.959999084472656
55.97999954223633
55.97999954223633
56.005001068115234
55.9900016784668
55.970001220703125
55.95500183105469
55.95500183105469
55.95500183105469
55.95500183105469
55.974998474121094
55.9900016784668
55.96580123901367
55.959999084472656
55.9900016784668
55.998600006103516
55.970001220703125
55.95500183105469
55.95500183105469
55.939998626708984
55.91999816894531
55.93000030517578
55.90999984741211
55.94499969482422
55.95000076293945
55.95500183105469
55.98500061035156
55.97999954223633
55.970001220703125
55.9900016784668
55.97999954223633
55.970001220703125
55.974998474121094
55.974998474121094
55.97999954223633
56.0
55.9900016784668
56.014400482177734
56.01499938964844
56.02000045776367
56.040000915527344
56.029998779296875
56.04999923706055
56.04990005493164
56.07500076293945
56.08000183105469
56.09809875488281
56.1150016784668
56.15999984741211
56.15999984741211
56.185001373291016
56.18000030517578
56.163299560546875
56.18000030517578
56.16999816894531
56.189998626708984
56.189998626708984
56.18000030517578
56.19499969482422
56.185001373291016
56.185001373291016
56.165000915527344
56.183998107910156
56.099998474121094
56.08000183105469
56.08000183105469
56.130001068115234
56.125
56.154998779296875
56.13999938964844
56.14500045776367
56.154998779296875
56.16999816894531
56.18899917602539
56.20500183105469
56.21500015258789
56.165000915527344
56.20000076293945
56.2400016784668
56.224998474121094
56.230499267578125
56.20100021362305
56.20500183105469
56.23500061035156
56.244998931884766
56.220001220703125
56.22999954223633
56.23749923706055
56.25
56.249900817871094
56.244998931884766
56.2599983215332
56.23500061035156
56.2400016784668
56.2599983215332
56.28499984741211
56.275001525878906
56.29999923706055
56.2599983215332
56.189998626708984
56.20000076293945
56.20500183105469
56.16590118408203
56.1150016784668
56.14500045776367
56.15999984741211
56.130001068115234
56.20000076293945
56.185001373291016
56.189998626708984
56.17499923706055
56.16999816894531
56.165000915527344
56.154998779296875
56.154998779296875
56.16999816894531
56.16999816894531
