134.1999969482422
134.33999633789062
134.05999755859375
134.0749969482422
133.97999572753906
134.1300048828125
134.0592041015625
134.05499267578125
133.99000549316406
133.5800018310547
133.5500030517578
133.88999938964844
133.70599365234375
133.67999267578125
133.67999267578125
133.63999938964844
133.6199951171875
133.4600067138672
133.48910522460938
133.5
133.62489318847656
133.8000030517578
133.85000610351562
133.8800048828125
133.73770141601562
133.6199951171875
133.5800018310547
133.94000244140625
133.74000549316406
133.75
133.6199951171875
133.67239379882812
133.7082061767578
133.67999267578125
133.50999450683594
133.1981964111328
133.1116943359375
133.25
133.3699951171875
133.23739624023438
133.0800018310547
133.0677947998047
133.03500366210938
133.07749938964844
133.0
133.0399932861328
133.10000610351562
132.96609497070312
132.91000366210938
133.0
133.2471923828125
133.47000122070312
133.22000122070312
133.13499450683594
133.27000427246094
133.27999877929688
133.16000366210938
133.08999633789062
133.0399932861328
132.97000122070312
133.02000427246094
132.9199981689453
133.0272979736328
133.02999877929688
133.0399932861328
133.02000427246094
132.89999389648438
133.10000610351562
133.17999267578125
133.3300018310547
133.36000061035156
133.27000427246094
133.08999633789062
133.07009887695312
132.97999572753906
133.0800018310547
133.0800018310547
132.9687957763672
133.0
133.0865020751953
133.17999267578125
133.35000610351562
133.3249969482422
133.39999389648438
133.49000549316406
133.3300018310547
133.39500427246094
133.1750030517578
133.0200958251953
133.0399932861328
133.00999450683594
133.02000427246094
133.11000061035156
133.01499938964844
133.14999389648438
133.19000244140625
133.3000030517578
133.22000122070312
133.10499572753906
133.10000610351562
133.3699951171875
133.49000549316406
133.60000610351562
133.5399932861328
133.60499572753906
133.72000122070312
133.7100067138672
133.69900512695312
133.6300048828125
133.7100067138672
133.81500244140625
133.8000030517578
133.8300018310547
133.94000244140625
133.8800048828125
133.9199981689453
133.9001007080078
133.83999633789062
134.02000427246094
133.9199981689453
133.9499969482422
134.08999633789062
133.97999572753906
134.0072021484375
133.99000549316406
134.05999755859375
134.12289428710938
134.1154022216797
134.08999633789062
134.07000732421875
134.00999450683594
133.97000122070312
133.89999389648438
133.8300018310547
133.9300994873047
133.8699951171875
133.93499755859375
133.82000732421875
133.80499267578125
133.8000030517578
133.77999877929688
133.89999389648438
133.92999267578125
133.86000061035156
133.86000061035156
133.94000244140625
133.94000244140625
133.97999572753906
134.0399932861328
134.17999267578125
134.05999755859375
134.17999267578125
134.19500732421875
134.02000427246094
133.97999572753906
134.00999450683594
134.00999450683594
133.97999572753906
133.77999877929688
133.77999877929688
133.72000122070312
133.6300048828125
133.52870178222656
133.65499877929688
133.64999389648438
133.7530059814453
133.810302734375
133.8699951171875
133.82000732421875
133.75999450683594
133.76539611816406
133.69000244140625
133.69009399414062
133.74000549316406
133.7550048828125
133.83999633789062
133.92869567871094
134.05740356445312
134.11000061035156
133.9199981689453
133.86000061035156
133.85000610351562
133.88999938964844
133.8603057861328
133.97000122070312
133.97999572753906
133.97000122070312
133.9499969482422
134.02999877929688
134.08880615234375
134.06500244140625
134.125
134.1300048828125
134.0399932861328
134.13999938964844
134.22999572753906
134.1999969482422
134.2100067138672
134.25999450683594
134.2899932861328
134.44000244140625
134.39999389648438
134.35499572753906
134.27000427246094
134.2899932861328
134.3000030517578
134.30999755859375
134.34500122070312
134.38209533691406
134.3000030517578
134.22000122070312
134.17999267578125
134.1999969482422
134.17999267578125
134.19000244140625
134.25999450683594
134.2550048828125
134.28900146484375
134.26499938964844
134.24000549316406
134.2899932861328
134.30499267578125
134.3000030517578
134.2449951171875
134.32000732421875
134.32000732421875
134.21060180664062
134.22000122070312
134.2899932861328
134.3300018310547
134.3800048828125
134.4600067138672
134.4232940673828
134.3957061767578
134.46499633789062
134.44000244140625
134.5
134.49000549316406
134.41000366210938
134.4600067138672
134.4499969482422
134.4600067138672
134.4600067138672
134.52999877929688
134.5
134.5041046142578
134.5399932861328
134.63999938964844
134.72000122070312
134.66009521484375
134.74000549316406
134.72999572753906
134.75
134.80999755859375
134.7899932861328
134.75999450683594
134.76499938964844
134.6800994873047
134.67999267578125
134.64999389648438
134.6540069580078
134.5800018310547
134.50900268554688
134.60000610351562
134.6300048828125
134.6300048828125
134.66000366210938
134.74000549316406
134.69500732421875
134.72000122070312
134.70230102539062
134.74000549316406
134.75999450683594
134.7563934326172
134.63999938964844
134.61000061035156
134.6750030517578
134.72999572753906
134.6750030517578
134.6699981689453
134.6699981689453
134.69000244140625
134.67999267578125
134.72000122070312
134.6300048828125
134.60000610351562
134.58999633789062
134.6199951171875
134.61000061035156
134.6199951171875
134.60000610351562
134.57000732421875
134.4600067138672
134.4940948486328
134.5500030517578
134.60000610351562
134.54690551757812
134.58250427246094
134.58999633789062
134.58999633789062
134.55999755859375
134.55239868164062
134.5399932861328
134.5449981689453
134.47999572753906
134.5500030517578
134.4864044189453
134.45419311523438
134.47999572753906
134.44180297851562
134.52499389648438
134.56719970703125
134.55499267578125
134.57260131835938
134.60000610351562
134.61000061035156
134.61500549316406
134.6103973388672
134.60000610351562
134.6199951171875
134.6199951171875
134.64999389648438
134.74000549316406
134.72999572753906
134.7100067138672
134.74000549316406
134.78990173339844
134.8000030517578
134.86000061035156
134.9521942138672
134.89999389648438
134.86000061035156
134.8800048828125
134.8800048828125
134.86000061035156
134.82000732421875
134.8455047607422
134.8699951171875
134.85000610351562
134.77999877929688
134.75999450683594
134.83999633789062
134.8699951171875
134.90499877929688
134.88499450683594
134.85000610351562
134.9499969482422
134.9600067138672
135.0050048828125
134.9600067138672
135.00999450683594
135.0447998046875
135.10000610351562
135.11000061035156
135.00999450683594
135.03500366210938
134.99000549316406
135.0
134.99000549316406
135.0
134.88999938964844
134.85000610351562
134.8300018310547
134.80999755859375
134.8780059814453
134.83999633789062
134.7344970703125
134.69000244140625
134.6750030517578
134.61000061035156
134.69000244140625
134.6649932861328
134.7550048828125
134.75999450683594
134.83999633789062
134.8699951171875
134.88999938964844
134.9091033935547
134.82000732421875
134.82000732421875
134.91000366210938
134.9600067138672
134.96510314941406
134.9949951171875
135.02000427246094
135.0229949951172
135.07000732421875
135.0493927001953
135.0749969482422
135.02000427246094
134.99070739746094
134.97000122070312
134.9949951171875
135.00999450683594
135.0800018310547
135.10000610351562
135.10000610351562
135.10499572753906
135.16000366210938
135.2100067138672
135.22000122070312
135.27999877929688
135.27999877929688
135.1999969482422
135.25999450683594
135.25999450683594
135.22999572753906
135.21530151367188
135.30999755859375
135.3300018310547
135.32000732421875
135.32000732421875
135.33309936523438
135.33999633789062
135.33999633789062
135.3350067138672
135.33999633789062
135.3300018310547
135.35000610351562
135.36000061035156
135.38499450683594
135.38999938964844
135.3231964111328
135.2902069091797
135.27000427246094
135.3300018310547
135.3000030517578
135.27999877929688
135.3300018310547
135.3300018310547
135.32000732421875
135.29820251464844
135.22999572753906
135.2449951171875
135.32150268554688
135.3000030517578
135.27999877929688
135.25
135.1699981689453
135.1999969482422
135.22000122070312
135.22300720214844
135.1790008544922
135.22000122070312
135.2949981689453
135.30999755859375
135.25
135.1699981689453
135.17999267578125
135.1999969482422
135.17999267578125
135.1999969482422
135.29989624023438
135.35000610351562
135.32000732421875
135.25
135.2100067138672
135.30999755859375
135.27999877929688
135.28500366210938
135.3300018310547
135.35000610351562
135.33999633789062
135.33999633789062
135.35499572753906
135.35000610351562
135.33999633789062
135.40640258789062
135.3699951171875
135.38999938964844
135.4199981689453
135.42999267578125
135.45509338378906
135.43170166015625
135.42999267578125
135.4398956298828
135.4438934326172
135.47000122070312
135.57000732421875
135.58999633789062
135.5399932861328
135.55189514160156
135.5399932861328
135.52000427246094
135.52999877929688
135.50999450683594
135.55499267578125
135.61940002441406
135.58999633789062
135.5800018310547
135.57000732421875
135.5500030517578
135.56959533691406
135.56500244140625
135.5791015625
135.60000610351562
135.53810119628906
135.60000610351562
135.58999633789062
135.57940673828125
135.57000732421875
135.61000061035156
135.58999633789062
135.589599609375
135.61000061035156
135.62710571289062
135.6367950439453
135.625
135.6699981689453
135.6699981689453
135.6699981689453
135.55999755859375
135.47000122070312
135.52000427246094
135.40660095214844
135.3800048828125
135.3800048828125
135.40989685058594
135.42999267578125
135.3699951171875
135.3699951171875
135.36000061035156
135.39999389648438
135.3699951171875
135.38150024414062
135.42999267578125
135.42999267578125
135.3800048828125
135.36000061035156
135.33999633789062
135.29620361328125
135.27999877929688
135.27999877929688
135.27000427246094
135.33999633789062
135.35000610351562
135.3343048095703
135.2899932861328
135.31689453125
135.31460571289062
135.33999633789062
135.4123992919922
135.42999267578125
135.44500732421875
135.44320678710938
135.4600067138672
135.4499969482422
135.4600067138672
135.4499969482422
135.33999633789062
135.32000732421875
135.22999572753906
135.2899932861328
135.24000549316406
135.3011932373047
135.36000061035156
135.3300018310547
135.41000366210938
135.41029357910156
135.4499969482422
135.5
135.5
135.47999572753906
135.5
135.49000549316406
135.6199951171875
135.5399932861328
135.5
135.5749969482422
135.53500366210938
135.5449981689453
135.60000610351562
135.52999877929688
135.58999633789062
135.63999938964844
135.49000549316406
135.5800018310547
135.60000610351562
135.61000061035156
135.6757049560547
135.6300048828125
135.5800018310547
135.60000610351562
135.58999633789062
135.5500030517578
135.6199951171875
135.6649932861328
135.75
135.75
135.66099548339844
135.6999969482422
135.64999389648438
135.69180297851562
135.66000366210938
135.73939514160156
135.7100067138672
135.77999877929688
135.6699981689453
135.68179321289062
135.66000366210938
135.66000366210938
135.52000427246094
135.49000549316406
135.52000427246094
135.5500030517578
135.5
135.6385040283203
135.63009643554688
135.66000366210938
135.57000732421875
135.5399932861328
135.49000549316406
135.42999267578125
135.42999267578125
135.41000366210938
135.41000366210938
