143.72000122070312
143.6699981689453
143.3000030517578
143.21499633789062
143.3350067138672
142.91000366210938
143.14999389648438
143.40179443359375
143.3699951171875
143.4600067138672
143.69000244140625
143.36000061035156
143.17999267578125
143.27999877929688
143.44749450683594
143.5800018310547
143.38999938964844
143.41000366210938
143.05690002441406
142.82009887695312
142.75999450683594
142.9199981689453
143.14999389648438
143.14999389648438
143.08999633789062
142.89120483398438
142.77999877929688
142.77999877929688
142.81500244140625
142.6999969482422
142.69000244140625
142.72999572753906
142.70309448242188
142.89999389648438
142.9600067138672
142.72799682617188
142.6999969482422
142.6999969482422
142.7899932861328
142.77999877929688
142.76499938964844
142.78500366210938
142.7570037841797
142.8350067138672
142.8000030517578
142.8300018310547
142.7899932861328
142.81610107421875
142.8699951171875
142.88780212402344
142.85000610351562
143.07000732421875
143.0395050048828
143.07000732421875
142.99000549316406
142.9600067138672
142.91000366210938
142.9550018310547
143.10000610351562
143.07000732421875
142.9199981689453
142.9250030517578
142.9199981689453
143.22000122070312
143.27000427246094
143.32000732421875
143.1999969482422
143.35000610351562
143.4199981689453
143.393798828125
143.3800048828125
143.25
143.27000427246094
143.05999755859375
143.07009887695312
142.99000549316406
142.94000244140625
142.88999938964844
142.8699951171875
142.92799377441406
143.0399932861328
143.0800018310547
143.17999267578125
143.0500030517578
143.08990478515625
143.02999877929688
142.86000061035156
142.80999755859375
142.66000366210938
142.46499633789062
142.56419372558594
142.52999877929688
142.55999755859375
142.4600067138672
142.44000244140625
142.54800415039062
142.54159545898438
142.66009521484375
142.5500030517578
142.4600067138672
142.58999633789062
142.6199951171875
142.80050659179688
142.88499450683594
142.97000122070312
143.13999938964844
143.16949462890625
143.16000366210938
143.0850067138672
143.0449981689453
143.02499389648438
143.08189392089844
143.02000427246094
143.0749969482422
143.07000732421875
143.0
142.9199981689453
142.8699951171875
142.6999969482422
142.7449951171875
142.74560546875
142.8249969482422
142.77000427246094
142.80999755859375
142.77999877929688
142.84109497070312
142.7711944580078
142.77999877929688
142.86000061035156
142.82179260253906
142.7050018310547
142.66000366210938
142.63499450683594
142.61000061035156
142.6199951171875
142.6199951171875
142.6199951171875
142.5800018310547
142.66400146484375
142.5850067138672
142.52699279785156
142.4499969482422
142.47000122070312
142.57000732421875
142.41000366210938
142.30999755859375
142.33999633789062
142.22000122070312
142.24679565429688
142.3000030517578
142.22000122070312
142.13999938964844
142.1300048828125
142.0850067138672
141.98049926757812
142.03500366210938
142.11000061035156
142.14999389648438
142.03500366210938
142.0229949951172
142.18499755859375
142.14999389648438
142.24620056152344
142.2198944091797
142.1300048828125
142.1750030517578
142.10000610351562
142.11000061035156
142.0749969482422
142.07000732421875
142.08999633789062
142.0189971923828
142.0200958251953
142.14999389648438
142.0399932861328
141.94000244140625
141.9528045654297
141.94000244140625
141.85000610351562
141.86500549316406
141.8699951171875
141.88560485839844
141.8699951171875
141.80999755859375
141.84500122070312
141.77499389648438
141.85499572753906
141.79010009765625
141.7239990234375
141.78919982910156
141.6199951171875
141.5399932861328
141.44810485839844
141.4499969482422
141.49000549316406
141.5449981689453
141.6750030517578
141.52499389648438
141.63999938964844
141.6049041748047
141.72000122070312
141.64999389648438
141.64999389648438
141.77000427246094
141.71499633789062
141.81500244140625
141.7100067138672
141.7617950439453
141.7100067138672
141.61309814453125
141.72000122070312
141.6999969482422
141.67999267578125
141.72000122070312
141.81500244140625
141.82000732421875
141.77999877929688
141.74000549316406
141.66990661621094
141.67999267578125
141.67999267578125
141.6750030517578
141.6750030517578
141.6699981689453
141.6999969482422
141.7550048828125
141.75
141.69000244140625
141.6699981689453
141.6750030517578
141.63999938964844
141.6999969482422
141.75999450683594
141.7100067138672
141.80999755859375
141.79989624023438
141.77999877929688
141.8302001953125
141.89500427246094
142.13499450683594
142.10000610351562
142.1999969482422
142.12109375
142.17999267578125
142.11000061035156
142.08999633789062
142.0449981689453
142.03500366210938
142.12899780273438
142.1649932861328
142.19000244140625
142.30499267578125
142.35499572753906
142.4199981689453
142.3699951171875
142.30999755859375
142.27499389648438
142.1999969482422
142.22999572753906
142.22999572753906
142.2100067138672
142.22000122070312
142.2899932861328
142.2899932861328
142.27999877929688
142.33819580078125
142.27499389648438
142.3300018310547
142.30499267578125
142.35740661621094
142.32000732421875
142.35000610351562
142.38369750976562
142.30999755859375
142.2263946533203
142.22000122070312
142.36000061035156
142.3699951171875
142.39500427246094
142.3800048828125
142.3699951171875
142.3699951171875
142.35000610351562
142.30499267578125
142.25
142.2899932861328
142.24000549316406
142.25999450683594
142.27999877929688
142.36500549316406
142.34500122070312
142.38999938964844
142.37989807128906
142.3699951171875
142.3699951171875
142.42999267578125
142.44500732421875
142.47500610351562
142.5
142.56500244140625
142.6199951171875
142.64500427246094
142.61500549316406
142.7100067138672
142.72999572753906
142.67999267578125
142.625
142.61000061035156
142.52999877929688
142.5800018310547
142.54750061035156
142.55999755859375
142.55999755859375
142.61000061035156
142.61990356445312
142.63499450683594
142.63999938964844
142.61000061035156
142.61000061035156
142.6199951171875
142.6649932861328
142.64840698242188
142.6699981689453
142.64999389648438
142.63999938964844
142.65499877929688
142.6199951171875
142.61500549316406
142.58999633789062
142.61000061035156
142.5399932861328
142.47000122070312
142.41000366210938
142.38999938964844
142.36000061035156
142.3699951171875
142.33999633789062
142.3000030517578
142.25999450683594
142.19000244140625
142.13999938964844
142.13999938964844
142.14999389648438
142.13999938964844
142.1300048828125
142.1300048828125
142.08999633789062
142.1595001220703
142.22999572753906
142.22000122070312
142.31500244140625
142.26609802246094
142.22000122070312
142.19000244140625
142.11000061035156
142.11099243164062
142.15499877929688
142.1300048828125
142.1300048828125
142.1199951171875
142.13499450683594
142.1300048828125
142.1699981689453
142.0500030517578
142.11000061035156
142.08999633789062
142.05999755859375
142.0749969482422
141.9949951171875
141.91940307617188
141.9499969482422
141.97479248046875
141.99000549316406
142.02999877929688
142.08999633789062
142.13999938964844
142.19000244140625
142.1699981689453
142.2581024169922
142.25999450683594
142.30999755859375
142.39920043945312
142.4199981689453
142.4600067138672
142.4499053955078
142.42999267578125
142.34500122070312
142.38499450683594
142.3699951171875
142.38380432128906
142.4499969482422
142.47000122070312
142.48719787597656
142.5
142.60499572753906
142.47999572753906
142.41000366210938
142.44000244140625
142.4499969482422
142.60499572753906
142.58999633789062
142.55499267578125
142.4709930419922
142.42999267578125
142.4199981689453
142.35000610351562
142.36000061035156
142.42999267578125
142.37989807128906
142.39999389648438
142.41000366210938
142.4199981689453
142.45970153808594
142.47999572753906
142.51319885253906
142.52000427246094
142.49000549316406
142.47999572753906
142.55999755859375
142.5399932861328
142.5697021484375
142.49000549316406
142.5500030517578
142.53919982910156
142.5500030517578
142.49000549316406
142.48500061035156
142.49000549316406
142.67999267578125
142.75
142.8365936279297
142.7550048828125
142.7100067138672
142.5749969482422
142.64999389648438
142.64129638671875
142.5449981689453
142.55999755859375
142.61000061035156
142.62429809570312
142.60000610351562
142.5800018310547
142.4949951171875
142.4998016357422
142.52999877929688
142.51499938964844
142.4199981689453
142.40069580078125
142.36000061035156
142.3800048828125
142.3699951171875
142.3699951171875
142.4499969482422
142.5500030517578
142.50999450683594
142.5
142.56500244140625
142.51040649414062
142.4893035888672
142.44000244140625
142.43499755859375
142.3632049560547
142.36000061035156
142.2899932861328
142.34500122070312
142.42999267578125
142.4199981689453
142.36000061035156
142.38999938964844
142.468994140625
142.4499969482422
142.52000427246094
142.4774932861328
142.50999450683594
142.49000549316406
142.5800018310547
142.47999572753906
142.64500427246094
142.72000122070312
142.6649932861328
142.6136932373047
142.58050537109375
142.55999755859375
142.57000732421875
142.50169372558594
142.47000122070312
142.63999938964844
142.6300048828125
142.6407012939453
142.6300048828125
142.72999572753906
142.68519592285156
142.6699981689453
142.63999938964844
142.64500427246094
142.61500549316406
142.58999633789062
142.64999389648438
142.63999938964844
142.69000244140625
142.7899932861328
142.74000549316406
142.7550048828125
142.6199951171875
142.5800018310547
142.63009643554688
142.65499877929688
142.60000610351562
142.61830139160156
142.67999267578125
142.69000244140625
142.6365966796875
142.6103973388672
142.63999938964844
142.63999938964844
142.57000732421875
142.58999633789062
142.64500427246094
142.63999938964844
142.5800018310547
142.55250549316406
142.44000244140625
142.42340087890625
142.44000244140625
142.52999877929688
142.64999389648438
142.66000366210938
142.66000366210938
142.74000549316406
142.6300048828125
142.63999938964844
142.72000122070312
142.6699981689453
142.67999267578125
142.6873016357422
142.5800018310547
142.63900756835938
142.60000610351562
142.64500427246094
142.6300048828125
142.66000366210938
142.69000244140625
142.73129272460938
142.74000549316406
142.85000610351562
142.922607421875
142.88499450683594
142.9199981689453
142.9499969482422
142.97999572753906
143.0229949951172
142.9499969482422
142.9499969482422
142.83999633789062
142.8549041748047
142.8699951171875
142.8300018310547
142.8800048828125
142.91000366210938
142.85000610351562
142.8800048828125
142.88999938964844
142.75990295410156
142.74000549316406
142.7169952392578
142.80990600585938
142.78500366210938
142.7899932861328
142.831298828125
142.7899932861328
142.75
142.7100067138672
142.77499389648438
142.77999877929688
142.8076934814453
142.6569061279297
142.6699981689453
142.7100067138672
142.72999572753906
142.65379333496094
142.61000061035156
142.55999755859375
142.61000061035156
142.65499877929688
142.58970642089844
142.63490295410156
142.62989807128906
142.6199951171875
142.55999755859375
142.6654052734375
142.7100067138672
142.693603515625
142.75999450683594
142.7899932861328
142.77999877929688
142.74000549316406
142.76629638671875
142.69000244140625
142.7100067138672
142.74000549316406
142.76829528808594
142.69000244140625
142.60000610351562
142.5399932861328
142.57000732421875
142.5449981689453
142.6300048828125
142.67999267578125
142.6300048828125
142.53500366210938
142.52000427246094
142.48370361328125
142.4499969482422
142.60000610351562
142.69000244140625
142.69000244140625
