61.790000915527344
61.79499816894531
61.79499816894531
62.119998931884766
62.189998626708984
62.47100067138672
62.310001373291016
62.42499923706055
62.34000015258789
62.02000045776367
61.93989944458008
61.95000076293945
61.83000183105469
61.77000045776367
61.87480163574219
61.869998931884766
61.83000183105469
61.86000061035156
61.75
61.619998931884766
61.58000183105469
61.66999816894531
61.66999816894531
61.650001525878906
61.61000061035156
61.45500183105469
61.3849983215332
61.4900016784668
61.5099983215332
61.459999084472656
61.38999938964844
61.33000183105469
61.310001373291016
61.439998626708984
61.400001525878906
61.2599983215332
61.25
61.199100494384766
61.369998931884766
61.41999816894531
61.41999816894531
61.459999084472656
61.40999984741211
61.439998626708984
61.428199768066406
61.459999084472656
61.529998779296875
61.52000045776367
61.33000183105469
61.31050109863281
61.36000061035156
61.479801177978516
61.36000061035156
61.30759811401367
61.380001068115234
61.38819885253906
61.334999084472656
61.349998474121094
61.415000915527344
61.380001068115234
61.38999938964844
61.31999969482422
61.349998474121094
61.435001373291016
61.45000076293945
61.43000030517578
61.38999938964844
61.369998931884766
61.40999984741211
61.486900329589844
61.48500061035156
61.400001525878906
61.400001525878906
61.33000183105469
61.35499954223633
61.29999923706055
61.34000015258789
61.36000061035156
61.400001525878906
61.38999938964844
61.42499923706055
61.45000076293945
61.439998626708984
61.41999816894531
61.41999816894531
61.38999938964844
61.400001525878906
61.380001068115234
61.314998626708984
61.2599983215332
61.310001373291016
61.310001373291016
61.29209899902344
61.310001373291016
61.380001068115234
61.37900161743164
61.42580032348633
61.45000076293945
61.459999084472656
61.459999084472656
61.564998626708984
61.619998931884766
61.65999984741211
61.68000030517578
61.70100021362305
61.75
61.75
61.7848014831543
61.709999084472656
61.77000045776367
61.775001525878906
61.779998779296875
61.79999923706055
61.81999969482422
61.75
61.74509811401367
61.72999954223633
61.68090057373047
61.689998626708984
61.720001220703125
61.75
61.810001373291016
61.86000061035156
61.85020065307617
61.849998474121094
61.849998474121094
61.904998779296875
61.90999984741211
61.95500183105469
61.939998626708984
62.00339889526367
62.0
62.0099983215332
61.97999954223633
62.040000915527344
62.0
61.959999084472656
61.91350173950195
61.900001525878906
61.86000061035156
61.83000183105469
61.85499954223633
61.82419967651367
61.79999923706055
61.755001068115234
61.855899810791016
61.79999923706055
61.77000045776367
61.7599983215332
61.75
61.790000915527344
61.849998474121094
61.814998626708984
61.77000045776367
61.81999969482422
61.830299377441406
61.849998474121094
61.88999938964844
61.88999938964844
61.900001525878906
61.90999984741211
61.869998931884766
61.81999969482422
61.85499954223633
61.869998931884766
61.875
61.93000030517578
61.94499969482422
61.94599914550781
62.04499816894531
62.04999923706055
61.970001220703125
61.970001220703125
62.023399353027344
62.060001373291016
62.07500076293945
62.10499954223633
62.1234016418457
62.13050079345703
62.09000015258789
62.02009963989258
62.02190017700195
62.05500030517578
62.06999969482422
62.09000015258789
62.11000061035156
62.130001068115234
62.08000183105469
62.09000015258789
62.08000183105469
62.04999923706055
62.02000045776367
61.91999816894531
61.88999938964844
61.939998626708984
61.92789840698242
61.9297981262207
61.95500183105469
62.0
62.029998779296875
62.02000045776367
61.9900016784668
61.9995002746582
61.970001220703125
62.0
62.02000045776367
62.0
62.01499938964844
61.994998931884766
61.970001220703125
61.97999954223633
61.93510055541992
61.91999816894531
61.900001525878906
61.880001068115234
61.8650016784668
61.84000015258789
61.83000183105469
61.82500076293945
61.810001373291016
61.79999923706055
61.829898834228516
61.80839920043945
61.779998779296875
61.7599983215332
61.790000915527344
61.7599983215332
61.779998779296875
61.84000015258789
61.870399475097656
61.86000061035156
61.90999984741211
61.869998931884766
61.83000183105469
61.85419845581055
61.81999969482422
61.84000015258789
61.834999084472656
61.810001373291016
61.86000061035156
61.86000061035156
61.88999938964844
61.86000061035156
61.869998931884766
61.86000061035156
61.86000061035156
61.888999938964844
61.89500045776367
61.8849983215332
61.880001068115234
61.85749816894531
61.8650016784668
61.85499954223633
61.88999938964844
61.869998931884766
61.88999938964844
61.880001068115234
61.84000015258789
61.81999969482422
61.83000183105469
61.80110168457031
61.79999923706055
61.77000045776367
61.790000915527344
61.790000915527344
61.7599983215332
61.76499938964844
61.810001373291016
61.80039978027344
61.79999923706055
61.7776985168457
61.744998931884766
61.77939987182617
61.79999923706055
61.790000915527344
61.790000915527344
61.79999923706055
61.84000015258789
61.88999938964844
61.880001068115234
61.880001068115234
61.89830017089844
61.869998931884766
61.869998931884766
61.839698791503906
61.79999923706055
61.79999923706055
61.790000915527344
61.779998779296875
61.834999084472656
61.83000183105469
61.810001373291016
61.77000045776367
61.77000045776367
61.79999923706055
61.77000045776367
61.77000045776367
61.77000045776367
61.7599983215332
61.720001220703125
61.78499984741211
61.779998779296875
61.7400016784668
61.7599983215332
61.7599983215332
61.75
61.720001220703125
61.720001220703125
61.73500061035156
61.75
61.7599983215332
61.755001068115234
61.77000045776367
61.765098571777344
61.75
61.75400161743164
61.75
61.72999954223633
61.720001220703125
61.720001220703125
61.689998626708984
61.689998626708984
61.69499969482422
61.70000076293945
61.69390106201172
61.69390106201172
61.720001220703125
61.72999954223633
61.720001220703125
61.75
61.749900817871094
61.76279830932617
61.82500076293945
61.810001373291016
61.81629943847656
61.810001373291016
61.779998779296875
61.77000045776367
61.7599983215332
61.720001220703125
61.72999954223633
61.720001220703125
61.72119903564453
61.720001220703125
61.709999084472656
61.72999954223633
61.790000915527344
61.81999969482422
61.82500076293945
61.81999969482422
61.80329895019531
61.78499984741211
61.81999969482422
61.79999923706055
61.779998779296875
61.80659866333008
61.790000915527344
61.779998779296875
61.77000045776367
61.724998474121094
61.70500183105469
61.68000030517578
61.68000030517578
61.66999816894531
61.67499923706055
61.6974983215332
61.689998626708984
61.68000030517578
61.65999984741211
61.625
61.63999938964844
61.66999816894531
61.68000030517578
61.685001373291016
61.709999084472656
61.720001220703125
61.72999954223633
61.724998474121094
61.724998474121094
61.70000076293945
61.689998626708984
61.72999954223633
61.72999954223633
61.7400016784668
61.75619888305664
61.75
61.75
61.77000045776367
61.77470016479492
61.75
61.72999954223633
61.709999084472656
61.70500183105469
61.69499969482422
61.7400016784668
61.709999084472656
61.70000076293945
61.72999954223633
61.720001220703125
61.72999954223633
61.709999084472656
61.72999954223633
61.70000076293945
61.70399856567383
61.72999954223633
61.72999954223633
61.73500061035156
61.72999954223633
61.730098724365234
61.7400016784668
61.77000045776367
61.75
61.790000915527344
61.790000915527344
61.79499816894531
61.790000915527344
61.7599983215332
61.720001220703125
61.7400016784668
61.744998931884766
61.7599983215332
61.77000045776367
61.7599983215332
61.74250030517578
61.7599983215332
61.74480056762695
61.79999923706055
61.798099517822266
61.83000183105469
61.845001220703125
61.845001220703125
61.83000183105469
61.84000015258789
61.83000183105469
61.82500076293945
61.790000915527344
61.810001373291016
61.83000183105469
61.83000183105469
61.83100128173828
61.84000015258789
61.834999084472656
61.80500030517578
61.81999969482422
61.869998931884766
61.84000015258789
61.836700439453125
61.83000183105469
61.810001373291016
61.81999969482422
61.814998626708984
61.810001373291016
61.81999969482422
61.849998474121094
61.84000015258789
61.83000183105469
61.86000061035156
61.862998962402344
61.82740020751953
61.834999084472656
61.834999084472656
61.814998626708984
61.79999923706055
61.779998779296875
61.790000915527344
61.779998779296875
61.76499938964844
61.779998779296875
61.790000915527344
61.82500076293945
61.81999969482422
61.82500076293945
61.82500076293945
61.81999969482422
61.79999923706055
61.789798736572266
61.72999954223633
61.720001220703125
61.755001068115234
61.79999923706055
61.810001373291016
61.81999969482422
61.814998626708984
61.83319854736328
61.7958984375
61.790000915527344
61.84000015258789
61.79999923706055
61.814998626708984
61.810001373291016
61.79999923706055
61.790000915527344
61.79909896850586
61.810001373291016
61.810001373291016
61.812198638916016
61.8849983215332
61.900001525878906
61.91999816894531
61.94499969482422
61.93000030517578
61.93550109863281
61.904998779296875
61.875
61.834999084472656
61.86000061035156
61.88999938964844
61.8849983215332
61.88990020751953
61.86859893798828
61.81999969482422
61.81330108642578
61.7599983215332
61.7599983215332
61.7593994140625
61.73500061035156
61.685001373291016
61.71580123901367
61.709999084472656
61.709999084472656
61.70000076293945
61.689998626708984
61.72999954223633
61.75
61.76499938964844
61.7599983215332
61.7599983215332
61.790000915527344
61.790000915527344
61.7400016784668
61.7400016784668
61.7400016784668
61.72999954223633
61.72999954223633
61.73699951171875
61.7400016784668
61.72999954223633
61.720001220703125
61.77000045776367
61.75
61.7599983215332
61.779998779296875
61.7400016784668
61.7400016784668
61.75
61.7599983215332
61.7599983215332
61.81999969482422
61.845001220703125
61.81999969482422
61.849998474121094
61.810001373291016
61.83000183105469
61.810001373291016
61.82270050048828
61.79999923706055
61.79999923706055
61.810001373291016
61.82040023803711
61.81999969482422
61.80500030517578
61.839900970458984
61.77000045776367
61.769500732421875
61.77000045776367
61.7599983215332
61.76499938964844
61.76499938964844
61.779998779296875
61.75
61.71500015258789
61.7400016784668
61.69499969482422
61.709999084472656
61.7400016784668
61.689998626708984
61.71500015258789
61.7400016784668
61.72999954223633
61.72999954223633
61.69499969482422
61.69499969482422
61.69309997558594
61.720001220703125
61.689998626708984
61.73540115356445
61.709999084472656
61.73500061035156
61.720001220703125
61.7599983215332
61.763099670410156
61.755001068115234
61.775001525878906
61.75
61.78499984741211
61.790000915527344
61.78499984741211
61.720001220703125
61.75
61.7599983215332
61.76499938964844
61.73500061035156
61.720001220703125
61.75
61.744998931884766
61.755001068115234
61.77000045776367
61.81999969482422
61.83000183105469
61.79499816894531
61.78499984741211
61.73500061035156
61.685001373291016
61.654998779296875
61.63999938964844
61.63999938964844
