3013.010009765625
3003.300048828125
2988.989990234375
2974.989990234375
2973.880126953125
2983.139892578125
2988.469970703125
2997.0400390625
2994.080078125
2994.375
2996.760009765625
3003.300048828125
3010.090087890625
3011.8701171875
3010.090087890625
3008.64990234375
3005.8701171875
3006.360107421875
3002.010009765625
2999.85009765625
2997.93994140625
2997.25
3000.489990234375
2999.3701171875
2993.18994140625
2982.760009765625
2980.760009765625
2973.030029296875
2975.840087890625
2973.8798828125
2968.5
2965.110107421875
2970.860107421875
2971.409912109375
2976.0849609375
2980.639892578125
2976.7451171875
2983.999755859375
2979.090087890625
2977.840087890625
2977.27001953125
2976.544921875
2975.860107421875
2975.0
2974.909912109375
2975.389892578125
2977.81005859375
2978.68994140625
2976.675048828125
2975.6767578125
2973.0
2973.975341796875
2969.0849609375
2962.030029296875
2950.0
2951.4599609375
2948.955078125
2952.81494140625
2952.93994140625
2952.78955078125
2947.0
2942.52001953125
2944.85009765625
2944.840087890625
2949.39990234375
2946.280029296875
2942.8798828125
2941.0224609375
2940.0
2932.6298828125
2932.659912109375
2932.0
2933.889892578125
2933.02001953125
2934.0048828125
2933.955078125
2929.030029296875
2932.39990234375
2930.64990234375
2930.989990234375
2934.679931640625
2931.590087890625
2931.929931640625
2928.7099609375
2928.20068359375
2926.1201171875
2925.02001953125
2924.985107421875
2920.580078125
2913.0
2919.52001953125
2923.277587890625
2927.159912109375
2931.0
2935.284912109375
2940.72998046875
2940.52001953125
2941.47998046875
2938.10009765625
2936.510009765625
2932.9775390625
2931.449951171875
2934.02001953125
2933.22998046875
2934.061279296875
2938.27001953125
2939.25
2941.669921875
2938.18994140625
2936.498779296875
2937.5
2936.840087890625
2936.43505859375
2938.4599609375
2938.02490234375
2934.748291015625
2933.324951171875
2933.43994140625
2925.909912109375
2925.68994140625
2926.679931640625
2928.31005859375
2928.5400390625
2929.669921875
2929.844970703125
2931.1201171875
2929.89990234375
2931.034912109375
2937.0400390625
2933.300048828125
2927.77001953125
2930.22998046875
2931.860107421875
2930.06494140625
2929.514892578125
2930.155029296875
2930.14501953125
2928.429931640625
2929.090087890625
2927.6298828125
2918.0
2919.68994140625
2923.030029296875
2919.199951171875
2919.070068359375
2918.14990234375
2920.85009765625
2917.300048828125
2917.300048828125
2917.213134765625
2915.18994140625
2912.31494140625
2914.669921875
2914.97998046875
2915.9599609375
2917.945068359375
2919.4599609375
2922.550048828125
2926.080078125
2923.860107421875
2929.5
2930.4599609375
2930.330078125
2930.344970703125
2930.073974609375
2930.264892578125
2937.530029296875
2938.7099609375
2938.045654296875
2941.780029296875
2945.0
2947.93994140625
2947.800048828125
2949.590087890625
2950.219970703125
2945.0
2947.0
2950.0
2946.139892578125
2942.1201171875
2942.210205078125
2943.669921875
2943.550048828125
2944.06005859375
2945.372802734375
2943.81005859375
2943.89990234375
2944.175048828125
2945.1650390625
2946.1298828125
2946.0
2945.409912109375
2941.659912109375
2942.949951171875
2942.010009765625
2943.840087890625
2944.1201171875
2943.02001953125
2943.43994140625
2943.239990234375
2943.919921875
2944.550048828125
2947.0
2949.3701171875
2949.889892578125
2950.97998046875
2954.510009765625
2952.010009765625
2953.7900390625
2955.389892578125
2955.875
2955.75
2956.425048828125
2960.832763671875
2963.169921875
2962.260009765625
2963.929931640625
2963.909912109375
2960.3798828125
2959.449951171875
2958.260009765625
2959.806640625
2965.638427734375
2965.239990234375
2964.739990234375
2965.39990234375
2965.47509765625
2964.385009765625
2961.510009765625
2961.81005859375
2965.0400390625
2966.6201171875
2966.81005859375
2965.094970703125
2965.820068359375
2967.469970703125
2969.5
2969.010009765625
2973.469970703125
2975.734619140625
2977.7099609375
2980.2099609375
2978.860107421875
2977.64794921875
2971.510009765625
2974.330078125
2976.320068359375
2976.298583984375
2977.25
2978.56005859375
2979.5
2978.610107421875
2980.5166015625
2982.739990234375
2983.458984375
2980.179931640625
2977.080078125
2976.830078125
2973.800048828125
2973.800048828125
2975.0
2979.159912109375
2981.7099609375
2977.7099609375
2978.75
2977.885009765625
2977.169921875
2978.27001953125
2980.969970703125
2982.340087890625
2982.304931640625
2982.090087890625
2983.027587890625
2979.030029296875
2978.669921875
2977.070068359375
2977.760009765625
2977.919921875
2977.614990234375
2977.96044921875
2977.9951171875
2977.69140625
2979.090087890625
2979.304931640625
2979.726806640625
2978.449951171875
2978.0048828125
2979.75
2982.670654296875
2983.85009765625
2983.205078125
2986.090087890625
2984.31005859375
2983.5400390625
2983.195068359375
2982.820068359375
2985.070068359375
2985.070068359375
2986.0
2986.02490234375
2988.93994140625
2990.090087890625
2993.43994140625
2993.760009765625
2993.5
2992.590087890625
2991.27001953125
2990.070068359375
2990.860107421875
2990.989990234375
2992.0
2995.159912109375
2993.010009765625
2994.7099609375
2996.5
2997.639892578125
2994.429931640625
2994.89990234375
2996.010009765625
2998.205078125
3000.074951171875
2999.10009765625
3000.0
3000.260009765625
2998.60498046875
2993.4951171875
2992.97021484375
2993.26611328125
2994.449951171875
2993.1201171875
2988.719970703125
2987.35693359375
2985.14990234375
2988.2900390625
2989.2548828125
2993.22998046875
2991.784912109375
2992.160888671875
2988.0
2985.9150390625
2982.030029296875
2980.0
2981.799560546875
2982.14990234375
2982.14990234375
2982.110107421875
2979.18994140625
2978.0048828125
2975.0
2979.0
2976.919921875
2978.050048828125
2978.830078125
2974.97998046875
2971.14990234375
2972.43505859375
2971.510009765625
2970.0400390625
2971.070068359375
2967.530029296875
2968.360107421875
2970.25
2970.5400390625
2966.0
2967.260009765625
2968.2548828125
2970.6298828125
2971.199951171875
2967.469970703125
2967.9599609375
2968.126220703125
2968.429931640625
2969.034912109375
2968.590087890625
2972.77001953125
2976.830078125
2976.489990234375
2977.748291015625
2977.412353515625
2977.679931640625
2975.949951171875
2977.772705078125
2978.179931640625
2978.28662109375
2978.28662109375
2978.510009765625
2979.419921875
2978.52490234375
2981.35009765625
2981.93505859375
2983.580078125
2983.179931640625
2983.705078125
2983.705078125
2983.320068359375
2982.800048828125
2979.794921875
2981.75
2981.764892578125
2983.875
2981.925048828125
2982.219970703125
2976.7900390625
2978.094970703125
2977.85498046875
2976.340087890625
2973.300048828125
2975.9599609375
2971.989990234375
2971.39990234375
2973.159912109375
2974.5
2974.5
2974.5
2974.43994140625
2975.669921875
2970.635009765625
2975.1298828125
2973.07763671875
2976.010009765625
2976.010009765625
2973.97998046875
2973.639892578125
2973.485107421875
2975.780029296875
2975.780029296875
2973.70458984375
2973.70458984375
2975.280029296875
2977.236083984375
2978.340087890625
2978.615234375
2977.639892578125
2973.070068359375
2973.610107421875
2972.010009765625
2971.110107421875
2972.35498046875
2974.0
2974.340087890625
2974.094970703125
2973.669921875
2970.010009765625
2968.455078125
2969.9599609375
2970.44140625
2969.3798828125
2968.281982421875
2965.510009765625
2967.360107421875
2965.719970703125
2967.925048828125
2970.27001953125
2970.72509765625
2969.885009765625
2972.226318359375
2970.344482421875
2971.4150390625
2969.02001953125
2966.114990234375
2967.530029296875
2965.8798828125
2965.8349609375
2960.7099609375
2965.18994140625
2965.455078125
2966.47509765625
2965.699951171875
2966.4599609375
2966.4599609375
2968.239990234375
2970.0
2969.5
2969.8701171875
2968.9599609375
2969.989990234375
2970.5
2971.54248046875
2974.594970703125
2976.929931640625
2973.85009765625
2975.73828125
2973.3173828125
2973.0
2970.159912109375
2971.530029296875
2972.02490234375
2972.1875
2974.10009765625
2975.6650390625
2977.094970703125
2973.0
2975.27001953125
2976.300048828125
2978.4599609375
2977.080078125
2976.93994140625
2978.436767578125
2977.840087890625
2977.22509765625
2981.05224609375
2983.215087890625
2985.0
2982.110107421875
2982.39990234375
2984.205078125
2984.094970703125
2981.580078125
2982.530029296875
2982.530029296875
2984.050048828125
2981.30615234375
2981.139892578125
2980.1201171875
2981.56005859375
2979.56005859375
2978.510009765625
2979.489990234375
2976.860107421875
2971.010009765625
2973.719970703125
2971.0
2972.929931640625
2972.800048828125
2973.3798828125
2976.5849609375
2977.25
2976.3701171875
2976.205078125
2973.909912109375
2976.199951171875
2976.199951171875
2976.199951171875
2975.780029296875
2976.1298828125
2972.15478515625
2974.830078125
2975.360107421875
2975.389892578125
2976.77392578125
2975.985107421875
2977.205078125
2978.090087890625
2978.0
2979.0
2979.6201171875
2979.989990234375
2983.14990234375
2983.06005859375
2984.945068359375
2985.010009765625
2983.610107421875
2981.679931640625
2980.85498046875
2982.489990234375
2981.135009765625
2982.215087890625
2981.5
2980.030029296875
2983.889892578125
2980.85498046875
2979.0
2970.110107421875
2968.85009765625
2971.5
2970.110107421875
2971.1298828125
2971.989990234375
2973.4599609375
2974.1298828125
2973.469970703125
2970.89501953125
2973.544921875
2975.169921875
2976.030029296875
2976.159912109375
2974.239990234375
2976.054931640625
2975.97998046875
2972.830078125
2971.639892578125
2971.570068359375
2975.14990234375
2974.2900390625
2975.929931640625
2972.435791015625
2970.0
2971.280029296875
2969.050048828125
2969.455078125
2970.800048828125
2969.18505859375
2969.830078125
2969.1298828125
2968.655029296875
2969.8701171875
2971.64990234375
2969.669921875
2964.985107421875
2966.0
2965.5400390625
2963.47998046875
2957.551025390625
2957.580078125
2958.344970703125
2960.64990234375
2961.760009765625
2962.47998046875
2964.02001953125
2960.0400390625
2960.010009765625
2960.0
2958.264892578125
2958.360107421875
2960.72998046875
2960.72998046875
