3002.75
2996.5400390625
2983.010009765625
2962.010009765625
2973.169921875
2983.815673828125
2986.219970703125
2991.679931640625
2995.64990234375
2995.06005859375
3000.0
3003.8701171875
3010.61181640625
3012.85498046875
3014.68994140625
3007.7900390625
3007.580078125
3004.260009765625
2999.360107421875
2997.021484375
2998.199951171875
2992.949951171875
3000.1201171875
2996.5
2989.0
2978.485107421875
2976.780029296875
2969.4951171875
2973.1298828125
2971.969970703125
2964.010009765625
2958.610107421875
2968.320068359375
2970.0
2976.81005859375
2979.465087890625
2977.110107421875
2981.27001953125
2975.050048828125
2975.77490234375
2973.5
2973.97509765625
2972.06005859375
2972.35498046875
2972.969970703125
2975.719970703125
2974.85546875
2976.9599609375
2974.85009765625
2970.1201171875
2971.489990234375
2968.860107421875
2966.60498046875
2958.090087890625
2949.050048828125
2947.27001953125
2944.860107421875
2949.7099609375
2948.3701171875
2951.419921875
2947.02001953125
2942.544921875
2946.68994140625
2945.909912109375
2945.919921875
2946.8798828125
2941.550048828125
2940.1298828125
2938.320068359375
2927.360107421875
2929.1298828125
2929.169921875
2931.39990234375
2929.080078125
2931.080078125
2929.0
2926.340087890625
2928.659912109375
2927.0
2926.27001953125
2930.14501953125
2927.10009765625
2927.534912109375
2925.780029296875
2924.0
2921.2548828125
2919.75
2920.719970703125
2916.68505859375
2911.6298828125
2916.199951171875
2918.2099609375
2922.0
2927.355712890625
2933.95751953125
2940.2900390625
2937.3955078125
2939.3525390625
2936.3701171875
2934.655029296875
2931.300048828125
2930.25
2933.524658203125
2932.75
2932.550048828125
2938.5
2941.0
2942.0
2938.570068359375
2936.482421875
2936.5400390625
2940.0
2938.1201171875
2937.929931640625
2937.240478515625
2937.52001953125
2931.919921875
2928.7900390625
2921.7900390625
2922.669921875
2925.780029296875
2928.18994140625
2925.1650390625
2928.969970703125
2929.199951171875
2932.469970703125
2929.510009765625
2929.5
2935.615966796875
2935.89990234375
2928.530029296875
2929.981689453125
2933.3701171875
2931.125
2929.47998046875
2932.264892578125
2931.2548828125
2929.81005859375
2930.695068359375
2926.0
2922.25
2922.679931640625
2921.679931640625
2920.614990234375
2919.56494140625
2921.159912109375
2921.5
2919.989990234375
2920.3798828125
2917.989990234375
2913.969970703125
2915.0
2915.030029296875
2915.81005859375
2914.9150390625
2918.39990234375
2920.0
2927.14453125
2927.60009765625
2927.320068359375
2928.989990234375
2932.611083984375
2931.5537109375
2932.43994140625
2934.1201171875
2932.570556640625
2937.6201171875
2943.530029296875
2943.050048828125
2946.679931640625
2946.93994140625
2951.114990234375
2951.820068359375
2955.0
2953.1298828125
2949.820068359375
2949.794921875
2948.93994140625
2945.860107421875
2947.77001953125
2945.844970703125
2947.232421875
2943.239990234375
2944.5
2947.989990234375
2946.840087890625
2947.719970703125
2946.262451171875
2947.219970703125
2948.2216796875
2948.199951171875
2945.5224609375
2940.18994140625
2941.179931640625
2942.050048828125
2942.4951171875
2944.0
2943.18994140625
2942.570068359375
2942.2900390625
2944.699951171875
2945.5849609375
2944.969970703125
2949.6748046875
2950.89990234375
2951.300048828125
2953.8798828125
2952.10009765625
2956.8798828125
2953.25
2956.0
2957.0
2957.860107421875
2961.179931640625
2966.17724609375
2964.554931640625
2964.93505859375
2963.995361328125
2961.409912109375
2961.89990234375
2958.570068359375
2961.360107421875
2967.759033203125
2967.3701171875
2964.3798828125
2967.8701171875
2968.409912109375
2965.845947265625
2965.330078125
2963.0
2965.989990234375
2966.909912109375
2967.4951171875
2965.510009765625
2967.449951171875
2967.699951171875
2968.14990234375
2968.88623046875
2972.989990234375
2975.780029296875
2977.530029296875
2981.0
2979.570068359375
2978.735107421875
2976.468017578125
2974.89013671875
2978.5
2978.22998046875
2980.760498046875
2979.300048828125
2981.9501953125
2978.375
2981.969970703125
2984.22509765625
2983.75
2979.110107421875
2978.56005859375
2977.9951171875
2974.030029296875
2974.010009765625
2977.780029296875
2979.860107421875
2981.340087890625
2979.02001953125
2979.929931640625
2978.929931640625
2978.949951171875
2980.320068359375
2979.89990234375
2980.49462890625
2982.489990234375
2982.985107421875
2981.5283203125
2977.81005859375
2979.1298828125
2976.699951171875
2976.139892578125
2977.18994140625
2976.466796875
2978.659912109375
2978.231201171875
2980.719970703125
2978.77001953125
2979.97509765625
2978.419921875
2977.340087890625
2978.449951171875
2977.735107421875
2982.054931640625
2982.75
2983.530029296875
2986.3798828125
2985.27490234375
2983.570068359375
2983.010009765625
2983.56005859375
2984.760009765625
2984.8974609375
2982.719970703125
2986.8701171875
2989.0
2993.780029296875
2992.10009765625
2994.919921875
2994.360107421875
2993.429931640625
2993.320068359375
2991.720947265625
2991.97998046875
2993.0
2993.014892578125
2996.090087890625
2994.3798828125
2996.02490234375
2997.574951171875
2998.534912109375
2995.669921875
2995.610107421875
2996.0
3000.5
3002.800048828125
3000.501708984375
3001.580078125
3003.949951171875
3000.85498046875
2998.199951171875
2995.580078125
2994.5400390625
2994.135009765625
2994.360107421875
2990.239013671875
2989.011474609375
2988.530029296875
2990.820068359375
2990.85498046875
2995.0
2993.93994140625
2992.580078125
2988.39990234375
2988.39990234375
2982.510009765625
2982.625
2982.89990234375
2983.409912109375
2983.175048828125
2982.6298828125
2981.64501953125
2981.0849609375
2978.8466796875
2982.0
2980.0341796875
2983.93994140625
2981.9951171875
2978.47998046875
2975.030029296875
2975.64990234375
2976.92822265625
2975.0
2974.68994140625
2972.10009765625
2971.719970703125
2975.14990234375
2974.52001953125
2970.0
2971.955078125
2971.610107421875
2973.699951171875
2975.52001953125
2974.080078125
2972.0
2973.034912109375
2972.090087890625
2973.455078125
2975.6298828125
2977.93505859375
2980.43994140625
2980.010009765625
2981.8798828125
2982.300048828125
2981.094970703125
2980.114990234375
2982.27490234375
2984.199951171875
2983.0
2983.0
2984.429931640625
2984.10986328125
2984.050048828125
2988.39990234375
2989.1533203125
2988.25
2990.14990234375
2988.68994140625
2987.47998046875
2990.320068359375
2989.050048828125
2984.0400390625
2988.889892578125
2985.505615234375
2987.830078125
2989.169921875
2986.840087890625
2983.25
2983.75
2982.137451171875
2981.090087890625
2981.090087890625
2979.669921875
2977.68505859375
2976.780029296875
2977.99169921875
2981.1298828125
2981.8798828125
2980.97998046875
2980.340087890625
2978.4599609375
2976.830078125
2979.070068359375
2978.949951171875
2980.989990234375
2979.536376953125
2979.2900390625
2979.2900390625
2979.2900390625
2977.630126953125
2978.969970703125
2978.969970703125
2978.969970703125
2979.469970703125
2979.469970703125
2981.949951171875
2982.080078125
2979.554931640625
2976.125
2976.860107421875
2977.3701171875
2974.93505859375
2977.280029296875
2977.489990234375
2978.10009765625
2976.574951171875
2976.705078125
2973.31005859375
2970.489990234375
2973.449951171875
2973.669921875
2973.52001953125
2974.06005859375
2970.3798828125
2969.98291015625
2972.580078125
2972.590087890625
2972.590087890625
2976.159912109375
2974.860107421875
2976.080078125
2975.429931640625
2976.3798828125
2975.2900390625
2971.2900390625
2972.6484375
2970.655029296875
2971.0
2966.10009765625
2968.804931640625
2969.57470703125
2970.965087890625
2970.89990234375
2972.0
2975.050048828125
2973.449951171875
2976.31005859375
2974.669921875
2974.52001953125
2974.469970703125
2975.4150390625
2975.949951171875
2977.85009765625
2980.880126953125
2983.927734375
2978.93994140625
2981.860107421875
2981.77001953125
2977.39990234375
2977.044677734375
2977.044677734375
2975.89013671875
2978.699951171875
2981.02001953125
2981.02001953125
2981.135009765625
2978.469970703125
2979.534912109375
2978.320068359375
2979.780029296875
2978.659912109375
2976.60009765625
2978.090087890625
2978.77001953125
2980.1201171875
2980.955078125
2983.014892578125
2986.75
2983.280029296875
2981.330078125
2983.419921875
2984.97998046875
2984.074951171875
2984.179931640625
2983.840087890625
2984.530029296875
2982.929931640625
2982.719970703125
2980.85009765625
2980.10009765625
2979.72998046875
2981.0
2980.9599609375
2980.439453125
2975.794921875
2977.159912109375
2976.97998046875
2976.800048828125
2974.764892578125
2976.580078125
2978.743896484375
2981.219970703125
2981.219970703125
2979.9150390625
2978.06005859375
2974.804931640625
2976.074951171875
2979.264892578125
2979.489990234375
2978.89501953125
2975.0615234375
2978.5
2978.52490234375
2976.75
2977.77490234375
2976.780029296875
2978.175048828125
2978.1298828125
2978.1298828125
2979.139892578125
2979.97998046875
2979.52001953125
2981.8798828125
2982.4951171875
2984.7900390625
2986.0
2985.889892578125
2983.330078125
2982.280029296875
2983.820068359375
2982.489990234375
2981.375
2981.409912109375
2984.18994140625
2982.889892578125
2981.27001953125
2980.31005859375
2970.77490234375
2970.5400390625
2972.469970703125
2970.6982421875
2973.0400390625
2973.1201171875
2974.10009765625
2974.1201171875
2973.2900390625
2972.969970703125
2974.485107421875
2975.39990234375
2977.330078125
2976.4951171875
2973.93994140625
2975.409912109375
2974.840087890625
2973.22998046875
2974.139892578125
2974.804931640625
2976.31005859375
2975.385009765625
2972.14990234375
2973.510009765625
2972.2451171875
2973.090087890625
2971.669921875
2973.0
2972.720947265625
2971.014892578125
2973.2900390625
2970.820068359375
2970.31005859375
2969.199951171875
2971.0048828125
2966.719970703125
2965.330078125
2965.0
2965.0
2963.51416015625
2960.840087890625
2959.044921875
2958.550048828125
2961.31005859375
2962.43994140625
2962.260009765625
2963.64990234375
2958.5
2960.235107421875
2960.070068359375
2958.4599609375
2958.989990234375
2960.0
2960.0
