363.6099853515625
366.1099853515625
366.5400085449219
366.989990234375
367.42999267578125
367.7200012207031
367.6300048828125
367.5101013183594
367.82000732421875
366.6300048828125
365.8999938964844
365.59228515625
366.1099853515625
364.7799987792969
364.25
364.0799865722656
363.1050109863281
362.9700012207031
361.7099914550781
361.5899963378906
360.6400146484375
361.1499938964844
361.510009765625
361.7850036621094
361.8699951171875
361.6025085449219
361.2349853515625
361.42498779296875
361.6199951171875
361.0899963378906
359.6000061035156
359.6099853515625
360.25
360.7099914550781
360.239990234375
359.8900146484375
359.92999267578125
359.95001220703125
360.3450012207031
360.1600036621094
360.2699890136719
359.8900146484375
359.5899963378906
359.70001220703125
359.6700134277344
359.5299987792969
359.7300109863281
359.8399963378906
359.6499938964844
359.6099853515625
359.92449951171875
360.0
359.55999755859375
359.54998779296875
359.6700134277344
359.80999755859375
359.3599853515625
359.54998779296875
359.7025146484375
358.8349914550781
359.3299865722656
358.9800109863281
358.9100036621094
359.4200134277344
359.6099853515625
359.3949890136719
359.17999267578125
359.1199951171875
359.3800048828125
359.6239929199219
360.0
359.3999938964844
359.7300109863281
359.6199951171875
359.55999755859375
359.20001220703125
359.3900146484375
359.2950134277344
359.4800109863281
359.42999267578125
359.30999755859375
359.7449951171875
359.8900146484375
359.8399963378906
359.968994140625
359.260009765625
359.0899963378906
358.5559997558594
358.2701110839844
357.92999267578125
358.3800048828125
358.35009765625
358.5299987792969
358.2669982910156
358.55999755859375
358.8299865722656
358.9599914550781
359.19000244140625
358.8039855957031
358.8599853515625
359.5347900390625
359.9100036621094
360.5
360.489990234375
360.9100036621094
361.239990234375
361.039794921875
361.07000732421875
360.7799987792969
360.7300109863281
360.82000732421875
360.8599853515625
360.97540283203125
361.0150146484375
361.0617980957031
360.82000732421875
360.4200134277344
360.4100036621094
360.260009765625
360.4599914550781
361.0719909667969
361.32000732421875
361.20001220703125
361.6000061035156
361.8299865722656
362.1400146484375
361.8599853515625
361.95001220703125
361.82000732421875
361.70001220703125
361.2699890136719
361.3800048828125
361.3949890136719
361.07000732421875
361.3500061035156
360.9200134277344
361.04998779296875
360.9700012207031
360.739990234375
360.8399963378906
360.6400146484375
360.6499938964844
360.6000061035156
360.4800109863281
360.239990234375
360.55999755859375
360.3800048828125
360.1549987792969
360.2099914550781
360.3800048828125
359.8999938964844
360.07000732421875
360.20001220703125
359.7601013183594
359.7799987792969
359.92999267578125
360.0849914550781
360.07501220703125
359.7799987792969
359.6400146484375
359.8399963378906
359.8699951171875
359.7200012207031
359.8999938964844
359.8399963378906
359.7900085449219
360.05999755859375
360.1099853515625
360.0299987792969
360.05999755859375
360.07000732421875
359.80999755859375
359.80999755859375
360.1099853515625
360.010009765625
360.0799865722656
359.8890075683594
360.0199890136719
359.92999267578125
359.9700012207031
359.9200134277344
359.9700012207031
359.9700012207031
359.9200134277344
360.2799987792969
360.2200012207031
360.3800048828125
360.2250061035156
360.2699890136719
360.3800048828125
360.010009765625
360.04998779296875
359.7550048828125
359.7300109863281
359.7550048828125
359.8900146484375
360.0299987792969
360.25
360.45001220703125
360.6499938964844
360.739990234375
360.8599853515625
360.6600036621094
360.760009765625
360.7149963378906
361.2200012207031
361.1000061035156
361.0400085449219
360.989990234375
360.70001220703125
361.17999267578125
360.82000732421875
360.7048034667969
360.82000732421875
360.6632080078125
360.7200012207031
360.7799987792969
360.67999267578125
360.462890625
360.53851318359375
360.53851318359375
360.2850036621094
360.3599853515625
360.2850036621094
360.4100036621094
360.54998779296875
360.57000732421875
360.5899963378906
360.54998779296875
360.6300048828125
361.0150146484375
361.25
361.44000244140625
361.1400146484375
361.46990966796875
361.4700012207031
361.55999755859375
361.6099853515625
361.30999755859375
361.82501220703125
362.05499267578125
362.1099853515625
361.9649963378906
362.1000061035156
362.07000732421875
361.9750061035156
361.9599914550781
362.0400085449219
362.25
362.3500061035156
362.07000732421875
362.3699951171875
362.2900085449219
362.3900146484375
362.2699890136719
361.92999267578125
361.6449890136719
361.7699890136719
361.875
361.9599914550781
362.0199890136719
362.010009765625
361.9800109863281
361.9800109863281
361.9200134277344
361.79998779296875
361.92999267578125
362.0299987792969
361.92999267578125
361.94000244140625
361.9700012207031
361.9700012207031
362.0899963378906
362.0199890136719
361.86920166015625
361.8699951171875
362.0249938964844
362.2749938964844
362.3399963378906
362.4100036621094
362.1000061035156
362.239990234375
362.21868896484375
362.29998779296875
362.1099853515625
361.9200134277344
362.07000732421875
362.11590576171875
362.2200012207031
362.2200012207031
362.4100036621094
362.4549865722656
362.3299865722656
362.44500732421875
362.510009765625
362.44000244140625
362.55999755859375
362.67999267578125
362.70001220703125
362.8900146484375
362.9849853515625
363.0400085449219
363.1400146484375
363.32000732421875
363.17999267578125
363.20001220703125
363.1199951171875
362.99249267578125
362.92999267578125
362.8299865722656
362.864990234375
362.92999267578125
362.8006896972656
362.7200012207031
362.6650085449219
362.7099914550781
362.69000244140625
362.6000061035156
362.6025085449219
362.6600036621094
362.57501220703125
362.5799865722656
362.7850036621094
363.05499267578125
363.0299987792969
363.07000732421875
363.0799865722656
363.2699890136719
363.1700134277344
363.2998962402344
362.9700012207031
362.8900146484375
362.7799987792969
362.69781494140625
362.7300109863281
362.875
362.9800109863281
363.1700134277344
363.05999755859375
363.010009765625
363.0
362.9599914550781
363.17999267578125
363.1099853515625
363.1499938964844
363.0299987792969
363.20001220703125
363.2850036621094
363.3399963378906
363.4200134277344
363.6050109863281
363.42999267578125
363.5400085449219
363.45001220703125
363.5163879394531
363.5299987792969
363.5299987792969
363.5299987792969
363.44000244140625
363.5199890136719
363.5
363.5
363.3299865722656
363.3399963378906
363.25
363.3999938964844
363.2099914550781
363.135009765625
363.0299987792969
362.6000061035156
362.6304016113281
362.67498779296875
362.6650085449219
363.07000732421875
363.20001220703125
363.30999755859375
363.3999938964844
363.5899963378906
363.44000244140625
363.3999938964844
363.4150085449219
363.5498962402344
363.5899963378906
363.6600036621094
363.6600036621094
363.739990234375
363.58660888671875
363.67999267578125
363.6199951171875
363.6449890136719
363.6940002441406
363.739990234375
363.739990234375
363.80999755859375
363.94000244140625
363.79998779296875
363.5899963378906
363.560791015625
363.6400146484375
363.64190673828125
363.6300048828125
363.7200012207031
363.7200012207031
363.69000244140625
363.69000244140625
363.760009765625
363.760009765625
363.760009765625
363.7799987792969
363.7900085449219
363.7900085449219
363.6499938964844
363.6000061035156
363.5400085449219
363.5799865722656
363.7598876953125
363.5299987792969
363.5400085449219
363.6300048828125
363.8699951171875
363.8699951171875
363.79998779296875
363.7699890136719
363.739990234375
363.7099914550781
363.760009765625
364.0
364.25
364.489990234375
364.5199890136719
364.4949951171875
364.5
364.45001220703125
364.3999938964844
364.1700134277344
364.3349914550781
364.3399963378906
364.29998779296875
364.19000244140625
364.29998779296875
364.30999755859375
364.4200134277344
364.385009765625
364.22369384765625
364.25
364.1039123535156
364.010009765625
363.760009765625
363.57000732421875
363.739990234375
363.8800048828125
363.67999267578125
363.989990234375
364.05010986328125
364.2300109863281
364.114990234375
364.114990234375
364.31500244140625
364.1400146484375
364.0007019042969
364.0299987792969
363.8399963378906
363.7900085449219
363.7699890136719
363.989990234375
364.17999267578125
364.1099853515625
364.05999755859375
363.80999755859375
363.9800109863281
363.8399963378906
363.8299865722656
364.05999755859375
364.0400085449219
364.0450134277344
364.0849914550781
364.0199890136719
364.17999267578125
364.42999267578125
364.4599914550781
364.30999755859375
364.4800109863281
364.32501220703125
364.1700134277344
364.1199951171875
364.20001220703125
364.4100036621094
364.57000732421875
364.668701171875
364.6333923339844
364.760009765625
364.69000244140625
364.6099853515625
364.5799865722656
364.489990234375
364.55999755859375
364.42999267578125
364.4700012207031
364.69000244140625
364.67999267578125
364.8299865722656
364.8450012207031
364.6000061035156
364.4700012207031
364.20001220703125
364.1650085449219
364.2950134277344
364.114990234375
364.1700134277344
364.2099914550781
364.364990234375
364.17999267578125
364.0
364.0400085449219
363.8500061035156
363.7200012207031
363.42010498046875
363.5799865722656
363.5799865722656
363.32000732421875
363.3999938964844
363.5
363.3900146484375
363.3399963378906
363.55999755859375
363.82000732421875
363.93499755859375
363.760009765625
363.74749755859375
363.9100036621094
363.6499938964844
363.82000732421875
363.760009765625
363.4200134277344
363.2900085449219
363.0950012207031
363.0899963378906
362.7799987792969
362.8999938964844
362.7439880371094
362.94000244140625
362.8949890136719
362.239990234375
362.3900146484375
362.44000244140625
362.760009765625
362.8999938964844
362.8500061035156
362.92498779296875
362.760009765625
362.7900085449219
362.5299987792969
362.83428955078125
362.5899963378906
362.6199951171875
362.510009765625
362.489990234375
362.7950134277344
362.760009765625
362.8900146484375
362.9599914550781
362.9800109863281
362.3399963378906
362.2749938964844
362.3324890136719
362.29400634765625
362.4800109863281
362.4200134277344
362.45001220703125
362.4800109863281
362.44000244140625
362.54998779296875
362.3999938964844
362.6600036621094
362.8399963378906
362.510009765625
362.6499938964844
362.92999267578125
362.9949951171875
363.04998779296875
362.9599914550781
362.6449890136719
362.80999755859375
362.75
362.8399963378906
362.8900146484375
362.81500244140625
362.81500244140625
362.8299865722656
362.760009765625
363.0199890136719
362.92498779296875
362.9700012207031
362.92999267578125
363.05999755859375
363.0199890136719
363.1199951171875
362.9599914550781
362.8599853515625
363.1700134277344
363.0
362.7640075683594
362.7250061035156
362.8900146484375
362.875
362.7049865722656
363.17999267578125
363.6499938964844
363.5350036621094
363.05999755859375
363.07000732421875
363.1700134277344
362.8599853515625
362.9200134277344
363.0899963378906
363.0899963378906
