369.3800048828125
369.42999267578125
370.5
371.67999267578125
371.1050109863281
370.4100036621094
370.5806884765625
370.2900085449219
370.214599609375
369.6863098144531
370.1300048828125
369.8699951171875
369.8699951171875
369.6400146484375
369.95001220703125
369.54998779296875
369.90899658203125
370.5400085449219
370.2200012207031
369.7149963378906
369.8399963378906
369.6700134277344
369.7925109863281
369.70001220703125
369.70001220703125
369.9049987792969
369.9320068359375
369.8399963378906
369.510009765625
368.9599914550781
368.8900146484375
368.9700012207031
369.239990234375
369.3550109863281
369.6499938964844
370.7099914550781
370.2099914550781
370.3599853515625
370.07000732421875
369.5398864746094
369.4100036621094
369.3349914550781
369.0799865722656
368.7831115722656
368.5950012207031
368.56500244140625
368.82000732421875
369.4599914550781
369.2699890136719
369.0299987792969
368.9200134277344
369.07000732421875
368.7799987792969
368.6700134277344
368.6499938964844
368.20001220703125
368.1400146484375
368.4200134277344
368.8699951171875
368.9700012207031
368.6099853515625
368.32000732421875
368.30999755859375
368.55999755859375
368.65008544921875
368.6600036621094
368.57000732421875
369.0
368.7149963378906
368.6600036621094
368.69000244140625
368.9150085449219
368.9100036621094
368.8460998535156
368.94989013671875
368.8699951171875
369.0249938964844
369.5
369.5199890136719
369.2950134277344
369.3699951171875
369.2749938964844
369.19000244140625
369.2099914550781
369.5
369.489990234375
369.44000244140625
369.6319885253906
369.3800048828125
369.3399963378906
369.2799987792969
369.2749938964844
369.95001220703125
369.989990234375
370.0299987792969
370.1600036621094
370.3800048828125
370.96990966796875
370.5950012207031
370.5469970703125
370.5199890136719
370.1199951171875
370.5
370.5
370.68499755859375
370.7099914550781
370.7099914550781
370.5849914550781
370.68499755859375
370.4700012207031
370.5950012207031
370.6589050292969
370.5950012207031
370.7550048828125
370.8399963378906
370.55499267578125
370.1499938964844
370.0799865722656
370.0150146484375
369.9200134277344
369.8599853515625
370.04998779296875
369.9161071777344
370.010009765625
369.8467102050781
369.94000244140625
369.4949951171875
369.69000244140625
369.8999938964844
369.989990234375
369.7950134277344
370.0
369.9100036621094
369.7799987792969
369.8349914550781
369.89630126953125
369.8699951171875
369.69000244140625
370.0
369.8399963378906
369.7200012207031
369.7200012207031
369.7550048828125
369.760009765625
369.6549987792969
370.0
369.739990234375
369.7557067871094
370.0
369.8800048828125
369.80999755859375
369.7900085449219
369.8800048828125
369.7449951171875
369.7799987792969
369.9800109863281
369.8450012207031
369.9700012207031
369.92999267578125
369.95001220703125
370.0
369.9502868652344
369.8299865722656
369.8999938964844
369.9100036621094
369.82598876953125
369.8786926269531
369.8999938964844
369.8500061035156
369.9200134277344
369.92999267578125
369.8999938964844
369.8999938964844
370.1300048828125
370.18499755859375
370.2314147949219
370.0199890136719
369.9656982421875
369.55999755859375
369.7300109863281
369.875
369.94000244140625
369.8999938964844
369.7799987792969
369.7200012207031
369.81048583984375
369.798095703125
369.798095703125
369.80999755859375
369.95001220703125
370.0199890136719
369.8399963378906
369.45001220703125
369.2900085449219
369.6099853515625
370.0
370.1700134277344
370.2900085449219
370.29998779296875
370.2900085449219
370.4200134277344
370.3450012207031
370.1400146484375
370.2900085449219
370.510009765625
370.7015075683594
370.6000061035156
370.614990234375
370.7250061035156
370.6600036621094
370.7207946777344
370.7200012207031
370.7200012207031
370.8599853515625
370.7550048828125
370.7900085449219
370.6990051269531
370.5
370.4150085449219
370.57000732421875
370.44000244140625
370.5400085449219
370.43499755859375
370.5325012207031
370.3800048828125
370.3949890136719
370.3999938964844
370.25
370.25
370.1099853515625
370.1400146484375
370.45001220703125
370.51708984375
370.6099853515625
370.70001220703125
371.0924072265625
371.31500244140625
371.3500061035156
371.3299865722656
371.510009765625
372.2200012207031
372.3500061035156
372.5199890136719
372.29998779296875
372.5799865722656
372.56878662109375
372.5899963378906
372.5299987792969
372.80999755859375
372.8699951171875
372.739990234375
372.6423034667969
373.0
373.20001220703125
373.0400085449219
372.8399963378906
372.7699890136719
372.6575012207031
372.5799865722656
372.44000244140625
372.70001220703125
372.69500732421875
372.67999267578125
372.5975036621094
372.6449890136719
372.75
372.7200012207031
372.7449951171875
372.54998779296875
372.6549987792969
372.7200012207031
372.614990234375
372.4873962402344
372.4873962402344
372.4849853515625
372.3800048828125
372.42498779296875
372.5299987792969
372.4800109863281
372.56500244140625
372.5
372.6000061035156
372.69000244140625
372.739990234375
372.55999755859375
372.6000061035156
372.7300109863281
372.8800048828125
372.8949890136719
372.8949890136719
372.8500061035156
372.6499938964844
372.67498779296875
372.68499755859375
372.56060791015625
372.45001220703125
372.45001220703125
372.5249938964844
372.5400085449219
372.5799865722656
372.80999755859375
372.8999938964844
372.8900146484375
373.3500061035156
373.25
373.2049865722656
373.2099914550781
373.3900146484375
373.1700134277344
373.0899963378906
373.0899963378906
373.17999267578125
373.1499938964844
373.239990234375
373.05999755859375
373.1300048828125
373.18499755859375
373.1600036621094
373.1600036621094
373.239990234375
373.2200012207031
373.239990234375
373.3599853515625
373.3500061035156
373.3999938964844
373.2850036621094
373.31500244140625
373.3550109863281
373.2799987792969
373.6499938964844
373.4231872558594
373.1899108886719
372.79998779296875
372.94500732421875
372.9800109863281
372.989990234375
372.7850036621094
372.3999938964844
372.1700134277344
372.04998779296875
371.8999938964844
372.2699890136719
372.19219970703125
372.09368896484375
372.0474853515625
372.010009765625
371.9800109863281
372.010009765625
372.0899963378906
372.0899963378906
372.1050109863281
372.01251220703125
372.0350036621094
371.8599853515625
371.7799987792969
371.6300048828125
371.6700134277344
371.70928955078125
371.6549987792969
371.7449951171875
371.75
371.7650146484375
371.8999938964844
371.6050109863281
371.7550048828125
371.8299865722656
371.5849914550781
371.6700134277344
371.635009765625
371.635009765625
371.5400085449219
371.5199890136719
371.489990234375
371.39410400390625
371.4599914550781
371.7300109863281
371.6000061035156
371.6300048828125
371.4849853515625
371.29998779296875
371.42999267578125
371.6174011230469
371.5199890136719
371.4949951171875
371.7065124511719
371.6400146484375
371.6199951171875
371.6099853515625
371.7699890136719
371.9200134277344
371.9200134277344
371.9200134277344
371.9200134277344
371.9599914550781
372.1700134277344
372.0743103027344
371.8210144042969
371.94000244140625
371.9111022949219
372.17999267578125
372.05999755859375
371.9849853515625
371.79998779296875
371.7099914550781
371.5299987792969
371.5299987792969
371.55999755859375
371.55999755859375
371.5899963378906
371.7300109863281
371.9010009765625
371.94000244140625
372.04998779296875
371.9809875488281
371.9809875488281
372.218994140625
372.218994140625
372.1099853515625
372.18499755859375
372.2200012207031
372.2200012207031
372.1700134277344
372.2200012207031
372.2860107421875
372.2699890136719
372.20001220703125
372.125
372.1499938964844
372.6499938964844
372.6499938964844
372.5799865722656
372.6300048828125
372.5799865722656
372.435791015625
372.3999938964844
372.32000732421875
372.3208923339844
372.3299865722656
372.3299865722656
372.3299865722656
372.79998779296875
372.9215087890625
372.7699890136719
372.7699890136719
372.7699890136719
372.7699890136719
372.6300048828125
372.6300048828125
372.2492980957031
372.4700012207031
372.42999267578125
372.42999267578125
372.7814025878906
372.7590026855469
372.7464904785156
372.7460021972656
372.6400146484375
372.57501220703125
372.5429992675781
372.5429992675781
372.5429992675781
372.3999938964844
372.21490478515625
372.0299987792969
372.18499755859375
372.2276916503906
372.409912109375
372.5799865722656
372.5799865722656
372.5799865722656
372.46319580078125
372.5400085449219
372.4649963378906
372.4649963378906
372.260009765625
372.45001220703125
372.2449951171875
372.3500061035156
372.8399963378906
372.8399963378906
372.80999755859375
372.94000244140625
373.010009765625
372.9800109863281
372.94500732421875
372.8599853515625
373.25
373.30999755859375
373.510009765625
373.5765075683594
373.56500244140625
373.3736877441406
373.389892578125
373.260009765625
373.2099914550781
373.2699890136719
373.32501220703125
373.42840576171875
373.5249938964844
373.5787048339844
373.739990234375
373.7200012207031
373.6300048828125
373.75
373.6499938964844
373.6499938964844
373.614990234375
373.510009765625
373.5400085449219
373.6271057128906
373.69000244140625
373.5849914550781
373.6499938964844
373.6499938964844
373.6499938964844
373.6300048828125
373.57000732421875
373.6000061035156
373.3399963378906
373.3599853515625
373.3699951171875
373.2650146484375
373.3800048828125
373.3299865722656
373.5172119140625
373.5299987792969
373.6400146484375
373.3999938964844
373.3299865722656
372.9649963378906
372.9750061035156
372.95001220703125
373.0050048828125
372.9849853515625
372.9601135253906
372.95770263671875
372.9283142089844
372.94500732421875
373.18389892578125
373.2349853515625
373.2349853515625
373.1567077636719
373.18499755859375
373.3399963378906
373.4200134277344
373.42999267578125
373.55999755859375
373.843994140625
373.75
373.7900085449219
373.6449890136719
373.5296936035156
373.6499938964844
373.5683898925781
373.4949951171875
373.489990234375
373.4100036621094
373.4599914550781
373.56500244140625
373.55999755859375
373.739990234375
373.7699890136719
373.3699951171875
373.1700134277344
373.1600036621094
373.1300048828125
373.3949890136719
373.32000732421875
373.4649963378906
373.55999755859375
373.6000061035156
373.6300048828125
373.6499938964844
373.8399963378906
373.9700012207031
373.760009765625
373.8349914550781
373.9700012207031
373.94000244140625
373.9849853515625
373.7099914550781
373.7200012207031
373.7200012207031
373.7749938964844
373.6783142089844
373.7752990722656
373.8399963378906
373.760009765625
373.67999267578125
373.6000061035156
373.70001220703125
373.69000244140625
373.77899169921875
373.8019104003906
373.760009765625
373.74249267578125
373.9200134277344
373.739990234375
373.8999938964844
373.9100036621094
373.82501220703125
373.6700134277344
373.5299987792969
373.54998779296875
373.6935119628906
373.8900146484375
374.1000061035156
374.4700012207031
374.6199951171875
374.1499938964844
374.2699890136719
374.1400146484375
373.94000244140625
373.79998779296875
373.6300048828125
373.6300048828125
