205.2899932861328
205.32000732421875
205.32000732421875
206.00999450683594
205.9949951171875
206.1750030517578
206.15499877929688
206.11000061035156
206.3000030517578
206.24000549316406
206.01319885253906
206.16000366210938
206.13499450683594
206.3699951171875
206.5800018310547
206.50999450683594
206.69000244140625
206.8000030517578
206.5500030517578
206.4600067138672
206.09500122070312
206.13999938964844
206.08999633789062
206.32000732421875
206.25
205.99600219726562
206.07000732421875
206.02999877929688
206.14210510253906
205.99000549316406
205.9949951171875
205.8000030517578
205.8000030517578
205.77000427246094
205.61000061035156
205.75999450683594
205.6300048828125
205.6304931640625
205.7100067138672
205.67999267578125
205.6999969482422
205.7949981689453
205.72000122070312
205.60000610351562
205.41000366210938
205.44000244140625
205.4499969482422
205.47000122070312
205.4600067138672
205.25
205.29200744628906
205.52999877929688
205.3699951171875
205.25999450683594
205.3000030517578
205.2100067138672
205.41000366210938
205.5
205.5
205.53500366210938
205.2899932861328
205.30999755859375
205.22999572753906
205.36500549316406
205.47000122070312
205.25
205.1699981689453
205.13999938964844
205.16000366210938
205.1999969482422
205.44000244140625
205.18499755859375
205.1199951171875
204.99000549316406
204.89999389648438
204.6999969482422
204.74000549316406
204.9499969482422
205.1186065673828
205.15499877929688
205.22000122070312
205.3000030517578
205.27000427246094
205.25
205.25
205.17999267578125
205.19000244140625
205.22500610351562
205.0500030517578
205.10000610351562
205.27000427246094
205.58999633789062
205.32000732421875
205.2949981689453
205.3300018310547
205.625
205.52000427246094
205.6699981689453
205.56700134277344
205.7449951171875
206.07000732421875
206.1199951171875
206.22999572753906
206.2449951171875
206.25999450683594
206.1649932861328
206.0
205.9949951171875
205.99000549316406
206.10000610351562
205.97999572753906
206.07000732421875
206.0399932861328
206.00999450683594
205.9949951171875
205.97500610351562
205.86000061035156
205.81500244140625
205.75999450683594
205.64309692382812
205.74000549316406
205.82000732421875
205.82000732421875
205.8000030517578
205.85000610351562
205.97000122070312
205.99000549316406
205.97999572753906
205.92999267578125
205.6699981689453
205.8300018310547
205.89500427246094
205.9600067138672
205.88999938964844
205.83999633789062
205.91000366210938
205.92999267578125
205.86000061035156
205.85000610351562
205.8350067138672
205.85000610351562
205.8800048828125
205.9499969482422
205.85000610351562
205.8300018310547
205.91000366210938
205.86000061035156
205.86000061035156
205.9600067138672
206.0800018310547
205.97999572753906
205.88999938964844
205.88999938964844
205.8800048828125
205.9600067138672
206.0
206.07000732421875
206.1999969482422
206.22999572753906
206.2899932861328
206.32000732421875
206.3800048828125
206.21499633789062
206.22999572753906
206.27999877929688
206.27999877929688
206.49000549316406
206.3000030517578
206.32000732421875
206.36790466308594
206.42999267578125
206.47000122070312
206.52000427246094
206.52000427246094
206.4622039794922
206.57000732421875
206.4550018310547
206.4709930419922
206.38999938964844
206.25
206.3000030517578
206.47000122070312
206.4600067138672
206.5
206.5500030517578
206.58999633789062
206.75999450683594
206.64999389648438
206.69500732421875
206.75
206.67999267578125
206.64999389648438
206.52000427246094
206.67999267578125
206.69000244140625
206.75999450683594
206.74000549316406
206.69500732421875
206.75
206.85000610351562
206.91000366210938
206.83999633789062
206.80670166015625
206.7899932861328
206.86000061035156
206.9600067138672
206.97000122070312
206.92999267578125
206.85000610351562
206.77999877929688
206.75999450683594
206.66000366210938
206.9199981689453
206.9199981689453
206.88999938964844
206.9600067138672
206.9499969482422
206.89999389648438
206.86000061035156
206.88999938964844
206.8000030517578
206.7899932861328
206.82000732421875
206.75999450683594
206.77000427246094
206.89999389648438
206.83999633789062
206.83999633789062
206.85000610351562
206.9600067138672
206.9600067138672
207.0399932861328
207.08999633789062
206.94000244140625
207.11000061035156
207.07000732421875
207.08389282226562
207.10000610351562
207.02999877929688
207.22950744628906
207.4199981689453
207.36599731445312
207.27000427246094
207.19000244140625
207.22999572753906
207.2899932861328
207.28500366210938
207.27000427246094
207.39999389648438
207.51499938964844
207.4199981689453
207.2899932861328
207.16409301757812
207.22999572753906
207.2100067138672
207.13999938964844
207.17999267578125
207.15499877929688
207.1699981689453
207.08999633789062
207.08999633789062
207.10000610351562
207.10000610351562
207.0800018310547
207.08999633789062
206.9499969482422
206.86000061035156
207.05999755859375
206.9600067138672
206.91000366210938
206.8800048828125
206.74000549316406
206.82000732421875
206.8094940185547
206.75
206.7100067138672
206.68499755859375
206.8000030517578
206.74049377441406
206.75999450683594
206.72000122070312
206.7949981689453
206.77999877929688
206.77000427246094
206.6999969482422
206.6999969482422
206.6999969482422
206.52499389648438
206.69000244140625
206.5800018310547
206.55999755859375
206.49000549316406
206.44000244140625
206.47999572753906
206.4600067138672
206.52999877929688
206.52999877929688
206.50100708007812
206.5399932861328
206.57000732421875
206.6999969482422
206.6999969482422
206.64999389648438
206.77000427246094
206.7624969482422
206.63999938964844
206.61000061035156
206.5749969482422
206.50999450683594
206.5800018310547
206.5800018310547
206.5500030517578
206.5500030517578
206.6300048828125
206.52000427246094
206.52000427246094
206.50999450683594
206.47999572753906
206.5399932861328
206.6199951171875
206.51109313964844
206.53500366210938
206.58999633789062
206.67999267578125
206.58999633789062
206.75
206.81500244140625
206.8520965576172
206.88999938964844
206.88999938964844
206.77999877929688
206.82000732421875
206.67999267578125
206.6649932861328
206.7100067138672
206.72999572753906
206.6199951171875
206.64010620117188
206.5487060546875
206.52000427246094
206.38999938964844
206.52000427246094
206.52000427246094
206.52000427246094
206.5
206.47999572753906
206.55999755859375
206.52000427246094
206.58999633789062
206.6199951171875
206.52000427246094
206.49000549316406
206.5749969482422
206.57960510253906
206.52999877929688
206.5500030517578
206.61000061035156
206.58999633789062
206.63999938964844
206.67999267578125
206.7899932861328
206.77499389648438
206.8000030517578
206.6999969482422
206.7449951171875
206.72000122070312
206.72000122070312
206.72000122070312
206.6999969482422
206.6199951171875
206.7550048828125
206.7100067138672
206.7095947265625
206.75999450683594
206.77000427246094
206.89999389648438
206.89999389648438
206.8699951171875
206.85499572753906
206.86500549316406
206.96730041503906
207.01499938964844
207.00999450683594
207.0050048828125
207.02000427246094
207.07000732421875
207.0399932861328
207.11000061035156
207.15499877929688
207.1199951171875
207.0449981689453
207.08999633789062
207.05999755859375
207.07000732421875
207.22500610351562
207.27000427246094
207.14999389648438
207.13999938964844
207.22000122070312
207.1999969482422
207.1699981689453
207.13999938964844
207.24000549316406
207.2100067138672
207.15499877929688
207.07000732421875
207.02999877929688
207.0
206.86000061035156
206.8800048828125
206.92999267578125
206.9250030517578
207.02749633789062
207.07000732421875
207.08999633789062
207.08999633789062
207.10000610351562
207.05999755859375
207.08999633789062
207.22000122070312
207.1699981689453
207.22000122070312
207.1750030517578
207.1750030517578
207.1300048828125
207.10000610351562
207.12939453125
207.1300048828125
207.25
207.31500244140625
207.33999633789062
207.3000030517578
207.25999450683594
207.17999267578125
207.2899932861328
207.3300018310547
207.33999633789062
207.33999633789062
207.35440063476562
207.3800048828125
207.4600067138672
207.4550018310547
207.4199981689453
207.35000610351562
207.38999938964844
207.3824005126953
207.30999755859375
207.2550048828125
207.02999877929688
207.07000732421875
206.99000549316406
206.9600067138672
206.99929809570312
207.02999877929688
207.1199951171875
207.11000061035156
207.14500427246094
207.16000366210938
207.14500427246094
207.15750122070312
207.11000061035156
207.0800018310547
207.0399932861328
206.9600067138672
207.0
207.0399932861328
207.07000732421875
207.10000610351562
207.0449981689453
207.07000732421875
207.0800018310547
207.14999389648438
206.97000122070312
206.9676971435547
207.01609802246094
207.0800018310547
207.0988006591797
206.99000549316406
207.22000122070312
207.3699951171875
207.27639770507812
207.3800048828125
207.26840209960938
207.40249633789062
207.33999633789062
207.25999450683594
207.22500610351562
207.3300018310547
207.3800048828125
207.44500732421875
207.42999267578125
207.40499877929688
207.40499877929688
207.30499267578125
207.35000610351562
207.35000610351562
207.39999389648438
207.39999389648438
207.39999389648438
207.3000030517578
207.35000610351562
207.3800048828125
207.375
207.24000549316406
207.25
207.2100067138672
207.25
207.22999572753906
207.1999969482422
207.27999877929688
207.32000732421875
207.25
207.19970703125
207.3699951171875
207.3800048828125
207.3800048828125
207.24000549316406
207.26499938964844
207.1616973876953
207.1999969482422
207.25
207.25
207.24000549316406
207.2100067138672
207.2100067138672
207.36000061035156
207.39999389648438
207.39999389648438
207.30999755859375
207.2100067138672
207.11000061035156
207.1199951171875
207.19000244140625
207.19000244140625
207.110595703125
207.06399536132812
207.08999633789062
207.11000061035156
207.10000610351562
207.11000061035156
207.08999633789062
207.13499450683594
207.16000366210938
207.2010040283203
207.22500610351562
207.27999877929688
207.36000061035156
207.36500549316406
207.4199981689453
207.375
207.32000732421875
207.22000122070312
207.22500610351562
207.1999969482422
207.19000244140625
207.24899291992188
207.2100067138672
207.35000610351562
207.31500244140625
207.24290466308594
207.25999450683594
207.3668975830078
207.2100067138672
207.13999938964844
207.13999938964844
207.24000549316406
207.22000122070312
207.1699981689453
207.2100067138672
207.22999572753906
207.22999572753906
207.27999877929688
207.39500427246094
207.4499969482422
207.5500030517578
207.41000366210938
207.4199981689453
207.4550018310547
207.3699951171875
207.35000610351562
207.25
207.22999572753906
207.3699951171875
207.38499450683594
207.33999633789062
207.50369262695312
207.47500610351562
207.4499969482422
207.41000366210938
207.47999572753906
207.39500427246094
207.33999633789062
207.22000122070312
207.1999969482422
207.27999877929688
207.25
207.35000610351562
207.3000030517578
207.57000732421875
207.6300048828125
207.64999389648438
207.50999450683594
207.32369995117188
207.27999877929688
207.24000549316406
207.4499969482422
207.5800018310547
207.77000427246094
207.75999450683594
207.65499877929688
207.61000061035156
207.49000549316406
207.47999572753906
207.47000122070312
207.5500030517578
207.5500030517578
