135.49000549316406
135.75999450683594
135.92999267578125
135.80999755859375
136.24000549316406
136.4499969482422
136.2050018310547
136.38999938964844
136.13999938964844
135.9600067138672
135.80999755859375
135.69000244140625
135.63499450683594
135.82000732421875
136.05250549316406
136.27999877929688
136.29769897460938
136.58999633789062
136.5
136.2845001220703
136.2899932861328
136.2949981689453
136.33999633789062
136.38999938964844
136.47999572753906
136.4499969482422
136.5
136.4600067138672
136.5500030517578
136.42999267578125
136.4199981689453
136.50999450683594
136.22000122070312
136.3300018310547
136.4149932861328
135.9550018310547
135.98500061035156
135.86000061035156
135.9250030517578
135.84500122070312
135.74000549316406
135.86000061035156
135.77999877929688
135.68800354003906
135.63999938964844
135.67999267578125
135.6750030517578
135.72000122070312
135.6699981689453
135.6999969482422
135.6999969482422
135.72999572753906
135.77000427246094
135.77000427246094
135.8000030517578
135.72000122070312
135.6999969482422
135.6219940185547
135.72999572753906
135.6300048828125
135.63999938964844
135.5800018310547
135.6649932861328
135.66000366210938
135.7010955810547
135.71299743652344
135.72999572753906
135.74000549316406
135.75289916992188
135.86000061035156
135.9199981689453
135.91000366210938
135.7899932861328
135.72000122070312
135.6300048828125
135.52059936523438
135.5706024169922
135.39500427246094
135.46499633789062
135.43809509277344
135.39999389648438
135.4199981689453
135.4429931640625
135.52000427246094
135.5
135.52999877929688
135.52000427246094
135.51499938964844
135.4499969482422
135.36000061035156
135.36000061035156
135.41000366210938
135.28500366210938
135.33999633789062
135.3699951171875
135.3699951171875
135.42999267578125
135.47999572753906
135.52999877929688
135.5
135.65499877929688
135.74000549316406
135.77999877929688
135.8000030517578
135.85000610351562
135.7899932861328
135.83999633789062
135.74000549316406
135.58999633789062
135.75
135.69000244140625
135.6199951171875
135.5850067138672
135.60000610351562
135.69000244140625
135.6699981689453
135.70550537109375
135.69000244140625
135.5800018310547
135.61000061035156
135.6999969482422
135.77999877929688
135.8105010986328
135.80499267578125
135.8699951171875
135.84500122070312
135.72760009765625
135.74099731445312
135.7301025390625
135.7100067138672
135.73770141601562
135.79200744628906
135.85000610351562
135.94000244140625
135.89500427246094
135.79449462890625
135.85499572753906
135.77999877929688
135.7978973388672
135.7899932861328
135.8300018310547
135.7899932861328
135.8094024658203
135.7344970703125
135.72000122070312
135.89500427246094
135.95069885253906
135.86990356445312
135.8699951171875
135.92120361328125
135.91250610351562
135.97999572753906
136.0399932861328
135.89999389648438
136.0
136.00999450683594
136.0399932861328
136.00999450683594
136.02000427246094
136.02859497070312
135.97999572753906
135.99000549316406
135.96499633789062
135.91000366210938
135.9949951171875
135.97500610351562
136.00390625
135.99000549316406
136.03500366210938
136.16000366210938
136.1685028076172
136.19679260253906
136.19679260253906
136.38999938964844
136.47000122070312
136.47999572753906
136.47000122070312
136.281005859375
136.11329650878906
135.99000549316406
136.02999877929688
135.9499969482422
135.8800048828125
135.95010375976562
135.90499877929688
135.86000061035156
136.00999450683594
135.97889709472656
135.9600067138672
136.07000732421875
136.02999877929688
136.05499267578125
136.0146942138672
136.00999450683594
136.0399932861328
136.13999938964844
136.1999969482422
136.22999572753906
136.27000427246094
136.2899932861328
136.33999633789062
136.32000732421875
136.2899932861328
136.27000427246094
136.35000610351562
136.4199981689453
136.35000610351562
136.38999938964844
136.3885040283203
136.3885040283203
136.41000366210938
136.35000610351562
136.38999938964844
136.26499938964844
136.24000549316406
136.24000549316406
136.19000244140625
136.1199951171875
136.16000366210938
136.1699981689453
136.10000610351562
136.07000732421875
136.08050537109375
136.06399536132812
135.99000549316406
135.97000122070312
135.90499877929688
135.9499969482422
136.08999633789062
136.10499572753906
136.11000061035156
136.19000244140625
135.97999572753906
136.02000427246094
136.07000732421875
136.02000427246094
136.0399932861328
136.05999755859375
136.0399932861328
136.13999938964844
136.1300048828125
136.08999633789062
136.0500030517578
136.10000610351562
136.05999755859375
136.07449340820312
136.10000610351562
136.05999755859375
136.07000732421875
136.05169677734375
136.07000732421875
136.05499267578125
136.0850067138672
136.11000061035156
136.15899658203125
136.1699981689453
136.13999938964844
136.08999633789062
136.1136932373047
136.11000061035156
136.1199951171875
136.1199951171875
136.158203125
136.16000366210938
136.18099975585938
136.2100067138672
136.25999450683594
136.2720947265625
136.2646942138672
136.27999877929688
136.2801971435547
136.27499389648438
136.24000549316406
136.27459716796875
136.1999969482422
136.22999572753906
136.26100158691406
136.2899932861328
136.3000030517578
136.27999877929688
136.3000030517578
136.33999633789062
136.3300018310547
136.32009887695312
136.25999450683594
136.27000427246094
136.25
136.22000122070312
136.1999969482422
136.18609619140625
136.1842041015625
136.0800018310547
136.0399932861328
136.0800018310547
136.0800018310547
136.10499572753906
136.07069396972656
136.0998992919922
136.08999633789062
136.11500549316406
136.19200134277344
136.16969299316406
136.2100067138672
136.22999572753906
136.17999267578125
136.17999267578125
136.13499450683594
136.1199951171875
136.14999389648438
136.2100067138672
136.2050018310547
136.21859741210938
136.1697998046875
136.08999633789062
136.05999755859375
136.05999755859375
136.10000610351562
136.11050415039062
136.0500030517578
136.1300048828125
136.08839416503906
136.0800018310547
136.03030395507812
136.0500030517578
136.05999755859375
136.02000427246094
135.9936981201172
135.97000122070312
135.97500610351562
135.9600067138672
135.93099975585938
135.91000366210938
135.9600067138672
135.9199981689453
135.91000366210938
135.91000366210938
135.88720703125
135.94000244140625
135.88999938964844
135.8699951171875
135.88999938964844
135.85000610351562
135.9199981689453
135.91209411621094
135.9199981689453
135.94000244140625
135.9698944091797
136.02499389648438
136.06320190429688
136.1479949951172
136.1300048828125
136.13999938964844
136.1750030517578
136.2100067138672
136.1199951171875
136.0800018310547
136.07000732421875
136.0800018310547
136.07000732421875
136.16000366210938
136.1699981689453
136.14999389648438
136.24000549316406
136.19000244140625
136.1750030517578
136.2790069580078
136.2899932861328
136.35499572753906
136.25999450683594
136.22999572753906
136.24000549316406
136.3000030517578
136.31500244140625
136.30810546875
136.4149932861328
136.42999267578125
136.36000061035156
136.3699951171875
136.35000610351562
136.34500122070312
136.34500122070312
136.33999633789062
136.27999877929688
136.32000732421875
136.30999755859375
136.3300018310547
136.3800048828125
136.3603973388672
136.43870544433594
136.4600067138672
136.4429931640625
136.4499969482422
136.47999572753906
136.47000122070312
136.50999450683594
136.47999572753906
136.4499969482422
136.4149932861328
136.47999572753906
136.4499969482422
136.3300018310547
136.32000732421875
136.27999877929688
136.19000244140625
136.19000244140625
136.16000366210938
136.02000427246094
136.02999877929688
136.02000427246094
136.0399932861328
136.0449981689453
136.10000610351562
136.1300048828125
136.11000061035156
136.14999389648438
136.27499389648438
136.24000549316406
136.26499938964844
136.2550048828125
136.34500122070312
136.3300018310547
136.4197998046875
136.39999389648438
136.35000610351562
136.32000732421875
136.33999633789062
136.3699951171875
136.39999389648438
136.47999572753906
136.52000427246094
136.52000427246094
136.47999572753906
136.47000122070312
136.44000244140625
136.493896484375
136.47999572753906
136.42999267578125
136.46499633789062
136.5
136.5500030517578
136.52999877929688
136.51809692382812
136.50999450683594
136.4600067138672
136.49000549316406
136.47999572753906
136.4600067138672
136.4250030517578
136.38299560546875
136.40499877929688
136.38999938964844
136.38999938964844
136.4499969482422
136.40499877929688
136.4199981689453
136.38999938964844
136.4058074951172
136.4346923828125
136.41000366210938
136.44000244140625
136.4510040283203
136.42100524902344
136.38999938964844
136.43099975585938
136.47999572753906
136.48500061035156
136.47000122070312
136.43820190429688
136.44000244140625
136.44500732421875
136.4250030517578
136.4595947265625
136.43699645996094
136.46499633789062
136.47999572753906
136.52999877929688
136.47999572753906
136.47079467773438
136.55209350585938
136.52000427246094
136.56320190429688
136.57000732421875
136.52999877929688
136.55999755859375
136.50100708007812
136.49000549316406
136.52999877929688
136.5399932861328
136.5
136.52999877929688
136.53729248046875
136.52999877929688
136.5500030517578
136.50999450683594
136.5500030517578
136.58380126953125
136.63499450683594
136.6300048828125
136.77999877929688
136.82000732421875
136.91000366210938
136.9600067138672
136.99000549316406
136.91000366210938
136.8916015625
136.89999389648438
136.94000244140625
136.94000244140625
136.9550018310547
136.93499755859375
136.9149932861328
136.8300018310547
136.8300018310547
136.89999389648438
136.88270568847656
136.86000061035156
136.8511962890625
136.8300018310547
136.8612060546875
136.8300018310547
136.85000610351562
136.8618927001953
136.9199981689453
136.91270446777344
136.91000366210938
136.94000244140625
136.92779541015625
136.89039611816406
136.9199981689453
136.89500427246094
136.86500549316406
136.90499877929688
136.8699951171875
136.85000610351562
136.8800048828125
136.86000061035156
136.88999938964844
136.87030029296875
136.91000366210938
136.9499969482422
136.97000122070312
136.97000122070312
136.91000366210938
136.93080139160156
136.9600067138672
137.0
137.0
137.0500030517578
137.02999877929688
137.02549743652344
137.0
136.9893035888672
137.39999389648438
137.01499938964844
137.0500030517578
137.0399932861328
137.06500244140625
137.14999389648438
137.17999267578125
137.17999267578125
137.1999969482422
137.22000122070312
137.05999755859375
137.0500030517578
137.1248016357422
137.19000244140625
137.13999938964844
137.16000366210938
137.1199951171875
137.13999938964844
137.2100067138672
137.22999572753906
137.17999267578125
137.1999969482422
137.25
137.30999755859375
137.39039611816406
137.35499572753906
137.375
137.4600067138672
137.3939971923828
137.47000122070312
137.52999877929688
137.47999572753906
137.42999267578125
137.4499969482422
137.42999267578125
137.44000244140625
137.4499969482422
137.3240966796875
137.3000030517578
137.25
137.26499938964844
137.2899932861328
137.2899932861328
137.22000122070312
137.32699584960938
137.27450561523438
137.33999633789062
137.39500427246094
137.3800048828125
137.2790985107422
137.22000122070312
137.22500610351562
137.24000549316406
137.25
137.36000061035156
137.44000244140625
137.4499969482422
137.32000732421875
137.33999633789062
137.27000427246094
137.2200927734375
137.3000030517578
137.22000122070312
137.22000122070312
