48.35900115966797
48.23500061035156
48.189998626708984
48.29999923706055
48.375
48.45880126953125
48.47999954223633
48.470298767089844
48.47999954223633
48.5
48.570701599121094
48.6870002746582
48.7400016784668
48.810001373291016
48.78499984741211
48.834999084472656
48.812599182128906
48.92499923706055
48.88999938964844
48.810001373291016
48.73500061035156
48.7599983215332
48.90999984741211
48.970001220703125
48.974998474121094
48.939998626708984
48.9900016784668
49.064998626708984
48.970001220703125
48.925201416015625
48.869998931884766
48.84000015258789
48.76499938964844
48.75
48.78499984741211
48.75
48.720001220703125
48.72999954223633
48.70000076293945
48.720001220703125
48.689998626708984
48.70000076293945
48.70000076293945
48.773799896240234
48.790000915527344
48.83000183105469
48.880001068115234
48.90999984741211
48.83000183105469
48.814998626708984
48.79999923706055
48.790000915527344
48.72999954223633
48.69179916381836
48.667598724365234
48.65999984741211
48.63999938964844
48.6349983215332
48.625
48.63999938964844
48.56880187988281
48.584999084472656
48.599998474121094
48.619998931884766
48.6411018371582
48.6150016784668
48.58700180053711
48.580101013183594
48.57749938964844
48.54499816894531
48.599998474121094
48.560001373291016
48.599998474121094
48.560001373291016
48.54090118408203
48.5099983215332
48.47129821777344
48.52899932861328
48.584999084472656
48.56999969482422
48.589900970458984
48.59989929199219
48.630001068115234
48.599998474121094
48.63999938964844
48.65999984741211
48.64500045776367
48.639198303222656
48.599998474121094
48.5
48.54999923706055
48.560001373291016
48.58000183105469
48.619300842285156
48.650001525878906
48.650001525878906
48.65999984741211
48.68000030517578
48.650001525878906
48.619998931884766
48.68299865722656
48.744998931884766
48.810001373291016
48.81999969482422
48.8849983215332
48.95500183105469
48.94860076904297
48.90999984741211
48.915000915527344
48.89500045776367
48.90999984741211
48.93000030517578
48.935001373291016
48.939998626708984
48.96500015258789
48.959999084472656
48.91999816894531
48.88639831542969
48.869998931884766
48.869998931884766
48.900001525878906
48.915000915527344
48.90999984741211
48.880001068115234
48.8650016784668
48.89910125732422
48.880001068115234
48.90999984741211
48.92499923706055
48.8650016784668
48.80009841918945
48.869998931884766
48.871498107910156
48.83000183105469
48.880001068115234
48.8650016784668
48.84000015258789
48.83380126953125
48.900001525878906
48.88999938964844
48.826698303222656
48.810001373291016
48.83000183105469
48.83890151977539
48.81999969482422
48.790000915527344
48.79999923706055
48.75
48.790000915527344
48.790000915527344
48.720001220703125
48.75
48.75559997558594
48.720001220703125
48.72999954223633
48.76499938964844
48.80500030517578
48.81999969482422
48.81010055541992
48.78499984741211
48.810001373291016
48.85499954223633
48.849998474121094
48.8650016784668
48.83000183105469
48.80500030517578
48.83000183105469
48.87889862060547
48.89500045776367
48.89500045776367
48.90999984741211
48.900001525878906
48.89500045776367
48.93000030517578
48.900001525878906
48.849998474121094
48.85499954223633
48.790000915527344
48.755001068115234
48.68000030517578
48.720001220703125
48.69499969482422
48.67850112915039
48.70500183105469
48.72850036621094
48.724998474121094
48.765899658203125
48.76499938964844
48.71900177001953
48.74980163574219
48.72209930419922
48.69499969482422
48.62839889526367
48.650001525878906
48.685001373291016
48.70000076293945
48.73500061035156
48.724998474121094
48.75
48.740299224853516
48.79159927368164
48.790000915527344
48.7400016784668
48.79999923706055
48.79999923706055
48.84960174560547
48.80500030517578
48.79999923706055
48.79719924926758
48.770301818847656
48.79899978637695
48.790000915527344
48.80929946899414
48.84000015258789
48.845001220703125
48.83000183105469
48.83789825439453
48.8109016418457
48.79499816894531
48.779998779296875
48.76499938964844
48.790000915527344
48.77000045776367
48.77000045776367
48.76499938964844
48.796199798583984
48.76499938964844
48.7400016784668
48.75
48.744998931884766
48.76499938964844
48.77000045776367
48.77000045776367
48.755001068115234
48.82500076293945
48.81999969482422
48.84989929199219
48.88999938964844
48.900001525878906
48.9370002746582
48.94499969482422
48.970001220703125
48.96009826660156
48.94940185546875
48.915000915527344
48.93000030517578
48.970001220703125
48.959999084472656
48.97999954223633
48.970001220703125
48.96500015258789
48.974998474121094
48.98500061035156
49.027000427246094
48.994998931884766
48.966800689697266
48.93109893798828
48.915000915527344
48.92499923706055
48.93659973144531
48.915000915527344
48.900001525878906
48.88999938964844
48.88999938964844
48.880001068115234
48.875
48.869998931884766
48.89500045776367
48.904998779296875
48.92599868774414
48.94499969482422
48.935001373291016
48.915000915527344
48.88240051269531
48.8849983215332
48.869998931884766
48.89500045776367
48.915000915527344
48.90999984741211
48.90999984741211
48.924198150634766
48.94499969482422
48.93000030517578
48.939998626708984
48.91999816894531
48.88999938964844
48.880001068115234
48.915000915527344
48.92499923706055
48.939998626708984
48.95500183105469
48.939998626708984
48.93000030517578
48.94580078125
48.939998626708984
48.94499969482422
48.98500061035156
48.98270034790039
48.99879837036133
48.994998931884766
49.086700439453125
49.04679870605469
49.04499816894531
49.06999969482422
49.051700592041016
49.04999923706055
49.029998779296875
49.029998779296875
49.02000045776367
49.0
49.0099983215332
49.0099983215332
49.01499938964844
49.040000915527344
49.05500030517578
49.06370162963867
49.08000183105469
49.079898834228516
49.07500076293945
49.11600112915039
49.084999084472656
49.1150016784668
49.119998931884766
49.11000061035156
49.119998931884766
49.10499954223633
49.1150016784668
49.13990020751953
49.125
49.13999938964844
49.11669921875
49.064998626708984
49.05500030517578
49.07500076293945
49.095001220703125
49.130001068115234
49.1150016784668
49.12820053100586
49.11349868774414
49.099998474121094
49.060001373291016
49.09000015258789
49.095001220703125
49.10100173950195
49.099998474121094
49.093101501464844
49.11709976196289
49.119998931884766
49.13570022583008
49.15439987182617
49.15999984741211
49.16859817504883
49.14500045776367
49.130001068115234
49.099998474121094
49.11000061035156
49.125
49.1349983215332
49.11989974975586
49.11000061035156
49.09000015258789
49.1150016784668
49.09000015258789
49.03499984741211
49.03620147705078
49.04629898071289
49.02000045776367
49.02000045776367
49.005001068115234
48.9900016784668
49.01499938964844
49.04999923706055
49.04499816894531
49.060001373291016
49.070098876953125
49.08449935913086
49.08000183105469
49.08000183105469
49.07500076293945
49.07320022583008
49.09000015258789
49.125
49.11000061035156
49.130001068115234
49.11830139160156
49.119998931884766
49.11840057373047
49.10340118408203
49.1349983215332
49.130001068115234
49.1349983215332
49.154998779296875
49.150001525878906
49.14500045776367
49.16999816894531
49.13999938964844
49.1150016784668
49.1349983215332
49.1349983215332
49.1349983215332
49.130001068115234
49.11000061035156
49.099998474121094
49.09000015258789
49.06999969482422
49.06999969482422
49.060001373291016
49.09000015258789
49.064998626708984
49.06850051879883
49.08599853515625
49.06999969482422
49.08000183105469
49.07500076293945
49.09000015258789
49.05350112915039
49.04999923706055
49.05500030517578
49.077301025390625
49.07500076293945
49.08000183105469
49.079498291015625
49.06999969482422
49.09000015258789
49.09000015258789
49.10200119018555
49.08000183105469
49.1072998046875
49.1150016784668
49.11000061035156
49.130001068115234
49.135101318359375
49.11320114135742
49.11000061035156
49.12379837036133
49.13999938964844
49.12009811401367
49.150001525878906
49.20000076293945
49.224998474121094
49.23500061035156
49.23500061035156
49.20000076293945
49.219600677490234
49.21500015258789
49.19499969482422
49.15999984741211
49.150001525878906
49.080101013183594
49.082000732421875
49.077701568603516
49.084999084472656
49.1150016784668
49.14500045776367
49.15999984741211
49.11000061035156
49.11000061035156
49.11000061035156
49.06999969482422
49.060001373291016
49.05160140991211
49.0275993347168
49.00749969482422
49.0099983215332
49.02000045776367
49.02000045776367
49.0099983215332
49.005001068115234
49.040000915527344
49.084999084472656
49.084999084472656
49.15999984741211
49.150001525878906
49.15999984741211
49.13999938964844
49.17499923706055
49.165000915527344
49.20539855957031
49.23500061035156
49.217498779296875
49.220001220703125
49.20000076293945
49.189998626708984
49.220001220703125
49.209999084472656
49.209999084472656
49.220001220703125
49.2599983215332
49.27000045776367
49.28499984741211
49.29029846191406
49.26300048828125
49.279998779296875
49.298500061035156
49.301998138427734
49.290000915527344
49.28499984741211
49.305301666259766
49.362701416015625
49.369998931884766
49.3849983215332
49.38999938964844
49.4114990234375
49.3849983215332
49.380001068115234
49.369998931884766
49.404998779296875
49.38999938964844
49.39500045776367
49.390499114990234
49.404998779296875
49.3849983215332
49.4099006652832
49.404998779296875
49.39500045776367
49.345001220703125
49.35499954223633
49.3650016784668
49.369998931884766
49.349998474121094
49.345699310302734
49.30630111694336
49.314998626708984
49.334999084472656
49.349998474121094
49.40999984741211
49.42499923706055
49.40999984741211
49.45000076293945
49.43000030517578
49.435001373291016
49.439998626708984
49.435699462890625
49.41999816894531
49.43000030517578
49.40999984741211
49.42509841918945
49.40999984741211
49.41999816894531
49.404998779296875
49.40999984741211
49.410099029541016
49.404998779296875
49.40079879760742
49.45000076293945
49.474998474121094
49.472599029541016
49.51499938964844
49.525001525878906
49.52000045776367
49.54499816894531
49.4900016784668
49.4900016784668
49.474998474121094
49.474998474121094
49.496299743652344
49.46500015258789
49.47999954223633
49.47999954223633
49.47999954223633
49.47999954223633
49.494998931884766
49.380001068115234
49.3849983215332
49.39500045776367
49.45000076293945
49.44499969482422
49.44499969482422
49.457401275634766
49.439998626708984
49.42499923706055
49.440101623535156
49.474998474121094
49.47439956665039
49.525001525878906
49.45000076293945
49.45500183105469
49.51499938964844
49.51499938964844
49.5099983215332
49.459999084472656
49.459999084472656
49.494998931884766
49.499900817871094
49.48500061035156
49.525001525878906
49.48500061035156
49.494998931884766
49.4900016784668
49.470001220703125
49.51179885864258
49.5
49.51499938964844
49.53499984741211
49.53499984741211
49.529998779296875
49.564998626708984
49.5
49.525001525878906
49.51499938964844
49.525001525878906
49.47999954223633
49.44499969482422
49.47999954223633
49.44499969482422
49.40999984741211
49.505001068115234
49.55500030517578
49.564998626708984
49.525001525878906
49.53499984741211
49.5
49.459999084472656
49.53450012207031
49.5099983215332
49.5099983215332
