170.11000061035156
170.30599975585938
170.322998046875
170.47500610351562
170.5749969482422
170.30999755859375
170.0800018310547
170.10499572753906
170.1699981689453
170.17999267578125
170.05999755859375
170.05499267578125
170.0
170.32000732421875
170.67999267578125
170.50999450683594
170.69000244140625
170.7899932861328
170.5399932861328
170.64999389648438
170.50999450683594
170.72000122070312
170.80999755859375
170.64999389648438
170.69000244140625
170.85000610351562
170.82000732421875
170.8000030517578
170.8800048828125
170.94000244140625
170.91000366210938
170.88999938964844
170.83999633789062
170.8699951171875
170.64999389648438
170.94000244140625
170.88999938964844
170.85000610351562
170.92999267578125
170.92999267578125
171.00999450683594
171.08999633789062
171.02999877929688
170.93499755859375
170.9600067138672
171.0
171.02000427246094
170.91000366210938
170.86000061035156
171.0601043701172
171.21310424804688
171.2100067138672
171.2100067138672
171.35499572753906
171.32000732421875
171.2100067138672
171.1300048828125
171.02999877929688
170.99110412597656
170.89999389648438
170.94000244140625
170.8760986328125
170.9949951171875
170.8699951171875
170.8699951171875
170.86000061035156
170.7899932861328
170.7899932861328
170.84500122070312
170.85000610351562
170.92999267578125
170.80999755859375
170.69970703125
170.75999450683594
170.75
170.83999633789062
170.86000061035156
170.73699951171875
170.82000732421875
170.83999633789062
170.6999969482422
170.64999389648438
170.65499877929688
170.69000244140625
170.74000549316406
170.67999267578125
170.73959350585938
170.72430419921875
170.6699981689453
170.7899932861328
170.75999450683594
170.89999389648438
170.91000366210938
170.97000122070312
171.0146942138672
170.8699951171875
170.9499969482422
170.9600067138672
170.91000366210938
170.89500427246094
170.9250030517578
170.97000122070312
170.9499969482422
170.83999633789062
170.84500122070312
170.73500061035156
170.7100067138672
170.6199951171875
170.6300048828125
170.6300048828125
170.58999633789062
170.52999877929688
170.52999877929688
170.52999877929688
170.5850067138672
170.61500549316406
170.69009399414062
170.80999755859375
170.77000427246094
170.77999877929688
170.6699981689453
170.7613983154297
170.71499633789062
170.77000427246094
170.7899932861328
170.74000549316406
170.6717987060547
170.72000122070312
170.7899932861328
170.8000030517578
170.94000244140625
170.97999572753906
171.02000427246094
171.0399932861328
171.0749969482422
171.0050048828125
171.14500427246094
171.13499450683594
171.07000732421875
170.9949951171875
171.10499572753906
171.25
171.2194061279297
171.0789031982422
171.0800018310547
171.1300048828125
171.1999969482422
171.23500061035156
171.25
171.2949981689453
171.32000732421875
171.3350067138672
171.3800048828125
171.3300018310547
171.32000732421875
171.2949981689453
171.27999877929688
171.25999450683594
171.21499633789062
171.2100067138672
171.14999389648438
171.14999389648438
171.13999938964844
171.11000061035156
171.17999267578125
171.1199951171875
171.07000732421875
171.02999877929688
170.99000549316406
171.05499267578125
171.13999938964844
171.03500366210938
171.0399932861328
171.21299743652344
171.25
171.25100708007812
171.27000427246094
171.22999572753906
171.25999450683594
171.19000244140625
171.2100067138672
171.27000427246094
171.1999969482422
171.27000427246094
171.375
171.3249969482422
171.38999938964844
171.38999938964844
171.31939697265625
171.35499572753906
171.47000122070312
171.44000244140625
171.41000366210938
171.49000549316406
171.5
171.60000610351562
171.57980346679688
171.5500030517578
171.60000610351562
171.66000366210938
171.66000366210938
171.61160278320312
171.6300048828125
171.61680603027344
171.64500427246094
171.6300048828125
171.6300048828125
171.6300048828125
171.64999389648438
171.64999389648438
171.58999633789062
171.59359741210938
171.60000610351562
171.57000732421875
171.52999877929688
171.58999633789062
171.58999633789062
171.66009521484375
171.7100067138672
171.67999267578125
171.6300048828125
171.63999938964844
171.55999755859375
171.52999877929688
171.47999572753906
171.47000122070312
171.452392578125
171.4949951171875
171.61500549316406
171.67999267578125
171.72000122070312
171.64999389648438
171.6699981689453
171.6300048828125
171.6199951171875
171.5800018310547
171.5529022216797
171.55999755859375
171.55999755859375
171.61000061035156
171.58999633789062
171.57069396972656
171.5399932861328
171.45689392089844
171.5399932861328
171.5406951904297
171.5800018310547
171.61500549316406
171.60000610351562
171.52149963378906
171.52000427246094
171.52000427246094
171.60000610351562
171.6999969482422
171.69549560546875
171.7550048828125
171.78500366210938
171.75
171.75
171.72000122070312
171.66000366210938
171.64010620117188
171.66000366210938
171.66000366210938
171.6750030517578
171.72999572753906
171.77999877929688
171.8300018310547
171.8300018310547
171.85000610351562
171.80499267578125
171.77999877929688
171.7899932861328
171.80409240722656
171.8350067138672
171.86000061035156
171.8874053955078
171.86000061035156
171.8209991455078
171.8179931640625
171.8000030517578
171.7899932861328
171.80999755859375
171.85009765625
171.86000061035156
171.86000061035156
171.86000061035156
171.8699951171875
171.91000366210938
171.9199981689453
171.90499877929688
171.86000061035156
171.86000061035156
171.8699951171875
171.8699951171875
171.86000061035156
171.82369995117188
171.81500244140625
171.77960205078125
171.74000549316406
171.83999633789062
171.85000610351562
171.8300018310547
171.88999938964844
171.85000610351562
171.89830017089844
171.83200073242188
171.8800048828125
171.8800048828125
171.84339904785156
171.85000610351562
171.8385009765625
171.83999633789062
171.85000610351562
171.80999755859375
171.86619567871094
171.85000610351562
171.8800048828125
171.89999389648438
171.92999267578125
171.90370178222656
171.91000366210938
171.9499969482422
171.99000549316406
172.0
172.07000732421875
172.07000732421875
172.06500244140625
172.05859375
172.04989624023438
172.0050048828125
171.9969940185547
172.0
172.0
171.9696044921875
171.9550018310547
171.9600067138672
171.99000549316406
171.97500610351562
171.9250030517578
172.0
172.02000427246094
172.02000427246094
172.00999450683594
171.89999389648438
171.91000366210938
171.94500732421875
171.9600067138672
171.9600067138672
171.9385986328125
171.9199981689453
171.9499969482422
171.9499969482422
171.9199981689453
171.86500549316406
171.9062042236328
171.89999389648438
171.83999633789062
171.82000732421875
171.7899932861328
171.77000427246094
171.75999450683594
171.76499938964844
171.74000549316406
171.72500610351562
171.7530059814453
171.7100067138672
171.6999969482422
171.61000061035156
171.5399932861328
171.5823974609375
171.63999938964844
171.72000122070312
171.75
171.77000427246094
171.75999450683594
171.8000030517578
171.77000427246094
171.75999450683594
171.7100067138672
171.7100067138672
171.6999969482422
171.66000366210938
171.62010192871094
171.63999938964844
171.6300048828125
171.66000366210938
171.67320251464844
171.69000244140625
171.74000549316406
171.72000122070312
171.7100067138672
171.74000549316406
171.7899932861328
171.85000610351562
171.77999877929688
171.8000030517578
171.82000732421875
171.8292999267578
171.8699951171875
171.86000061035156
171.9199981689453
171.90499877929688
171.89500427246094
171.8800048828125
171.8699951171875
171.8000030517578
171.8300018310547
171.82000732421875
171.8350067138672
171.80999755859375
171.77000427246094
171.7899932861328
171.77999877929688
171.8000030517578
171.80999755859375
171.8300018310547
171.82000732421875
171.8300018310547
171.8300018310547
171.84500122070312
171.87669372558594
171.85000610351562
171.87069702148438
171.8300018310547
171.85000610351562
171.89999389648438
171.94000244140625
171.97000122070312
172.0
171.99000549316406
171.97000122070312
171.9949951171875
171.9499969482422
171.9600067138672
171.99000549316406
171.99000549316406
172.01499938964844
172.0399932861328
172.07000732421875
172.11000061035156
172.1199951171875
172.1199951171875
172.08999633789062
172.07000732421875
172.04010009765625
172.02000427246094
171.97000122070312
172.00999450683594
172.0399932861328
172.10000610351562
172.0800018310547
172.1300048828125
172.14999389648438
172.11000061035156
172.10000610351562
172.11720275878906
172.10000610351562
172.1300048828125
172.1699981689453
172.21499633789062
172.22000122070312
172.2100067138672
172.18899536132812
172.25
172.36500549316406
172.3350067138672
172.36000061035156
172.36000061035156
172.41000366210938
172.36099243164062
172.3300018310547
172.28500366210938
172.3000030517578
172.35499572753906
172.36000061035156
172.33999633789062
172.27000427246094
172.3800048828125
172.35000610351562
172.30999755859375
172.39999389648438
172.4199981689453
172.4499969482422
172.38999938964844
172.4199981689453
172.4626007080078
172.44000244140625
172.4550018310547
172.47999572753906
172.5500030517578
172.53219604492188
172.5399932861328
172.5449981689453
172.57000732421875
172.6199951171875
172.64500427246094
172.66000366210938
172.67999267578125
172.6699981689453
172.7100067138672
172.72000122070312
172.74319458007812
172.6699981689453
172.6699981689453
172.6300048828125
172.63999938964844
172.6199951171875
172.63999938964844
172.6300048828125
172.65499877929688
172.6300048828125
172.6699981689453
172.67999267578125
172.68499755859375
172.67999267578125
172.63499450683594
172.63999938964844
172.6750030517578
172.63499450683594
172.66000366210938
172.67999267578125
172.6999969482422
172.67999267578125
172.6999969482422
172.74000549316406
172.75
172.7100067138672
172.67999267578125
172.69000244140625
172.6999969482422
172.6999969482422
172.63999938964844
172.57000732421875
172.5500030517578
172.5800018310547
172.61000061035156
172.61000061035156
172.69500732421875
172.6999969482422
172.74000549316406
172.74000549316406
172.74000549316406
172.8300018310547
172.7899932861328
172.86000061035156
172.8800048828125
172.92999267578125
172.91000366210938
172.88999938964844
172.80999755859375
172.7899932861328
172.83999633789062
172.82090759277344
172.86000061035156
172.84500122070312
172.86000061035156
172.92999267578125
172.92999267578125
172.92999267578125
172.9199981689453
172.97000122070312
172.88999938964844
172.88999938964844
172.85000610351562
172.88999938964844
172.8800048828125
172.8350067138672
172.8300018310547
172.74000549316406
172.80999755859375
172.85000610351562
172.77000427246094
172.77000427246094
172.75999450683594
172.75
172.85000610351562
172.9149932861328
172.89999389648438
172.88999938964844
172.83999633789062
172.8000030517578
172.8300018310547
172.8000030517578
172.80999755859375
172.85499572753906
172.8800048828125
172.8350067138672
172.86000061035156
172.78500366210938
172.80499267578125
172.77999877929688
172.74000549316406
172.7100067138672
172.82000732421875
172.83999633789062
172.93499755859375
172.8699951171875
172.97000122070312
172.97500610351562
172.9600067138672
172.86000061035156
172.77499389648438
172.7949981689453
172.85000610351562
172.86000061035156
172.88999938964844
172.9600067138672
172.9250030517578
172.85000610351562
172.82000732421875
172.72999572753906
172.6999969482422
172.72999572753906
172.7100067138672
172.7100067138672
