150.5800018310547
150.6649932861328
150.50250244140625
150.58999633789062
150.61500549316406
150.6999969482422
150.66000366210938
150.6699981689453
150.4550018310547
150.14700317382812
150.0050048828125
149.94000244140625
149.9149932861328
149.88250732421875
149.89999389648438
149.7100067138672
149.32000732421875
149.00010681152344
148.8699951171875
148.8466033935547
148.77999877929688
148.89999389648438
148.9600067138672
148.99000549316406
148.92999267578125
149.0
148.97999572753906
148.97999572753906
148.97000122070312
148.99000549316406
148.83999633789062
148.86000061035156
148.8300018310547
148.9600067138672
148.8784942626953
148.24000549316406
148.33180236816406
148.36000061035156
148.39500427246094
148.44000244140625
148.47500610351562
148.5500030517578
148.47000122070312
148.6199951171875
148.59500122070312
148.64999389648438
148.67999267578125
148.63999938964844
148.7899932861328
148.9499969482422
148.85000610351562
149.02999877929688
148.9600067138672
149.00999450683594
149.0500030517578
149.0
148.75
148.80999755859375
148.80999755859375
148.77000427246094
148.8000030517578
148.72999572753906
148.7050018310547
148.92999267578125
148.94000244140625
148.8800048828125
148.8300018310547
148.85000610351562
148.89500427246094
148.92999267578125
148.97999572753906
148.8300018310547
148.74000549316406
148.6300048828125
148.64999389648438
148.55690002441406
148.5800018310547
148.5225067138672
148.42010498046875
148.32000732421875
148.26499938964844
148.4250030517578
148.36500549316406
148.33999633789062
148.42999267578125
148.27000427246094
148.28500366210938
148.19000244140625
148.10000610351562
148.0800018310547
148.1300048828125
148.22999572753906
148.11000061035156
148.10499572753906
148.1699981689453
148.1300048828125
148.1999969482422
148.27000427246094
148.3000030517578
148.38999938964844
148.5449981689453
148.75999450683594
148.83999633789062
148.8800048828125
149.0399932861328
149.14999389648438
149.14999389648438
149.1300048828125
149.02000427246094
149.0399932861328
149.0659942626953
149.09170532226562
149.07000732421875
149.14999389648438
149.13999938964844
149.05999755859375
149.11000061035156
149.02000427246094
148.9149932861328
148.97500610351562
149.01730346679688
149.0500030517578
149.02000427246094
149.10000610351562
149.1300048828125
149.02999877929688
149.00999450683594
148.94000244140625
148.9499969482422
148.86000061035156
148.75
148.80999755859375
148.80999755859375
148.77000427246094
148.77999877929688
148.6999969482422
148.8000030517578
148.8300018310547
148.88499450683594
148.75999450683594
148.74000549316406
148.8699951171875
148.8300018310547
148.75
148.66000366210938
148.72000122070312
148.6699981689453
148.58770751953125
148.6999969482422
148.67999267578125
148.66000366210938
148.7100067138672
148.66209411621094
148.57000732421875
148.5399932861328
148.65060424804688
148.6999969482422
148.6199951171875
148.55999755859375
148.5167999267578
148.49000549316406
148.50999450683594
148.4499969482422
148.5
148.5
148.47000122070312
148.53919982910156
148.49000549316406
148.41000366210938
148.3300018310547
148.2899932861328
148.27999877929688
148.2899932861328
148.36500549316406
148.39999389648438
148.47999572753906
148.42999267578125
148.4199981689453
148.47000122070312
148.43499755859375
148.4600067138672
148.38999938964844
148.30999755859375
148.35910034179688
148.41000366210938
148.4499969482422
148.52000427246094
148.5399932861328
148.55320739746094
148.52000427246094
148.5399932861328
148.5
148.38999938964844
148.38999938964844
148.42999267578125
148.44000244140625
148.47000122070312
148.49000549316406
148.5800018310547
148.56500244140625
148.6300048828125
148.55999755859375
148.50999450683594
148.49000549316406
148.52999877929688
148.6199951171875
148.60000610351562
148.625
148.66000366210938
148.6750030517578
148.81590270996094
148.7899932861328
148.77999877929688
148.85499572753906
148.85189819335938
148.8527069091797
148.80999755859375
148.7698974609375
148.69000244140625
148.6750030517578
148.64999389648438
148.60000610351562
148.6251983642578
148.60169982910156
148.64950561523438
148.82000732421875
148.8699951171875
148.88999938964844
148.8000030517578
148.75999450683594
148.85000610351562
148.94000244140625
149.02000427246094
149.0050048828125
149.1199951171875
149.10000610351562
149.1300048828125
149.10000610351562
149.11000061035156
149.25
149.24009704589844
149.19000244140625
149.08999633789062
149.1199951171875
149.10000610351562
149.11109924316406
149.0850067138672
149.0800018310547
149.1300048828125
149.17999267578125
149.22999572753906
149.22500610351562
149.19000244140625
149.27000427246094
149.19000244140625
149.1071014404297
149.022705078125
149.05499267578125
148.99000549316406
149.0
149.02999877929688
149.0500030517578
149.0
148.95579528808594
148.9499969482422
148.9499969482422
148.9600067138672
148.97000122070312
148.9199981689453
148.8699951171875
148.83999633789062
148.83999633789062
148.88999938964844
148.92999267578125
148.91000366210938
148.91000366210938
148.9759979248047
149.0
149.0050048828125
148.93980407714844
148.9600067138672
148.9600067138672
148.9550018310547
149.00999450683594
148.91000366210938
148.91119384765625
148.9250030517578
148.9499969482422
148.97999572753906
149.0
148.97500610351562
148.9600067138672
148.9199981689453
148.9398956298828
148.97999572753906
148.99000549316406
148.99000549316406
148.97999572753906
149.0399932861328
149.08999633789062
149.11000061035156
149.1999969482422
149.1699981689453
149.25999450683594
149.27499389648438
149.25
149.2698974609375
149.25999450683594
149.22999572753906
149.19000244140625
149.16000366210938
149.1240997314453
149.14999389648438
149.16000366210938
149.13890075683594
149.13499450683594
149.12319946289062
149.08999633789062
149.0800018310547
149.1300048828125
149.05999755859375
149.0207977294922
149.06500244140625
149.1199951171875
149.14500427246094
149.2100067138672
149.22000122070312
149.1699981689453
149.13999938964844
149.19000244140625
149.1300048828125
149.06500244140625
149.05499267578125
149.0500030517578
149.0760955810547
149.08990478515625
149.0800018310547
149.11000061035156
149.08999633789062
149.1300048828125
149.0709991455078
149.1300048828125
149.16000366210938
149.1699981689453
149.16000366210938
149.17979431152344
149.2100067138672
149.24000549316406
149.3000030517578
149.3000030517578
149.30999755859375
149.2899932861328
149.2899932861328
149.33999633789062
149.22999572753906
149.25
149.2100067138672
149.22500610351562
149.22039794921875
149.24000549316406
149.2200927734375
149.22000122070312
149.2050018310547
149.17999267578125
149.25
149.32000732421875
149.30999755859375
149.34519958496094
149.2111053466797
149.09640502929688
149.19000244140625
149.17999267578125
149.1999969482422
149.29580688476562
149.36500549316406
149.375
149.39500427246094
149.41000366210938
149.38999938964844
149.35299682617188
149.3800048828125
149.47999572753906
149.44630432128906
149.47000122070312
149.4600067138672
149.44000244140625
149.4499969482422
149.47500610351562
149.46499633789062
149.47999572753906
149.4600067138672
149.43499755859375
149.42999267578125
149.43499755859375
149.47999572753906
149.47000122070312
149.44500732421875
149.49000549316406
149.5
149.5399932861328
149.48699951171875
149.52000427246094
149.56689453125
149.52000427246094
149.5449981689453
149.5800018310547
149.55999755859375
149.55999755859375
149.57000732421875
149.6300048828125
149.6356964111328
149.6699981689453
149.6300048828125
149.6199951171875
149.71499633789062
149.72999572753906
149.6699981689453
149.72000122070312
149.7100067138672
149.77000427246094
149.7301025390625
149.6685028076172
149.69000244140625
149.72500610351562
149.6699981689453
149.72999572753906
149.72999572753906
149.77000427246094
149.91000366210938
149.8800048828125
149.9199981689453
149.83999633789062
149.9199981689453
149.89999389648438
149.9600067138672
149.96499633789062
149.97999572753906
149.99000549316406
149.9600067138672
149.99099731445312
149.99000549316406
150.0
150.00999450683594
149.9199981689453
149.93380737304688
149.91000366210938
149.85000610351562
149.8300018310547
149.77000427246094
149.82000732421875
149.8249969482422
149.75
149.80999755859375
149.82000732421875
149.80990600585938
149.76019287109375
149.80999755859375
149.8300018310547
149.75999450683594
149.67999267578125
149.66600036621094
149.57000732421875
149.52999877929688
149.52780151367188
149.6300048828125
149.61000061035156
149.5800018310547
149.55999755859375
149.52000427246094
149.5500030517578
149.55999755859375
149.5500030517578
149.5500030517578
149.58999633789062
149.55250549316406
149.5800018310547
149.61000061035156
149.6697998046875
149.69500732421875
149.72999572753906
149.6999969482422
149.77000427246094
149.72999572753906
149.72999572753906
149.72999572753906
149.72999572753906
149.8000030517578
149.78700256347656
149.80990600585938
149.80499267578125
149.85499572753906
149.8800048828125
149.86000061035156
149.85000610351562
149.8798065185547
149.8699951171875
149.88999938964844
149.9149932861328
149.9499969482422
149.93899536132812
149.91000366210938
149.9499969482422
149.97999572753906
149.8800048828125
149.86000061035156
149.86920166015625
149.91000366210938
149.88999938964844
149.8800048828125
149.86000061035156
149.83999633789062
149.79859924316406
149.75
149.77999877929688
149.75999450683594
149.77000427246094
149.67999267578125
149.6699981689453
149.6699981689453
149.69200134277344
149.7091064453125
149.6761016845703
149.67999267578125
149.69000244140625
149.74000549316406
149.77999877929688
149.75
149.75
149.74000549316406
149.72999572753906
149.72999572753906
149.75999450683594
149.75
149.75
149.7790985107422
149.77499389648438
149.77999877929688
149.77999877929688
149.74000549316406
149.6699981689453
149.70989990234375
149.75999450683594
149.6699981689453
149.8000030517578
149.89999389648438
149.9600067138672
149.99000549316406
150.05999755859375
150.13999938964844
150.14999389648438
150.1199951171875
150.00999450683594
150.0399932861328
149.97999572753906
150.00999450683594
150.02000427246094
149.99000549316406
150.03500366210938
150.0500030517578
150.1085968017578
150.1300048828125
150.13499450683594
150.0
149.97999572753906
149.9199981689453
149.93499755859375
149.9199981689453
149.93499755859375
149.9499969482422
149.91000366210938
149.85000610351562
149.9340057373047
149.86000061035156
149.9199981689453
150.0050048828125
149.90499877929688
149.94000244140625
150.07000732421875
150.08839416503906
150.10000610351562
150.03439331054688
150.0
150.0399932861328
150.07000732421875
150.05499267578125
150.1300048828125
150.10000610351562
150.10000610351562
150.1300048828125
150.1300048828125
150.2100067138672
150.1699981689453
150.2100067138672
150.1907958984375
150.22999572753906
150.17999267578125
150.25999450683594
150.1699981689453
150.16990661621094
150.23989868164062
150.22500610351562
150.1199951171875
150.07000732421875
150.0749969482422
150.1300048828125
150.0500030517578
150.1649932861328
150.32000732421875
150.3000030517578
150.2100067138672
150.125
149.99000549316406
149.97999572753906
149.97999572753906
149.88999938964844
149.88999938964844
