60.720001220703125
60.869998931884766
61.02000045776367
61.05500030517578
61.04999923706055
60.977298736572266
60.95000076293945
60.91999816894531
60.90999984741211
60.92499923706055
60.91999816894531
60.96500015258789
60.939998626708984
61.07500076293945
61.14500045776367
61.209999084472656
61.244998931884766
61.255001068115234
61.185001373291016
61.150001525878906
61.154998779296875
61.165000915527344
61.17499923706055
61.154998779296875
61.154998779296875
61.20500183105469
61.19499969482422
61.13999938964844
61.13999938964844
61.154998779296875
61.18000030517578
61.154998779296875
61.154998779296875
61.084999084472656
61.10499954223633
61.04999923706055
61.025001525878906
61.03260040283203
61.03499984741211
60.994998931884766
60.94499969482422
60.97999954223633
60.935001373291016
60.935001373291016
60.8849983215332
60.904998779296875
60.904998779296875
60.915000915527344
60.935001373291016
60.97999954223633
60.96500015258789
60.974998474121094
60.9900016784668
61.005001068115234
60.97999954223633
60.92499923706055
60.88999938964844
60.84000015258789
60.85499954223633
60.81420135498047
60.81999969482422
60.79499816894531
60.810001373291016
60.849998474121094
60.8650016784668
60.89500045776367
60.92300033569336
60.90999984741211
60.8849983215332
60.900001525878906
60.970001220703125
60.93000030517578
60.89500045776367
60.875
60.875
60.880001068115234
60.900001525878906
60.869998931884766
60.86000061035156
60.8650016784668
60.81999969482422
60.810001373291016
60.80540084838867
60.80500030517578
60.81629943847656
60.810001373291016
60.84000015258789
60.83000183105469
60.81999969482422
60.83000183105469
60.82500076293945
60.869998931884766
60.87160110473633
60.87900161743164
60.900001525878906
60.83000183105469
60.86000061035156
60.86000061035156
60.85499954223633
60.86000061035156
60.850101470947266
60.869998931884766
60.83000183105469
60.81999969482422
60.810001373291016
60.790000915527344
60.80500030517578
60.77000045776367
60.724998474121094
60.72999954223633
60.742401123046875
60.790000915527344
60.810001373291016
60.76750183105469
60.790000915527344
60.78499984741211
60.790000915527344
60.79010009765625
60.79499816894531
60.775001525878906
60.74340057373047
60.779998779296875
60.76070022583008
60.779998779296875
60.79999923706055
60.80350112915039
60.790000915527344
60.79499816894531
60.775001525878906
60.73500061035156
60.78990173339844
60.79999923706055
60.793399810791016
60.80500030517578
60.810001373291016
60.78499984741211
60.810001373291016
60.814998626708984
60.810001373291016
60.810001373291016
60.849998474121094
60.869998931884766
60.85499954223633
60.82389831542969
60.82500076293945
60.84000015258789
60.86000061035156
60.86389923095703
60.875
60.8650016784668
60.84000015258789
60.849998474121094
60.875
60.85499954223633
60.85499954223633
60.86000061035156
60.873600006103516
60.869998931884766
60.8849983215332
60.8849983215332
60.8849983215332
60.88999938964844
60.849998474121094
60.880001068115234
60.88999938964844
60.86000061035156
60.85499954223633
60.869998931884766
60.849998474121094
60.84000015258789
60.834999084472656
60.81999969482422
60.810001373291016
60.84000015258789
60.849998474121094
60.875
60.849998474121094
60.85499954223633
60.845001220703125
60.82500076293945
60.845001220703125
60.849998474121094
60.869998931884766
60.86000061035156
60.875
60.875
60.8849983215332
60.88999938964844
60.86000061035156
60.8650016784668
60.85499954223633
60.845001220703125
60.834999084472656
60.86000061035156
60.85089874267578
60.8650016784668
60.89500045776367
60.8849983215332
60.89500045776367
60.90449905395508
60.935001373291016
60.935001373291016
60.974998474121094
60.977901458740234
60.994998931884766
61.005001068115234
61.029998779296875
61.04499816894531
61.053001403808594
61.060001373291016
61.03020095825195
61.025001525878906
61.025001525878906
61.005001068115234
60.994998931884766
60.98500061035156
60.96500015258789
60.95500183105469
60.935001373291016
60.94499969482422
60.91999816894531
60.904998779296875
60.880001068115234
60.85660171508789
60.832000732421875
60.814998626708984
60.790000915527344
60.79999923706055
60.810001373291016
60.845001220703125
60.869998931884766
60.900001525878906
60.915000915527344
60.904998779296875
60.92499923706055
60.88999938964844
60.845001220703125
60.83250045776367
60.83000183105469
60.85499954223633
60.86000061035156
60.869998931884766
60.85499954223633
60.84000015258789
60.81999969482422
60.809898376464844
60.81999969482422
60.814998626708984
60.81999969482422
60.79999923706055
60.79499816894531
60.83000183105469
60.834999084472656
60.83000183105469
60.831600189208984
60.810001373291016
60.80500030517578
60.7599983215332
60.77000045776367
60.76499938964844
60.744998931884766
60.744998931884766
60.755001068115234
60.744998931884766
60.755001068115234
60.75
60.755001068115234
60.7599983215332
60.77000045776367
60.76499938964844
60.76499938964844
60.724998474121094
60.755001068115234
60.755001068115234
60.7599983215332
60.71500015258789
60.724998474121094
60.75
60.72999954223633
60.755001068115234
60.753299713134766
60.810001373291016
60.81990051269531
60.82500076293945
60.816001892089844
60.814998626708984
60.8114013671875
60.814998626708984
60.8036003112793
60.79999923706055
60.80500030517578
60.775001525878906
60.77220153808594
60.775001525878906
60.775001525878906
60.775001525878906
60.77000045776367
60.77000045776367
60.734100341796875
60.744998931884766
60.760101318359375
60.755001068115234
60.757198333740234
60.775001525878906
60.75
60.755001068115234
60.755001068115234
60.75389862060547
60.75149917602539
60.7400016784668
60.75
60.755001068115234
60.75
60.7400016784668
60.72999954223633
60.75
60.75
60.744998931884766
60.7599983215332
60.78499984741211
60.78499984741211
60.797401428222656
60.80799865722656
60.81999969482422
60.834999084472656
60.86000061035156
60.86000061035156
60.8650016784668
60.88999938964844
60.880001068115234
60.880001068115234
60.875
60.88999938964844
60.8849983215332
60.87480163574219
60.869998931884766
60.875
60.88999938964844
60.900001525878906
60.880001068115234
60.86000061035156
60.880001068115234
60.90119934082031
60.875
60.8650016784668
60.85499954223633
60.85499954223633
60.85499954223633
60.85499954223633
60.86429977416992
60.85499954223633
60.850101470947266
60.849998474121094
60.845001220703125
60.83000183105469
60.82279968261719
60.810001373291016
60.79499816894531
60.78499984741211
60.810001373291016
60.82500076293945
60.834999084472656
60.85499954223633
60.849998474121094
60.849998474121094
60.8650016784668
60.869998931884766
60.875
60.8650016784668
60.80649948120117
60.84000015258789
60.869998931884766
60.89500045776367
60.9099006652832
60.939998626708984
60.959999084472656
60.974998474121094
60.96500015258789
60.96500015258789
60.92499923706055
60.94499969482422
60.94499969482422
60.94499969482422
60.904998779296875
60.89500045776367
60.904998779296875
60.904998779296875
60.915000915527344
60.92499923706055
60.92499923706055
60.900001525878906
60.904998779296875
60.904998779296875
60.904998779296875
60.92499923706055
60.93000030517578
60.94499969482422
60.93479919433594
60.92499923706055
60.92499923706055
60.90999984741211
60.89500045776367
60.90999984741211
60.915000915527344
60.915000915527344
60.915000915527344
60.869998931884766
60.8849983215332
60.88999938964844
60.90999984741211
60.92499923706055
60.92499923706055
60.92499923706055
60.935001373291016
60.95500183105469
60.954200744628906
60.95500183105469
60.95000076293945
60.95000076293945
60.94499969482422
60.95500183105469
60.95500183105469
60.94499969482422
60.91999816894531
60.915000915527344
60.91999816894531
60.93050003051758
60.939998626708984
60.96500015258789
60.96500015258789
60.96549987792969
60.95000076293945
60.95500183105469
60.939998626708984
60.95500183105469
60.96500015258789
60.962398529052734
60.98500061035156
60.99610137939453
61.005001068115234
61.005001068115234
61.005001068115234
60.994998931884766
60.97169876098633
60.9900016784668
60.962799072265625
60.95500183105469
60.95000076293945
60.939998626708984
60.95500183105469
60.96500015258789
60.970699310302734
60.9900016784668
61.0
60.994998931884766
60.992000579833984
60.994998931884766
60.994998931884766
60.9900016784668
61.0099983215332
61.02000045776367
61.0099983215332
61.005001068115234
61.0
60.9900016784668
61.01499938964844
61.03499984741211
61.029998779296875
61.040000915527344
61.04999923706055
61.05500030517578
61.060001373291016
61.02000045776367
61.029998779296875
61.029998779296875
61.04999923706055
61.025001525878906
61.005001068115234
61.02399826049805
61.025001525878906
60.996700286865234
61.0099983215332
61.025001525878906
61.029998779296875
61.025001525878906
61.02640151977539
61.05500030517578
61.06999969482422
61.07500076293945
61.095001220703125
61.10499954223633
61.095001220703125
61.095001220703125
61.095001220703125
61.11000061035156
61.10499954223633
61.095001220703125
61.099998474121094
61.10499954223633
61.09000015258789
61.095001220703125
61.1150016784668
61.119998931884766
61.119998931884766
61.11009979248047
61.1150016784668
61.125
61.125
61.125
61.13420104980469
61.13999938964844
61.10499954223633
61.1150016784668
61.119998931884766
61.10499954223633
61.099998474121094
61.07500076293945
61.09000015258789
61.099998474121094
61.095001220703125
61.09000015258789
61.089599609375
61.09379959106445
61.10649871826172
61.10499954223633
61.10499954223633
61.125
61.10499954223633
61.095001220703125
61.095001220703125
61.08000183105469
61.07500076293945
61.064998626708984
61.060001373291016
61.064998626708984
61.07500076293945
61.08000183105469
61.08620071411133
61.10499954223633
61.11000061035156
61.11000061035156
61.13999938964844
61.125
61.1349983215332
61.14500045776367
61.150001525878906
61.14630126953125
61.15999984741211
61.15999984741211
61.165000915527344
61.150001525878906
61.1349983215332
61.13460159301758
61.1150016784668
61.125
61.130001068115234
61.130001068115234
61.13999938964844
61.149898529052734
61.14500045776367
61.14500045776367
61.14500045776367
61.119998931884766
61.095001220703125
61.10499954223633
61.14500045776367
61.119998931884766
61.13999938964844
61.150001525878906
61.1349983215332
61.14500045776367
61.154998779296875
61.15999984741211
61.165000915527344
61.185001373291016
61.189998626708984
61.19499969482422
61.21500015258789
61.209999084472656
61.19499969482422
61.20000076293945
61.185001373291016
61.20500183105469
61.21500015258789
61.220001220703125
61.224998474121094
61.220401763916016
61.224998474121094
61.220001220703125
61.21500015258789
61.21500015258789
61.19499969482422
61.21630096435547
61.213600158691406
61.23500061035156
61.23500061035156
61.255001068115234
61.2400016784668
61.255001068115234
61.239898681640625
61.23500061035156
61.20500183105469
61.185001373291016
61.185001373291016
61.19369888305664
61.185001373291016
61.18000030517578
61.19499969482422
61.220001220703125
61.19499969482422
61.20000076293945
61.18000030517578
61.18000030517578
61.18000030517578
61.16999816894531
61.16999816894531
