259.14569091796875
259.3800048828125
259.69000244140625
260.1000061035156
259.739990234375
259.57000732421875
258.9700012207031
259.4206848144531
259.1499938964844
258.9700012207031
259.07379150390625
259.2300109863281
259.4700012207031
259.6300048828125
259.69000244140625
260.20001220703125
260.3999938964844
260.6700134277344
260.1340026855469
260.25
260.1265869140625
260.135009765625
260.3599853515625
260.4309997558594
260.1199951171875
260.1099853515625
260.0400085449219
259.84600830078125
259.875
259.75
259.95001220703125
260.1600036621094
260.0
260.04998779296875
260.260009765625
260.6600036621094
260.6000061035156
260.54998779296875
260.6199951171875
260.5899963378906
260.6600036621094
260.6449890136719
260.3399963378906
260.2699890136719
260.2200012207031
260.2349853515625
260.2349853515625
260.3840026855469
260.5054931640625
260.4700012207031
260.6000061035156
260.510009765625
260.6300048828125
260.4200134277344
260.4200134277344
260.0950012207031
260.07000732421875
260.19000244140625
260.343994140625
260.54998779296875
260.4209899902344
260.5400085449219
260.6650085449219
260.718994140625
260.739990234375
260.75
260.7900085449219
260.8599853515625
260.95001220703125
260.8900146484375
260.9049987792969
260.8550109863281
260.625
260.4100036621094
260.5400085449219
260.25
260.364990234375
260.3299865722656
260.1080017089844
260.1199951171875
260.1400146484375
260.23089599609375
260.30999755859375
260.3800048828125
260.45001220703125
260.489990234375
260.44500732421875
260.3699951171875
260.4549865722656
260.489990234375
260.3210144042969
260.7699890136719
261.07000732421875
260.9599914550781
261.010009765625
260.8559875488281
261.1000061035156
261.25
261.1820068359375
261.2900085449219
261.2900085449219
261.1600036621094
261.32000732421875
261.2799987792969
261.0199890136719
261.1700134277344
261.07000732421875
260.6400146484375
260.54998779296875
260.489990234375
260.3927001953125
260.7099914550781
260.67999267578125
260.7796936035156
260.6910095214844
260.67999267578125
260.6499938964844
260.5400085449219
260.50799560546875
260.5
260.4718017578125
260.42999267578125
260.3599853515625
260.2149963378906
260.44000244140625
260.5
260.43499755859375
260.5299987792969
260.5150146484375
260.5
260.3599853515625
260.55999755859375
260.6300048828125
260.57000732421875
260.7850036621094
260.82000732421875
260.79998779296875
260.8349914550781
260.92999267578125
260.8900146484375
261.04998779296875
261.1600036621094
261.02099609375
261.07000732421875
260.989990234375
261.0050048828125
260.95001220703125
260.9100036621094
260.9100036621094
260.83099365234375
260.6809997558594
260.7550048828125
260.864990234375
260.80499267578125
260.7699890136719
260.885009765625
261.07501220703125
261.19000244140625
261.1499938964844
261.1499938964844
261.44000244140625
261.4100036621094
261.3399963378906
261.3599853515625
261.5299987792969
261.3949890136719
261.4100036621094
261.4599914550781
261.4790954589844
261.5199890136719
261.5199890136719
261.4364929199219
261.4364929199219
261.489990234375
261.4700012207031
261.3500061035156
261.37530517578125
261.2799987792969
261.2799987792969
261.1700134277344
261.1000061035156
261.1300048828125
261.0299987792969
261.010009765625
261.2200012207031
261.510009765625
261.6600036621094
261.75
261.7200012207031
261.7900085449219
261.8800048828125
261.68499755859375
261.5400085449219
261.4599914550781
261.4800109863281
261.489990234375
261.6300048828125
261.82501220703125
261.8999938964844
261.9100036621094
261.9200134277344
261.75
261.7550048828125
261.8174133300781
261.8299865722656
261.69000244140625
261.75299072265625
261.760009765625
261.7699890136719
261.760009765625
261.79998779296875
261.75799560546875
261.6300048828125
261.67999267578125
261.54998779296875
261.55499267578125
261.4100036621094
261.42999267578125
261.375
261.375
261.260009765625
261.20001220703125
261.2950134277344
261.2950134277344
261.3500061035156
261.2409973144531
261.260009765625
261.2799987792969
261.1600036621094
261.3900146484375
261.44000244140625
261.42999267578125
261.4700012207031
261.5696105957031
261.5799865722656
261.6000061035156
261.5899963378906
261.57000732421875
261.6000061035156
261.5899963378906
261.8450012207031
261.8800048828125
261.8949890136719
261.7049865722656
261.6600036621094
261.7200012207031
261.6549987792969
261.4150085449219
261.4549865722656
261.4549865722656
261.5199890136719
261.489990234375
261.489990234375
261.5899963378906
261.6000061035156
261.44000244140625
261.5350036621094
261.5
261.4100036621094
261.4700012207031
261.4700012207031
261.4599914550781
261.46661376953125
261.4599914550781
261.4649963378906
261.4460144042969
261.3810119628906
261.3810119628906
261.55499267578125
261.6099853515625
261.5950012207031
261.55999755859375
261.5762939453125
261.55999755859375
261.625
261.5849914550781
261.531005859375
261.6700134277344
261.6300048828125
261.6700134277344
261.6499938964844
261.6499938964844
261.7200012207031
261.7145080566406
261.6610107421875
261.70599365234375
261.70599365234375
261.7900085449219
261.7900085449219
261.80999755859375
261.80999755859375
261.79998779296875
261.8089904785156
261.8089904785156
261.8089904785156
261.80999755859375
261.8599853515625
261.8299865722656
261.7799987792969
261.7799987792969
261.80499267578125
261.8999938964844
261.90789794921875
262.0050048828125
261.95001220703125
261.9200134277344
261.80999755859375
261.86090087890625
261.8599853515625
261.7900085449219
261.79998779296875
261.9623107910156
261.8599853515625
261.8599853515625
261.8599853515625
261.7099914550781
261.70001220703125
261.7200012207031
261.6509094238281
261.6509094238281
261.5799865722656
261.6000061035156
261.7149963378906
261.75
261.73858642578125
261.7699890136719
261.7699890136719
261.8241882324219
261.8699951171875
261.8500061035156
261.8399963378906
261.81500244140625
261.77099609375
261.81500244140625
261.81500244140625
261.8500061035156
261.92999267578125
262.02398681640625
261.92999267578125
261.8905029296875
261.7749938964844
261.8900146484375
261.8900146484375
261.9200134277344
261.95001220703125
261.760009765625
261.760009765625
261.82000732421875
261.82000732421875
261.781005859375
261.70001220703125
261.67999267578125
261.6099853515625
261.6050109863281
261.6050109863281
261.489990234375
261.510009765625
261.3999938964844
261.4599914550781
261.48541259765625
261.510009765625
261.54998779296875
261.69000244140625
261.46990966796875
261.55999755859375
261.6199951171875
261.43170166015625
261.43170166015625
261.4909973144531
261.5799865722656
261.67999267578125
261.70001220703125
261.81878662109375
261.7799987792969
261.7799987792969
261.82501220703125
261.7799987792969
261.8800048828125
261.8599853515625
261.75
261.7699890136719
261.8800048828125
261.8800048828125
261.8800048828125
261.8381042480469
261.739990234375
261.739990234375
261.760009765625
261.79998779296875
261.8299865722656
261.80621337890625
261.7900085449219
261.7734069824219
261.7850036621094
261.8826904296875
261.8500061035156
261.8699035644531
261.8699951171875
261.8550109863281
261.8800048828125
261.8800048828125
261.75
261.6199951171875
261.7052917480469
261.60650634765625
261.60650634765625
261.60650634765625
261.5199890136719
261.54998779296875
261.6077880859375
261.6400146484375
261.5799865722656
261.69000244140625
261.6499938964844
261.6499938964844
261.739990234375
261.739990234375
261.739990234375
261.82000732421875
261.8500061035156
261.95001220703125
261.8399963378906
261.8399963378906
261.70001220703125
261.739990234375
261.739990234375
261.739990234375
261.6400146484375
261.6914978027344
261.7149963378906
261.7149963378906
261.5899963378906
261.6700134277344
261.6700134277344
261.6700134277344
261.689208984375
261.6099853515625
261.6300048828125
261.6676940917969
261.70989990234375
261.7099914550781
261.7099914550781
261.6499938964844
261.67999267578125
261.7489929199219
261.67919921875
261.67181396484375
261.6600036621094
261.5050048828125
261.5050048828125
261.6400146484375
261.6400146484375
261.7300109863281
261.7503967285156
261.7699890136719
261.67498779296875
261.67498779296875
261.647705078125
261.6875
261.6875
261.7699890136719
261.79998779296875
261.739990234375
261.6600036621094
261.79998779296875
261.760009765625
261.7633972167969
261.7633972167969
261.760009765625
261.760009765625
261.739990234375
261.7550048828125
261.70111083984375
261.7200012207031
261.7200012207031
261.7799987792969
261.7799987792969
261.6199951171875
261.75
261.80999755859375
261.75
261.7087097167969
261.6752014160156
261.67999267578125
261.6341857910156
261.5899963378906
261.67999267578125
261.8399963378906
261.9100036621094
261.947998046875
262.0400085449219
262.0199890136719
261.8999938964844
261.95001220703125
261.94000244140625
261.9549865722656
261.8949890136719
261.9599914550781
261.9599914550781
261.9200134277344
261.9200134277344
262.0249938964844
262.0150146484375
261.9200134277344
262.0
262.0
261.97918701171875
261.97918701171875
261.96600341796875
261.9800109863281
262.0039978027344
261.989990234375
261.9999084472656
261.9007873535156
261.9007873535156
261.9872131347656
261.8599853515625
261.79998779296875
261.82501220703125
261.739990234375
261.7349853515625
261.7699890136719
261.760009765625
261.760009765625
261.8399963378906
261.9800109863281
262.0050048828125
261.9599914550781
261.9549865722656
261.9549865722656
261.8450012207031
261.885009765625
261.9100036621094
261.94000244140625
261.8699951171875
261.8299865722656
261.8800048828125
261.8764953613281
261.9350891113281
261.9200134277344
261.9200134277344
261.9800109863281
262.0400085449219
262.135986328125
262.1499938964844
262.1050109863281
262.05999755859375
262.2099914550781
262.2799987792969
262.1382141113281
262.20001220703125
262.1050109863281
262.04998779296875
262.0249938964844
262.1123962402344
262.05999755859375
262.05999755859375
262.1759948730469
262.18499755859375
262.21868896484375
262.22119140625
262.239990234375
262.05499267578125
262.02960205078125
262.1000061035156
262.1195983886719
262.1449890136719
262.1449890136719
262.1300048828125
262.05999755859375
262.0
262.04998779296875
262.0400085449219
262.0400085449219
262.16400146484375
262.010009765625
262.0950012207031
262.30499267578125
262.2950134277344
262.330810546875
262.260009765625
262.1995849609375
262.3599853515625
262.33929443359375
262.3399963378906
262.30499267578125
262.32000732421875
262.260009765625
262.2699890136719
262.20001220703125
262.31500244140625
262.31500244140625
262.3450012207031
262.3399963378906
262.3550109863281
262.29998779296875
262.3800048828125
262.2349853515625
262.32501220703125
262.3399963378906
262.2300109863281
262.1199951171875
262.0199890136719
262.04998779296875
262.1549987792969
262.0299987792969
262.3399963378906
262.45001220703125
262.489990234375
262.29998779296875
262.2699890136719
262.1400146484375
262.19000244140625
262.2699890136719
262.1400146484375
262.1400146484375
