168.3300018310547
168.6343994140625
168.07000732421875
168.10409545898438
168.28500366210938
168.4199981689453
168.38999938964844
168.5157928466797
168.37109375
168.00999450683594
167.86990356445312
167.66000366210938
167.75
168.0
168.2050018310547
168.27999877929688
168.68600463867188
168.47999572753906
168.0800018310547
167.9550018310547
167.61000061035156
167.664306640625
167.67999267578125
167.63999938964844
167.7100067138672
167.8300018310547
167.9250030517578
167.79310607910156
167.6699981689453
167.58999633789062
167.5800018310547
167.4600067138672
167.6199951171875
167.2100067138672
167.27999877929688
167.54400634765625
167.27999877929688
167.05999755859375
167.14999389648438
167.16000366210938
167.12600708007812
167.17999267578125
167.10000610351562
167.0
166.6999969482422
166.83999633789062
166.6300048828125
166.6699981689453
166.47000122070312
166.3800048828125
166.44000244140625
166.42999267578125
166.2418975830078
166.36000061035156
166.18499755859375
166.19000244140625
166.3000030517578
166.4398956298828
166.4499969482422
166.38999938964844
166.52000427246094
166.42999267578125
166.30999755859375
166.39999389648438
166.43499755859375
166.3538055419922
166.22000122070312
166.1833038330078
166.22500610351562
166.17999267578125
166.375
166.0800018310547
166.0399932861328
166.02000427246094
166.02000427246094
165.8350067138672
165.94000244140625
165.9600067138672
165.97000122070312
166.17999267578125
166.05999755859375
166.2100067138672
166.31480407714844
166.22000122070312
166.1300048828125
166.16490173339844
166.19000244140625
166.19000244140625
166.05999755859375
166.09730529785156
166.27000427246094
166.42999267578125
166.4600067138672
166.40499877929688
166.61500549316406
166.61000061035156
166.5800018310547
166.61000061035156
166.57000732421875
166.47000122070312
166.75
166.80999755859375
166.95849609375
166.91000366210938
166.7899932861328
166.74000549316406
166.77999877929688
166.77999877929688
166.77000427246094
166.85000610351562
166.85000610351562
166.8699951171875
166.91000366210938
166.67999267578125
166.50999450683594
166.64999389648438
166.69000244140625
166.75
166.69810485839844
166.69500732421875
166.52980041503906
166.5800018310547
166.58030700683594
166.5388946533203
166.5399932861328
166.4499969482422
166.44720458984375
166.4600067138672
166.4199981689453
166.32000732421875
166.38999938964844
166.4600067138672
166.5
166.52999877929688
166.58999633789062
166.4600067138672
166.47000122070312
166.47000122070312
166.3300018310547
166.30499267578125
166.4250030517578
166.52000427246094
166.52000427246094
166.49000549316406
166.42999267578125
166.60000610351562
166.4600067138672
166.49000549316406
166.60000610351562
166.6042022705078
166.52999877929688
166.53500366210938
166.6300048828125
166.6300048828125
166.72000122070312
166.72000122070312
166.69000244140625
166.7407989501953
166.7050018310547
166.7100067138672
166.7050018310547
166.67999267578125
166.75
166.68499755859375
166.739501953125
166.6999969482422
166.67999267578125
166.66000366210938
166.68499755859375
166.69000244140625
166.71499633789062
166.67999267578125
166.6999969482422
166.73500061035156
166.72999572753906
166.83779907226562
166.73280334472656
166.66000366210938
166.55999755859375
166.5500030517578
166.55799865722656
166.6199951171875
166.60000610351562
166.6199951171875
166.6699981689453
166.6699981689453
166.8249969482422
166.88999938964844
166.7301025390625
166.5800018310547
166.5800018310547
166.64999389648438
166.53500366210938
166.56500244140625
166.47999572753906
166.61000061035156
166.58929443359375
166.5
166.41000366210938
166.43499755859375
166.44000244140625
166.30160522460938
166.30999755859375
166.30999755859375
166.22000122070312
166.3699951171875
166.39999389648438
166.40159606933594
166.4199981689453
166.35000610351562
166.25
166.21090698242188
166.32000732421875
166.31500244140625
166.25
166.33999633789062
166.3800048828125
166.36000061035156
166.33999633789062
166.38499450683594
166.3300018310547
166.21170043945312
166.24000549316406
166.14010620117188
166.07000732421875
166.07000732421875
165.99819946289062
166.05999755859375
166.1999969482422
166.2449951171875
166.3800048828125
166.39999389648438
166.4550018310547
166.3699951171875
166.4700927734375
166.41000366210938
166.45790100097656
166.50999450683594
166.52920532226562
166.6699981689453
166.68499755859375
166.72999572753906
166.72569274902344
166.6320037841797
166.77000427246094
166.8159942626953
166.86000061035156
166.75999450683594
166.83990478515625
166.80099487304688
166.80099487304688
166.77999877929688
166.77999877929688
166.83999633789062
166.75999450683594
166.7899932861328
166.7899932861328
166.8300018310547
166.7899932861328
166.8800048828125
166.8699951171875
166.76499938964844
166.80270385742188
166.80270385742188
166.77999877929688
166.85000610351562
166.8699951171875
166.97000122070312
166.9600067138672
166.94500732421875
166.82000732421875
166.6999969482422
166.7550048828125
166.7449951171875
166.68499755859375
166.63499450683594
166.6822967529297
166.6999969482422
166.75999450683594
166.77499389648438
166.77499389648438
166.8105010986328
166.87899780273438
166.875
166.80999755859375
166.72500610351562
166.7100067138672
166.63999938964844
166.7449951171875
166.6199951171875
166.64999389648438
166.6300048828125
166.47000122070312
166.5500030517578
166.53050231933594
166.63499450683594
166.5760955810547
166.6199951171875
166.5
166.6156005859375
166.61000061035156
166.60000610351562
166.625
166.6750946044922
166.5500030517578
166.5341033935547
166.42999267578125
166.47999572753906
166.4949951171875
166.41000366210938
166.42999267578125
166.47000122070312
166.44000244140625
166.51499938964844
166.47000122070312
166.4600067138672
166.47999572753906
166.52499389648438
166.55499267578125
166.63999938964844
166.57000732421875
166.58200073242188
166.5821990966797
166.6199951171875
166.5500030517578
166.64999389648438
166.6199951171875
166.6300048828125
166.66009521484375
166.6300048828125
166.625
166.60000610351562
166.61000061035156
166.5800018310547
166.57000732421875
166.48899841308594
166.42999267578125
166.44000244140625
166.38999938964844
166.3300018310547
166.32989501953125
166.35000610351562
166.49159240722656
166.5081024169922
166.51019287109375
166.4499969482422
166.4550018310547
166.4499969482422
166.51499938964844
166.52000427246094
166.4199981689453
166.47999572753906
166.49000549316406
166.43499755859375
166.4199981689453
166.36000061035156
166.3249969482422
166.2830047607422
166.36000061035156
166.34519958496094
166.3699951171875
166.3300018310547
166.36000061035156
166.38999938964844
166.36900329589844
166.4600067138672
166.44000244140625
166.3699951171875
166.2718963623047
166.1699981689453
166.24000549316406
166.28500366210938
166.3199005126953
166.35000610351562
166.35000610351562
166.39999389648438
166.4499969482422
166.42999267578125
166.38999938964844
166.3699951171875
166.47000122070312
166.49000549316406
166.47999572753906
166.50999450683594
166.49000549316406
166.52000427246094
166.49020385742188
166.5
166.5
166.44110107421875
166.4199981689453
166.33999633789062
166.4250030517578
166.4600067138672
166.4990997314453
166.52200317382812
166.5
166.48150634765625
166.40679931640625
166.40679931640625
166.5
166.50999450683594
166.4862060546875
166.5399932861328
166.5399932861328
166.44000244140625
166.3455047607422
166.3459930419922
166.29580688476562
166.35000610351562
166.38499450683594
166.41000366210938
166.48500061035156
166.40499877929688
166.5
166.49769592285156
166.47999572753906
166.5
166.5
166.52999877929688
166.51210021972656
166.5500030517578
166.50999450683594
166.50999450683594
166.44000244140625
166.44000244140625
166.36000061035156
166.41000366210938
166.52999877929688
166.54660034179688
166.57179260253906
166.60000610351562
166.58999633789062
166.5399932861328
166.6199951171875
166.58309936523438
166.5500030517578
166.57000732421875
166.625
166.6199951171875
166.61500549316406
166.5511016845703
166.63389587402344
166.60699462890625
166.5915985107422
166.50999450683594
166.4600067138672
166.42999267578125
166.35000610351562
166.4696044921875
166.4199981689453
166.3896942138672
166.47000122070312
166.38999938964844
166.38999938964844
166.4199981689453
166.3800048828125
166.38589477539062
166.44000244140625
166.4998016357422
166.5399932861328
166.50999450683594
166.47000122070312
166.4499969482422
166.5
166.50999450683594
166.44000244140625
166.49000549316406
166.4499969482422
166.5166015625
166.49000549316406
166.5
166.4600067138672
166.4376983642578
166.4376983642578
166.55380249023438
166.5
166.4499969482422
166.5399932861328
166.5800018310547
166.50999450683594
166.50999450683594
166.52999877929688
166.60000610351562
166.4600067138672
166.49989318847656
166.57899475097656
166.5500030517578
166.52789306640625
166.55679321289062
166.6300048828125
166.55999755859375
166.5500030517578
166.52999877929688
166.52999877929688
166.5800018310547
166.57000732421875
166.6199951171875
166.63499450683594
166.57000732421875
166.57000732421875
166.61000061035156
166.6199951171875
166.53500366210938
166.510498046875
166.5500030517578
166.5500030517578
166.4600067138672
166.5500030517578
166.6199951171875
166.57000732421875
166.50999450683594
166.5
166.52999877929688
166.5800018310547
166.5749969482422
166.5334930419922
166.5399932861328
166.49000549316406
166.5
166.50999450683594
166.50999450683594
166.52999877929688
166.60000610351562
166.6439971923828
166.6699981689453
166.66000366210938
166.58999633789062
166.5800018310547
166.5
166.53500366210938
166.60560607910156
166.60040283203125
166.5615997314453
166.56979370117188
166.5500030517578
166.61000061035156
166.6999969482422
166.61000061035156
166.63999938964844
166.61000061035156
166.6199951171875
166.5800018310547
166.58999633789062
166.60000610351562
166.6199951171875
166.69000244140625
166.7449951171875
166.72000122070312
166.6699981689453
166.60499572753906
166.5312042236328
166.57000732421875
166.57000732421875
166.60000610351562
166.58999633789062
166.58770751953125
166.60000610351562
166.6300048828125
166.67999267578125
166.6699981689453
166.73500061035156
166.5800018310547
166.5800018310547
166.61000061035156
166.6999969482422
166.6199951171875
166.60499572753906
166.5644073486328
166.50999450683594
166.52000427246094
166.57000732421875
166.58999633789062
166.66000366210938
166.75
166.69000244140625
166.67999267578125
166.8177032470703
166.80999755859375
166.77000427246094
166.7689971923828
166.75
166.80999755859375
166.8466033935547
166.8000030517578
166.9199981689453
166.86000061035156
166.82899475097656
166.8300018310547
166.82000732421875
166.8000030517578
166.77000427246094
166.75999450683594
166.75
166.76100158691406
166.77499389648438
166.8350067138672
166.74000549316406
166.87289428710938
166.86000061035156
166.86000061035156
166.75
166.63999938964844
166.63999938964844
166.6300048828125
166.74000549316406
166.83999633789062
166.89999389648438
166.8397979736328
166.75999450683594
166.73500061035156
166.7050018310547
166.64999389648438
166.75999450683594
166.64999389648438
166.64999389648438
