81.85859680175781
81.93000030517578
81.69999694824219
81.86499786376953
81.9000015258789
81.76000213623047
81.55000305175781
81.58000183105469
81.5199966430664
81.47000122070312
81.51499938964844
81.4000015258789
81.30000305175781
81.31500244140625
81.5
81.44000244140625
81.40499877929688
81.44000244140625
81.37999725341797
81.5199966430664
81.49009704589844
81.55000305175781
81.52999877929688
81.57499694824219
81.58000183105469
81.66690063476562
81.61000061035156
81.75
81.72000122070312
81.7300033569336
81.86499786376953
81.875
81.8499984741211
81.8499984741211
81.69000244140625
81.6698989868164
81.63999938964844
81.58999633789062
81.61000061035156
81.62999725341797
81.66999816894531
81.69000244140625
81.62999725341797
81.63999938964844
81.66999816894531
81.70999908447266
81.69499969482422
81.69499969482422
81.69000244140625
81.76000213623047
81.86699676513672
81.86499786376953
81.93000030517578
81.95999908447266
81.95999908447266
81.87000274658203
81.80999755859375
81.79000091552734
81.84600067138672
81.7699966430664
81.79000091552734
81.77999877929688
81.79000091552734
81.88999938964844
81.8499984741211
81.81999969482422
81.83000183105469
81.91000366210938
81.91999816894531
81.93800354003906
81.97000122070312
81.87999725341797
81.7699966430664
81.76000213623047
81.88999938964844
81.8499984741211
81.88999938964844
81.86000061035156
81.86000061035156
81.91999816894531
81.8499984741211
81.85800170898438
81.83000183105469
81.83999633789062
81.82499694824219
81.80000305175781
81.80000305175781
81.83000183105469
81.7699966430664
81.83999633789062
81.87000274658203
81.94930267333984
81.93000030517578
81.95999908447266
81.99109649658203
81.98999786376953
82.04000091552734
82.06999969482422
82.00499725341797
81.9800033569336
82.01000213623047
81.99500274658203
81.99500274658203
81.99019622802734
81.94499969482422
81.88999938964844
81.87999725341797
81.83999633789062
81.87999725341797
81.87999725341797
81.87850189208984
81.86000061035156
81.88999938964844
81.8550033569336
81.8949966430664
81.89900207519531
81.88999938964844
81.8949966430664
81.91500091552734
81.93499755859375
81.91999816894531
81.9800033569336
81.95999908447266
81.96499633789062
81.96499633789062
82.0
81.95999908447266
81.94499969482422
82.0199966430664
82.0199966430664
82.07499694824219
82.0999984741211
82.12999725341797
82.16000366210938
82.18000030517578
82.16000366210938
82.20999908447266
82.16500091552734
82.13999938964844
82.08000183105469
82.06790161132812
82.05000305175781
82.1050033569336
82.11000061035156
82.12000274658203
82.13999938964844
82.12999725341797
82.12000274658203
82.19999694824219
82.19000244140625
82.11000061035156
82.0999984741211
82.1240005493164
82.11000061035156
82.13999938964844
82.06500244140625
82.08999633789062
82.0530014038086
82.02999877929688
82.04000091552734
82.01000213623047
82.06500244140625
82.0199966430664
82.02799987792969
82.05999755859375
82.01000213623047
82.01000213623047
82.0426025390625
81.98999786376953
82.02999877929688
82.05000305175781
82.03929901123047
82.04000091552734
82.08999633789062
82.13999938964844
82.17500305175781
82.19499969482422
82.09709930419922
82.08499908447266
82.05999755859375
82.08000183105469
82.02999877929688
82.0
82.02999877929688
82.06999969482422
82.09500122070312
82.07990264892578
82.08000183105469
82.05000305175781
82.06500244140625
82.08409881591797
82.08999633789062
82.03500366210938
82.05609893798828
82.04499816894531
82.09500122070312
82.06500244140625
82.05000305175781
82.02999877929688
82.08999633789062
82.11499786376953
82.09500122070312
82.0999984741211
82.09500122070312
82.08999633789062
82.08999633789062
82.08999633789062
82.0999984741211
82.0999984741211
82.08000183105469
82.12999725341797
82.15499877929688
82.16999816894531
82.12999725341797
82.0698013305664
82.02999877929688
82.08999633789062
82.16500091552734
82.125
82.13999938964844
82.12999725341797
82.1050033569336
82.0999984741211
82.07839965820312
82.04000091552734
82.05999755859375
82.02999877929688
82.01499938964844
82.06999969482422
82.06500244140625
82.11000061035156
82.08000183105469
82.07669830322266
82.07499694824219
82.06500244140625
82.05000305175781
82.06999969482422
82.08000183105469
82.04000091552734
82.05000305175781
82.0270004272461
82.0199966430664
82.01499938964844
81.9749984741211
81.98999786376953
82.01499938964844
82.01000213623047
82.01499938964844
82.01499938964844
82.01000213623047
82.01499938964844
82.02999877929688
82.05000305175781
82.08499908447266
82.09500122070312
82.12000274658203
82.1449966430664
82.11000061035156
82.08000183105469
82.08499908447266
82.05000305175781
82.05500030517578
82.05500030517578
82.08000183105469
82.05000305175781
82.05500030517578
82.05799865722656
82.05500030517578
82.06500244140625
82.04499816894531
82.0250015258789
82.01499938964844
82.02940368652344
82.01499938964844
82.05500030517578
82.08499908447266
82.05000305175781
82.06500244140625
82.08799743652344
82.09989929199219
82.08499908447266
82.06999969482422
82.08499908447266
82.05999755859375
82.07499694824219
82.05500030517578
82.01499938964844
82.03500366210938
82.1449966430664
82.1500015258789
82.19499969482422
82.13500213623047
82.1050033569336
82.07499694824219
82.08650207519531
82.09500122070312
82.07319641113281
82.08499908447266
82.0333023071289
82.0250015258789
82.0
82.00499725341797
82.00499725341797
82.00499725341797
81.99169921875
82.00499725341797
82.01499938964844
81.9906997680664
82.0
81.98999786376953
82.0
81.99199676513672
82.0250015258789
82.06500244140625
82.04499816894531
82.07499694824219
82.05000305175781
82.04499816894531
82.04499816894531
82.04499816894531
82.04499816894531
82.03009796142578
82.02999877929688
82.03189849853516
82.04000091552734
82.03269958496094
82.03500366210938
82.04499816894531
82.02999877929688
82.0250015258789
82.0250015258789
82.0
82.0250015258789
81.9800033569336
82.00250244140625
81.99199676513672
82.0
82.00399780273438
81.99500274658203
82.0
82.00499725341797
82.0
82.0
81.99500274658203
81.94499969482422
81.9800033569336
81.98780059814453
82.00499725341797
81.98590087890625
81.9800033569336
81.98999786376953
82.0
81.9800033569336
81.99310302734375
81.99500274658203
82.00499725341797
81.98500061035156
81.96499633789062
81.98999786376953
81.98999786376953
81.98999786376953
81.9800033569336
81.9832992553711
81.96499633789062
81.95500183105469
82.01000213623047
82.0
82.0
81.96499633789062
81.91000366210938
81.92500305175781
81.9800033569336
82.0145034790039
82.01499938964844
82.01000213623047
82.00499725341797
82.0
81.98999786376953
82.01249694824219
82.01000213623047
82.02999877929688
82.0
81.95999908447266
81.94999694824219
81.96150207519531
81.96690368652344
81.95999908447266
82.0
82.01499938964844
82.0199966430664
82.01000213623047
82.0250015258789
82.01000213623047
81.98999786376953
82.01499938964844
81.96499633789062
81.95999908447266
81.95999908447266
81.97000122070312
81.98500061035156
81.9800033569336
81.97979736328125
81.98500061035156
82.0
82.00499725341797
81.98999786376953
81.94000244140625
81.9800033569336
82.0
81.9800033569336
82.0
81.98999786376953
82.01000213623047
82.0093002319336
82.00499725341797
81.98500061035156
81.99500274658203
82.01000213623047
81.98500061035156
81.98999786376953
82.0
82.0
81.98500061035156
82.00499725341797
81.96299743652344
81.9800033569336
82.00499725341797
81.99189758300781
82.04000091552734
82.04000091552734
82.06500244140625
82.05500030517578
82.06500244140625
82.06500244140625
82.05500030517578
82.03500366210938
82.04499816894531
82.03500366210938
82.00499725341797
82.0250015258789
82.05000305175781
82.01000213623047
82.04499816894531
82.04499816894531
82.0250015258789
82.0199966430664
81.9749984741211
81.9749984741211
81.95999908447266
82.00499725341797
82.01000213623047
81.98999786376953
82.0
82.01499938964844
81.98500061035156
81.9800033569336
82.0
82.01399993896484
81.99150085449219
82.02999877929688
82.04499816894531
82.043701171875
82.04499816894531
82.06999969482422
82.05999755859375
82.0999984741211
82.11499786376953
82.08000183105469
82.07499694824219
82.08499908447266
82.07499694824219
82.06279754638672
82.04540252685547
82.04499816894531
82.06770324707031
82.05999755859375
82.04010009765625
82.0199966430664
82.0199966430664
82.03500366210938
82.01499938964844
82.05999755859375
82.08000183105469
82.08499908447266
82.05500030517578
82.0250015258789
82.04399871826172
82.06500244140625
82.06500244140625
82.05500030517578
82.0718002319336
82.05500030517578
82.05500030517578
82.08499908447266
82.07499694824219
82.07499694824219
82.09500122070312
82.09500122070312
82.08000183105469
82.05500030517578
82.0250015258789
82.04000091552734
82.04000091552734
82.01499938964844
82.02909851074219
82.01499938964844
81.99500274658203
81.98500061035156
82.00499725341797
82.0250015258789
82.03500366210938
82.04000091552734
82.05500030517578
82.06500244140625
82.04499816894531
82.02999877929688
82.01000213623047
82.00499725341797
82.01000213623047
82.00499725341797
82.01000213623047
82.0
82.00749969482422
82.01000213623047
82.01499938964844
82.02999877929688
82.01100158691406
82.04000091552734
82.01499938964844
82.01000213623047
82.01000213623047
82.00499725341797
82.01200103759766
82.0250015258789
82.02249908447266
82.04499816894531
82.04000091552734
82.03500366210938
82.0250015258789
82.01499938964844
82.00499725341797
82.0250015258789
82.03500366210938
82.09919738769531
82.06800079345703
82.08499908447266
82.08499908447266
82.0999984741211
82.12999725341797
82.0999984741211
82.09500122070312
82.1050033569336
82.05999755859375
82.05500030517578
82.08999633789062
82.09989929199219
82.08499908447266
82.09040069580078
82.09500122070312
82.12999725341797
82.13999938964844
82.13999938964844
82.13999938964844
82.1449966430664
82.125
82.13999938964844
82.11000061035156
82.11589813232422
82.06999969482422
82.01000213623047
82.05500030517578
82.05999755859375
82.02010345458984
82.04499816894531
82.01000213623047
82.01000213623047
82.01499938964844
82.01000213623047
82.0
82.00499725341797
82.03500366210938
82.01170349121094
82.01000213623047
82.00499725341797
82.01499938964844
82.03500366210938
82.04000091552734
82.1050033569336
82.13999938964844
82.16500091552734
82.125
82.1449966430664
82.19000244140625
82.16999816894531
82.22000122070312
82.18499755859375
82.28500366210938
82.23500061035156
82.19499969482422
82.19499969482422
82.18499755859375
82.16000366210938
82.12999725341797
82.1050033569336
82.08499908447266
82.1050033569336
82.05000305175781
82.05500030517578
82.05500030517578
82.0199966430664
81.95999908447266
81.95999908447266
81.94999694824219
81.94999694824219
82.0
82.0
