309.6000061035156
309.18011474609375
309.239990234375
309.19000244140625
309.7900085449219
310.25
311.29998779296875
311.2749938964844
311.1499938964844
310.9800109863281
311.5400085449219
311.54998779296875
311.8800048828125
312.2699890136719
311.7799987792969
311.6449890136719
311.6099853515625
311.3500061035156
311.10009765625
311.32000732421875
311.1474914550781
310.8399963378906
310.864990234375
310.7699890136719
311.32000732421875
311.32000732421875
311.17999267578125
310.80999755859375
310.75
310.80670166015625
310.3009948730469
310.5799865722656
311.1814880371094
311.4389953613281
311.82818603515625
314.72711181640625
314.79998779296875
314.82000732421875
314.7699890136719
314.8900146484375
314.989990234375
314.8999938964844
314.6050109863281
314.05999755859375
314.05999755859375
313.94000244140625
313.9599914550781
314.01361083984375
313.6492004394531
314.1669921875
314.4800109863281
314.7572021484375
314.19000244140625
313.93060302734375
313.3800048828125
313.20001220703125
313.0150146484375
313.239990234375
313.2749938964844
313.4200134277344
313.0150146484375
312.8399963378906
313.1400146484375
313.7298889160156
313.8995056152344
313.5199890136719
313.1099853515625
312.82501220703125
312.60040283203125
312.2618103027344
312.2099914550781
312.19000244140625
312.44500732421875
312.1000061035156
311.91790771484375
311.9798889160156
312.0400085449219
312.409912109375
312.6202087402344
312.5199890136719
312.5
312.57000732421875
312.7099914550781
312.5899963378906
312.760009765625
312.75
312.4700012207031
312.54998779296875
312.3699951171875
312.20001220703125
312.04998779296875
312.1903076171875
312.9100036621094
312.82000732421875
313.07000732421875
313.1000061035156
313.2799987792969
312.8901062011719
312.80999755859375
312.6200866699219
312.60009765625
312.7698974609375
312.90899658203125
313.06500244140625
312.9949951171875
313.31500244140625
313.44000244140625
312.95001220703125
312.9100036621094
312.489990234375
312.6199951171875
312.885009765625
312.93890380859375
313.0299987792969
312.95001220703125
312.79998779296875
312.4100036621094
312.2099914550781
312.0445861816406
312.0
312.1000061035156
312.1000061035156
312.1716003417969
312.2349853515625
312.2300109863281
312.30499267578125
312.0400085449219
312.17999267578125
312.4200134277344
311.8114013671875
311.57000732421875
311.4544982910156
311.3500061035156
311.1600036621094
311.2099914550781
311.2799987792969
311.3800048828125
311.29998779296875
311.5400085449219
311.3999938964844
310.9849853515625
311.1000061035156
311.1383056640625
310.95001220703125
310.7300109863281
310.489990234375
310.5400085449219
310.51300048828125
310.5400085449219
310.5199890136719
310.1499938964844
309.9949951171875
310.11279296875
309.9150085449219
310.0
309.8800048828125
309.94000244140625
310.3800048828125
310.30999755859375
310.0899963378906
310.17999267578125
310.75
310.5899963378906
310.44000244140625
310.510009765625
310.510009765625
310.55999755859375
310.57000732421875
310.7200927734375
310.739990234375
310.6499938964844
310.69000244140625
310.6700134277344
311.1000061035156
310.8800048828125
310.260009765625
310.5799865722656
310.44000244140625
310.260009765625
310.0419921875
310.2900085449219
310.293212890625
310.2200012207031
310.510009765625
310.4197082519531
310.32000732421875
310.5780029296875
310.17999267578125
310.0299987792969
310.1499938964844
310.1719970703125
309.9356994628906
309.7900085449219
309.9606018066406
309.95001220703125
310.07000732421875
310.081298828125
309.8800048828125
309.75
309.760009765625
309.92498779296875
310.010009765625
309.739990234375
310.0199890136719
309.8800048828125
310.1499938964844
310.2900085449219
310.1499938964844
310.20001220703125
310.02178955078125
310.2900085449219
310.2950134277344
310.3399963378906
310.45001220703125
310.4898986816406
310.5199890136719
310.7598876953125
310.6542053222656
310.4700012207031
310.55999755859375
310.5
310.6099853515625
310.9700012207031
311.0899963378906
310.9200134277344
311.08099365234375
310.9700012207031
310.8699951171875
310.72900390625
310.8100891113281
310.9100036621094
311.0199890136719
311.1050109863281
311.0299987792969
311.1770935058594
311.2099914550781
311.3599853515625
311.3500061035156
311.30999755859375
311.610107421875
311.72650146484375
312.0
311.8900146484375
311.78009033203125
311.6700134277344
311.7337951660156
311.82000732421875
311.7900085449219
311.989990234375
311.80499267578125
311.8299865722656
311.6260986328125
311.6400146484375
311.8699951171875
311.4049987792969
311.220703125
311.260009765625
311.05999755859375
311.17999267578125
311.2099914550781
311.32501220703125
311.2900085449219
311.4200134277344
311.2699890136719
311.2449951171875
311.17999267578125
311.0616149902344
311.1805114746094
311.2049865722656
311.2900085449219
311.260009765625
311.02130126953125
311.1405944824219
310.8349914550781
310.9132080078125
310.6300048828125
310.80999755859375
310.96990966796875
310.94000244140625
311.0166931152344
311.1099853515625
311.1701965332031
311.25
311.3500061035156
311.1600036621094
311.04998779296875
311.12921142578125
311.19989013671875
311.3673095703125
311.4800109863281
311.5199890136719
311.54998779296875
311.6499938964844
311.6400146484375
311.6199951171875
311.69000244140625
311.739990234375
311.8500061035156
311.7799987792969
311.80999755859375
312.17999267578125
312.2349853515625
312.3500061035156
312.4460144042969
312.42999267578125
312.45001220703125
312.30999755859375
312.1650085449219
312.0625915527344
312.1099853515625
312.07000732421875
312.125
312.1199951171875
312.19000244140625
312.3299865722656
312.3399963378906
312.20001220703125
312.20001220703125
312.2900085449219
312.38018798828125
312.364990234375
312.57000732421875
312.69000244140625
312.6600036621094
312.6199951171875
312.44000244140625
312.4200134277344
312.38128662109375
312.32501220703125
312.3349914550781
312.0804138183594
311.95001220703125
311.75
312.0
312.1199951171875
312.19500732421875
312.0899963378906
312.2099914550781
312.0299987792969
311.8599853515625
311.4927062988281
311.69000244140625
311.6099853515625
311.7099914550781
311.6689147949219
311.57000732421875
311.6700134277344
311.6700134277344
311.8550109863281
311.8312072753906
311.79998779296875
311.864990234375
311.760009765625
311.5400085449219
311.3299865722656
311.510009765625
311.3900146484375
311.3800048828125
311.45989990234375
311.3699951171875
311.4700012207031
311.5899963378906
311.6499938964844
311.1600036621094
311.3349914550781
311.44000244140625
311.22900390625
311.39990234375
311.0400085449219
310.9800109863281
311.0299987792969
311.2699890136719
311.2900085449219
311.2449951171875
311.2799987792969
311.4800109863281
311.4400939941406
311.4100036621094
311.3299865722656
311.4200134277344
311.4071960449219
311.65899658203125
311.5299987792969
311.6401062011719
311.5849914550781
311.6199951171875
311.4649963378906
311.5799865722656
311.80999755859375
311.9599914550781
312.0299987792969
311.9049987792969
311.92498779296875
312.0199890136719
312.1600036621094
311.7699890136719
311.8500061035156
311.9200134277344
311.9800109863281
312.1650085449219
311.94110107421875
311.82000732421875
311.69000244140625
311.5899963378906
311.45001220703125
311.4750061035156
311.1000061035156
311.2149963378906
311.2099914550781
311.260009765625
311.4200134277344
311.6199951171875
311.5
311.5
311.6400146484375
311.4599914550781
311.42999267578125
311.5199890136719
311.7650146484375
311.69000244140625
311.7499084472656
311.6700134277344
311.6400146484375
311.8200988769531
311.6499938964844
311.7650146484375
311.7698059082031
311.93011474609375
312.17999267578125
312.1449890136719
312.160400390625
312.1733093261719
311.7799987792969
311.82000732421875
311.75
311.739990234375
311.75
311.8673095703125
312.1199951171875
312.1698913574219
312.1499938964844
312.17999267578125
311.7001037597656
311.82000732421875
311.8699951171875
311.80999755859375
311.6195068359375
311.5799865722656
311.3900146484375
311.4649963378906
311.4599914550781
311.6075134277344
311.75
312.07000732421875
312.0799865722656
311.94000244140625
311.95001220703125
311.9150085449219
311.739990234375
311.7900085449219
311.8349914550781
311.7200012207031
311.7699890136719
311.3475036621094
311.80999755859375
312.0299987792969
312.010009765625
312.0799865722656
312.1000061035156
312.1099853515625
312.04998779296875
312.19000244140625
312.04998779296875
312.0249938964844
311.8500061035156
312.0903015136719
312.0150146484375
312.3500061035156
312.6300048828125
312.625
312.53851318359375
312.4685974121094
312.2550048828125
312.260009765625
312.2101135253906
312.1099853515625
312.4649963378906
312.51959228515625
312.6300048828125
312.6600036621094
312.70001220703125
312.5299987792969
312.5150146484375
312.6034851074219
312.75
312.5
312.6000061035156
312.55999755859375
312.8299865722656
312.7850036621094
312.9800109863281
312.989990234375
313.1400146484375
313.04998779296875
312.95001220703125
312.9700012207031
313.0082092285156
312.9281921386719
312.9200134277344
313.1700134277344
313.0400085449219
312.7650146484375
312.8299865722656
312.82000732421875
312.8999938964844
312.6700134277344
312.7300109863281
312.7200012207031
312.7170104980469
312.510009765625
312.61920166015625
312.3778076171875
312.42498779296875
312.30499267578125
312.55999755859375
312.9100036621094
312.9100036621094
312.6914978027344
312.7250061035156
312.4700012207031
312.55999755859375
312.510009765625
312.54998779296875
312.60528564453125
312.67999267578125
312.5199890136719
312.6650085449219
312.7349853515625
313.1499938964844
312.8999938964844
312.9649963378906
312.91729736328125
312.8999938964844
312.8599853515625
312.95001220703125
313.05999755859375
313.1199951171875
313.260009765625
313.3389892578125
313.5
313.65771484375
313.3800048828125
313.239990234375
313.1600036621094
313.2886962890625
313.2300109863281
313.0400085449219
313.1700134277344
313.3599853515625
313.44500732421875
313.4549865722656
313.6449890136719
313.0903015136719
312.8500061035156
312.8900146484375
313.2300109863281
313.2799987792969
313.18499755859375
313.19989013671875
313.3599853515625
313.04998779296875
313.19000244140625
313.4200134277344
313.4399108886719
313.5
313.1099853515625
313.28009033203125
313.55999755859375
313.375
313.32501220703125
313.2200012207031
313.2699890136719
313.44000244140625
313.510009765625
313.2699890136719
313.3999938964844
313.30999755859375
313.4100036621094
313.17999267578125
313.2699890136719
313.3399963378906
313.2699890136719
313.4436950683594
313.3699951171875
313.3399963378906
313.3500061035156
313.45001220703125
313.2749938964844
313.2349853515625
313.29998779296875
313.0799865722656
312.739990234375
312.739990234375
313.0249938964844
313.0
313.02801513671875
313.6700134277344
313.9599914550781
313.95001220703125
313.489990234375
313.5830993652344
313.42999267578125
313.42999267578125
313.4599914550781
313.4599914550781
313.4599914550781
