148.97999572753906
149.17999267578125
148.9550018310547
149.35000610351562
149.16000366210938
148.86000061035156
148.65499877929688
148.50999450683594
148.52000427246094
148.76199340820312
148.83990478515625
148.75999450683594
148.6999969482422
148.8699951171875
148.75999450683594
148.75999450683594
148.75999450683594
148.97000122070312
148.61000061035156
148.55999755859375
148.36000061035156
148.3831024169922
148.52000427246094
148.66000366210938
148.61000061035156
148.47999572753906
148.33799743652344
148.4199981689453
148.4499969482422
148.35000610351562
148.35000610351562
148.5800018310547
148.55999755859375
148.50999450683594
148.47000122070312
148.9250030517578
148.8300018310547
148.86000061035156
148.8990020751953
148.81500244140625
148.60499572753906
148.61000061035156
148.6649932861328
148.55499267578125
148.52999877929688
148.75999450683594
148.80499267578125
148.8699951171875
148.6199951171875
148.4600067138672
148.52499389648438
148.58999633789062
148.42999267578125
148.4600067138672
148.2899932861328
148.42999267578125
148.25
148.35000610351562
148.6199951171875
148.57000732421875
148.34500122070312
148.34100341796875
148.21560668945312
148.5
148.49009704589844
148.5399932861328
148.42999267578125
148.3699951171875
148.13999938964844
148.06500244140625
148.16000366210938
148.0399932861328
148.11000061035156
148.0399932861328
148.00999450683594
148.00999450683594
147.8802032470703
147.99000549316406
148.0500030517578
148.02499389648438
148.25
148.2050018310547
148.27000427246094
148.22500610351562
148.1999969482422
148.1999969482422
148.25
148.4199981689453
148.25990295410156
148.16000366210938
148.27999877929688
148.32000732421875
148.58999633789062
148.5
148.4199981689453
148.4199981689453
148.47999572753906
148.3448944091797
148.33999633789062
148.27999877929688
148.19500732421875
148.2050018310547
148.3350067138672
148.3800048828125
148.30999755859375
148.47999572753906
148.50999450683594
148.39999389648438
148.3350067138672
148.2949981689453
148.39500427246094
148.44000244140625
148.52999877929688
148.5749969482422
148.5343017578125
148.47500610351562
148.36000061035156
148.3000030517578
148.1999969482422
148.2100067138672
148.16000366210938
148.24000549316406
148.11000061035156
148.11000061035156
148.21249389648438
148.3000030517578
148.1999969482422
148.27000427246094
148.3800048828125
148.27999877929688
148.22500610351562
148.3249969482422
148.32290649414062
148.25999450683594
148.24000549316406
148.15499877929688
148.22500610351562
148.19500732421875
148.27999877929688
148.22500610351562
148.1300048828125
148.10000610351562
148.0800018310547
148.13999938964844
148.02000427246094
148.00999450683594
148.125
148.0959930419922
148.2100067138672
148.15089416503906
147.92999267578125
147.92999267578125
147.89999389648438
147.85000610351562
147.77999877929688
147.97000122070312
148.0
148.00999450683594
147.92999267578125
147.89999389648438
147.97000122070312
148.05999755859375
148.0
147.93499755859375
147.97999572753906
147.9600067138672
147.99879455566406
147.99000549316406
147.91000366210938
147.93499755859375
148.02999877929688
147.97000122070312
147.99000549316406
147.99000549316406
148.0
147.9499969482422
148.0399932861328
147.97999572753906
147.91000366210938
147.84500122070312
147.91000366210938
147.92999267578125
147.86500549316406
147.88999938964844
147.88999938964844
147.89999389648438
147.90919494628906
147.85000610351562
147.7899932861328
147.75
147.69000244140625
147.69000244140625
147.63999938964844
147.64999389648438
147.6300048828125
147.69000244140625
147.69000244140625
147.60000610351562
147.61000061035156
147.58999633789062
147.5800018310547
147.5605010986328
147.58999633789062
147.7949981689453
147.82000732421875
147.97850036621094
147.97999572753906
147.86000061035156
147.89999389648438
147.85000610351562
147.9499969482422
147.94000244140625
147.86500549316406
147.8800048828125
147.83999633789062
147.88999938964844
147.89999389648438
147.78500366210938
147.77999877929688
147.77000427246094
147.72999572753906
147.77499389648438
147.8300018310547
147.8350067138672
147.80499267578125
147.89959716796875
147.80499267578125
147.72999572753906
147.80999755859375
147.85000610351562
147.8800048828125
148.02000427246094
148.0
147.97000122070312
148.10000610351562
148.1199951171875
148.1699981689453
148.13999938964844
148.1699981689453
148.3896026611328
148.39999389648438
148.42999267578125
148.40499877929688
148.36500549316406
148.39999389648438
148.49200439453125
148.4949951171875
148.5
148.4980010986328
148.47999572753906
148.47999572753906
148.4600067138672
148.51499938964844
148.5749969482422
148.57000732421875
148.4600067138672
148.52999877929688
148.47999572753906
148.5500030517578
148.63999938964844
148.6199951171875
148.57000732421875
148.57000732421875
148.55999755859375
148.51499938964844
148.56500244140625
148.50999450683594
148.55999755859375
148.53500366210938
148.5800018310547
148.56809997558594
148.56500244140625
148.55499267578125
148.47000122070312
148.55999755859375
148.5500030517578
148.64999389648438
148.71499633789062
148.8000030517578
148.75
148.76499938964844
148.72000122070312
148.7449951171875
148.74139404296875
148.7100067138672
148.72500610351562
148.72999572753906
148.6750030517578
148.69000244140625
148.76499938964844
148.75999450683594
148.6699981689453
148.7050018310547
148.71499633789062
148.72000122070312
148.6999969482422
148.72999572753906
148.7100067138672
148.68499755859375
148.74000549316406
148.75
148.7550048828125
148.80999755859375
148.8699951171875
148.8350067138672
148.81500244140625
148.75999450683594
148.77499389648438
148.75999450683594
148.77999877929688
148.76800537109375
148.75999450683594
148.7686004638672
148.77000427246094
148.75
148.75999450683594
148.74000549316406
148.7698974609375
148.75999450683594
148.75
148.72999572753906
148.77000427246094
148.7899932861328
148.82000732421875
148.77999877929688
148.72999572753906
148.77000427246094
148.77609252929688
148.78500366210938
148.76499938964844
148.7050018310547
148.75999450683594
148.7100067138672
148.75
148.7550048828125
148.75999450683594
148.6999969482422
148.7050018310547
148.6999969482422
148.63999938964844
148.6300048828125
148.6999969482422
148.67999267578125
148.6999969482422
148.66000366210938
148.6699981689453
148.63250732421875
148.6300048828125
148.74000549316406
148.77000427246094
148.75
148.75999450683594
148.74000549316406
148.73500061035156
148.6999969482422
148.6999969482422
148.6999969482422
148.6999969482422
148.66000366210938
148.6750030517578
148.74000549316406
148.75999450683594
148.75999450683594
148.67999267578125
148.75999450683594
148.72999572753906
148.69000244140625
148.64999389648438
148.57000732421875
148.52000427246094
148.60000610351562
148.5050048828125
148.5500030517578
148.5800018310547
148.5800018310547
148.58999633789062
148.5749969482422
148.6199951171875
148.58999633789062
148.57000732421875
148.5500030517578
148.6649932861328
148.625
148.64999389648438
148.64500427246094
148.6649932861328
148.65499877929688
148.67999267578125
148.74000549316406
148.75999450683594
148.75999450683594
148.73500061035156
148.72000122070312
148.6999969482422
148.75999450683594
148.67999267578125
148.63999938964844
148.64999389648438
148.63999938964844
148.72500610351562
148.69000244140625
148.66000366210938
148.68960571289062
148.6300048828125
148.57000732421875
148.57000732421875
148.52999877929688
148.5500030517578
148.47999572753906
148.47999572753906
148.52999877929688
148.55999755859375
148.5
148.55999755859375
148.55999755859375
148.52999877929688
148.5
148.55999755859375
148.57000732421875
148.5500030517578
148.57000732421875
148.5399932861328
148.61000061035156
148.55999755859375
148.6699981689453
148.6999969482422
148.6649932861328
148.7100067138672
148.6999969482422
148.6999969482422
148.72999572753906
148.72500610351562
148.5800018310547
148.5800018310547
148.6199951171875
148.60000610351562
148.58999633789062
148.61000061035156
148.64999389648438
148.72000122070312
148.6999969482422
148.69459533691406
148.6199951171875
148.6199951171875
148.6649932861328
148.61000061035156
148.59249877929688
148.56500244140625
148.5299072265625
148.55999755859375
148.5399932861328
148.5399932861328
148.59500122070312
148.57000732421875
148.50999450683594
148.42999267578125
148.47000122070312
148.5019989013672
148.63999938964844
148.61000061035156
148.65499877929688
148.64999389648438
148.63999938964844
148.57000732421875
148.64999389648438
148.70750427246094
148.6923065185547
148.61500549316406
148.6199951171875
148.6699981689453
148.69000244140625
148.75999450683594
148.73500061035156
148.7799072265625
148.72000122070312
148.77000427246094
148.75
148.77999877929688
148.7899932861328
148.79220581054688
148.7899932861328
148.8300018310547
148.77499389648438
148.82000732421875
148.75
148.7100067138672
148.8300018310547
148.85000610351562
148.8800048828125
148.8699951171875
148.82000732421875
148.7899932861328
148.80999755859375
148.77999877929688
148.80499267578125
148.7899932861328
148.78379821777344
148.7899932861328
148.85000610351562
148.8300018310547
148.90499877929688
148.9550018310547
148.97500610351562
148.9600067138672
148.89999389648438
148.94000244140625
149.0
148.97999572753906
149.0
149.02999877929688
149.05499267578125
148.9949951171875
148.9600067138672
148.97000122070312
149.02999877929688
148.9499969482422
148.9499969482422
148.9600067138672
148.9134063720703
148.89999389648438
148.83009338378906
148.80499267578125
148.8699951171875
148.7700958251953
148.875
148.89019775390625
148.9949951171875
148.91000366210938
148.91000366210938
148.82000732421875
148.7899932861328
148.83999633789062
148.8300018310547
148.74000549316406
148.7449951171875
148.67999267578125
148.77999877929688
148.8343963623047
148.8699951171875
148.8699951171875
148.8800048828125
148.875
148.85870361328125
148.9199981689453
148.92999267578125
149.02999877929688
149.05999755859375
149.1199951171875
149.1199951171875
149.13499450683594
149.13999938964844
149.0
148.97999572753906
148.875
148.88999938964844
148.91000366210938
148.8249969482422
148.93380737304688
148.93499755859375
148.9600067138672
148.97500610351562
148.9398956298828
148.72000122070312
148.6999969482422
148.6999969482422
148.72000122070312
148.66000366210938
148.67999267578125
148.64999389648438
148.6300048828125
148.67999267578125
148.75999450683594
148.7899932861328
148.85499572753906
148.9149932861328
148.7899932861328
148.8800048828125
148.92999267578125
148.88999938964844
148.89999389648438
148.80999755859375
148.84500122070312
148.8699951171875
148.8699951171875
148.8699951171875
148.88999938964844
148.86000061035156
148.88999938964844
148.8350067138672
148.80999755859375
148.84829711914062
148.77999877929688
148.8699951171875
148.85000610351562
148.8800048828125
148.85699462890625
148.92999267578125
148.88499450683594
148.86000061035156
148.88999938964844
148.83999633789062
148.73330688476562
148.6699981689453
148.67999267578125
148.7100067138672
148.69000244140625
148.83999633789062
148.8800048828125
148.89999389648438
148.77999877929688
148.82000732421875
148.8000030517578
148.76499938964844
148.72999572753906
148.72000122070312
148.72000122070312
