160.1999969482422
160.3699951171875
160.2899932861328
160.38999938964844
160.27499389648438
160.16000366210938
160.05999755859375
159.72000122070312
159.7449951171875
159.91000366210938
159.60009765625
159.5800018310547
159.7949981689453
159.92999267578125
160.4199981689453
160.6699981689453
160.8000030517578
161.01040649414062
160.97000122070312
160.8699951171875
160.80499267578125
160.88999938964844
160.85499572753906
160.6999969482422
160.9949951171875
161.02000427246094
161.08999633789062
161.16400146484375
161.17999267578125
161.25149536132812
161.2449951171875
161.2899932861328
161.36000061035156
161.1999969482422
161.1999969482422
161.1199951171875
161.1486053466797
161.17999267578125
161.0
160.88999938964844
160.8800048828125
160.86000061035156
160.76759338378906
160.76499938964844
160.67999267578125
160.75880432128906
160.7100067138672
160.69000244140625
160.71499633789062
160.77999877929688
160.8800048828125
160.8000030517578
161.0
160.9499969482422
160.86000061035156
160.72000122070312
160.64999389648438
160.63999938964844
160.52499389648438
160.4517059326172
160.49000549316406
160.4499969482422
160.55999755859375
160.47000122070312
160.47000122070312
160.4600067138672
160.51400756835938
160.48500061035156
160.5399932861328
160.63999938964844
160.77999877929688
160.72999572753906
160.60000610351562
160.60000610351562
160.60000610351562
160.6300048828125
160.63999938964844
160.6199951171875
160.64999389648438
160.64999389648438
160.52000427246094
160.48129272460938
160.4199981689453
160.435302734375
160.42999267578125
160.5
160.57000732421875
160.51870727539062
160.51499938964844
160.6649932861328
160.64999389648438
160.67999267578125
160.72000122070312
160.81520080566406
160.80499267578125
160.80499267578125
160.7899932861328
160.81910705566406
160.91000366210938
160.8802032470703
160.8800048828125
160.92999267578125
160.90240478515625
160.86000061035156
160.8000030517578
160.74000549316406
160.80999755859375
160.7899932861328
160.8000030517578
160.8654022216797
160.8800048828125
160.98199462890625
160.9199981689453
160.9199981689453
160.83999633789062
160.92999267578125
160.88999938964844
160.9250030517578
160.99000549316406
160.90499877929688
160.85000610351562
160.92999267578125
160.8300018310547
160.8300018310547
160.83670043945312
160.80999755859375
160.82000732421875
160.85000610351562
160.83999633789062
160.77999877929688
160.9199981689453
160.94000244140625
160.99000549316406
160.97999572753906
161.0500030517578
160.94000244140625
161.00999450683594
161.11000061035156
161.1490936279297
161.1300048828125
161.25010681152344
161.35000610351562
161.3699951171875
161.27000427246094
161.2657928466797
161.33999633789062
161.5800018310547
161.5850067138672
161.50999450683594
161.5800018310547
161.64999389648438
161.60000610351562
161.63499450683594
161.625
161.63999938964844
161.6999969482422
161.66000366210938
161.60000610351562
161.72000122070312
161.7100067138672
161.6699981689453
161.69000244140625
161.63999938964844
161.66000366210938
161.75
161.75999450683594
161.6999969482422
161.67999267578125
161.69000244140625
161.718994140625
161.72000122070312
161.7100067138672
161.7100067138672
161.6999969482422
161.75999450683594
161.8300018310547
161.8125
161.85000610351562
161.77999877929688
161.60000610351562
161.60000610351562
161.697998046875
161.6699981689453
161.64999389648438
161.6999969482422
161.6999969482422
161.69000244140625
161.77999877929688
161.74000549316406
161.72000122070312
161.8000030517578
161.85000610351562
161.75140380859375
161.80999755859375
161.8300018310547
161.9199981689453
161.91000366210938
161.8699951171875
161.9600067138672
161.97000122070312
162.00999450683594
161.97000122070312
162.07000732421875
162.10499572753906
162.1300048828125
162.18499755859375
162.17999267578125
162.1905975341797
162.22999572753906
162.27000427246094
162.0800018310547
162.05999755859375
162.05999755859375
162.02000427246094
161.97999572753906
162.02000427246094
162.0500030517578
162.00599670410156
162.0399932861328
162.05999755859375
161.97000122070312
161.9499969482422
161.8699951171875
161.8520050048828
161.7449951171875
161.72999572753906
161.6649932861328
161.6999969482422
161.77999877929688
161.8300018310547
161.8699951171875
161.88999938964844
161.89999389648438
161.8939971923828
161.9199981689453
161.85000610351562
161.7949981689453
161.7899932861328
161.7899932861328
161.8300018310547
161.8300018310547
161.8101043701172
161.82000732421875
161.77000427246094
161.75
161.72259521484375
161.75430297851562
161.77000427246094
161.77999877929688
161.75
161.69000244140625
161.72000122070312
161.7100067138672
161.72000122070312
161.75
161.75
161.7100067138672
161.67999267578125
161.63999938964844
161.6300048828125
161.60499572753906
161.60000610351562
161.610107421875
161.61900329589844
161.6199951171875
161.6300048828125
161.6719970703125
161.74000549316406
161.75999450683594
161.727294921875
161.72000122070312
161.61500549316406
161.6699981689453
161.75999450683594
161.77000427246094
161.6999969482422
161.66000366210938
161.64999389648438
161.6699981689453
161.72999572753906
161.72979736328125
161.75010681152344
161.7899932861328
161.80999755859375
161.8000030517578
161.79600524902344
161.82000732421875
161.86000061035156
161.85000610351562
161.75999450683594
161.8000030517578
161.7100067138672
161.7032928466797
161.72000122070312
161.75
161.7523956298828
161.77960205078125
161.75999450683594
161.7100067138672
161.72000122070312
161.74000549316406
161.74000549316406
161.6199951171875
161.7050018310547
161.67379760742188
161.7248992919922
161.67999267578125
161.72000122070312
161.72000122070312
161.72999572753906
161.72999572753906
161.72500610351562
161.72500610351562
161.72999572753906
161.71600341796875
161.72000122070312
161.72999572753906
161.75999450683594
161.8000030517578
161.78500366210938
161.7899932861328
161.81199645996094
161.7899932861328
161.81419372558594
161.8101043701172
161.88999938964844
161.9199981689453
161.88999938964844
161.94000244140625
162.0
161.94000244140625
161.92999267578125
162.02000427246094
161.94000244140625
161.9199981689453
161.88499450683594
161.91000366210938
161.9499969482422
161.9600067138672
161.99000549316406
162.00999450683594
162.0800018310547
162.0800018310547
162.02000427246094
162.02000427246094
162.03500366210938
162.10000610351562
162.11000061035156
162.11500549316406
162.02999877929688
161.9600067138672
161.97000122070312
161.9199981689453
161.9149932861328
161.8350067138672
161.8000030517578
161.77000427246094
161.74000549316406
161.77000427246094
161.75
161.7321014404297
161.7899932861328
161.85000610351562
161.85499572753906
161.86000061035156
161.85000610351562
161.83999633789062
161.86000061035156
161.8000030517578
161.67999267578125
161.73500061035156
161.8070068359375
161.81500244140625
161.85499572753906
161.8800048828125
161.89999389648438
161.89999389648438
161.86000061035156
161.85499572753906
161.8699951171875
161.9105987548828
161.9199981689453
161.89999389648438
161.92999267578125
161.88870239257812
161.89999389648438
161.9499969482422
161.9600067138672
161.99139404296875
161.99090576171875
162.0
161.97999572753906
161.91470336914062
161.9199981689453
161.9199981689453
161.9499969482422
161.99000549316406
161.91000366210938
161.91000366210938
161.92999267578125
161.83999633789062
161.88999938964844
161.9040069580078
161.8800048828125
161.9199981689453
161.90899658203125
161.80999755859375
161.8699951171875
161.88999938964844
162.0500030517578
162.08999633789062
162.0399932861328
162.07000732421875
162.0749969482422
162.13999938964844
162.07000732421875
162.06500244140625
162.0399932861328
162.05999755859375
162.1125030517578
162.1199951171875
162.0850067138672
162.0800018310547
162.0399932861328
161.9600067138672
161.99000549316406
161.99000549316406
162.0500030517578
162.0800018310547
162.05999755859375
162.02000427246094
162.0
162.0
161.97999572753906
162.0399932861328
162.03500366210938
162.0500030517578
162.10000610351562
162.13999938964844
162.2100067138672
162.32000732421875
162.27999877929688
162.33999633789062
162.27859497070312
162.31500244140625
162.25999450683594
162.22999572753906
162.22999572753906
162.2449951171875
162.25
162.25999450683594
162.22000122070312
162.27000427246094
162.25999450683594
162.25999450683594
162.2550048828125
162.24000549316406
162.24000549316406
162.25999450683594
162.27999877929688
162.32000732421875
162.32000732421875
162.3000030517578
162.32200622558594
162.27999877929688
162.32000732421875
162.3000030517578
162.283203125
162.3000030517578
162.2899932861328
162.32000732421875
162.35350036621094
162.3300018310547
162.30999755859375
162.3300018310547
162.3000030517578
162.28500366210938
162.18260192871094
162.25999450683594
162.2100067138672
162.16000366210938
162.1699981689453
162.24290466308594
162.22999572753906
162.19000244140625
162.18359375
162.25
162.25
162.22999572753906
162.25
162.32000732421875
162.25999450683594
162.27000427246094
162.27000427246094
162.3498992919922
162.3300018310547
162.3300018310547
162.35400390625
162.36309814453125
162.3699951171875
162.35870361328125
162.3800048828125
162.37399291992188
162.35000610351562
162.33999633789062
162.3300018310547
162.38999938964844
162.41700744628906
162.42860412597656
162.47999572753906
162.4949951171875
162.48500061035156
162.4600067138672
162.5
162.5
162.43499755859375
162.44000244140625
162.47000122070312
162.47500610351562
162.47999572753906
162.4499969482422
162.4550018310547
162.5
162.52999877929688
162.55999755859375
162.5
162.5399932861328
162.5800018310547
162.52000427246094
162.47000122070312
162.42999267578125
162.41000366210938
162.38999938964844
162.35000610351562
162.3459930419922
162.33999633789062
162.4199981689453
162.47000122070312
162.50999450683594
162.47999572753906
162.50999450683594
162.5500030517578
162.6300048828125
162.66749572753906
162.63999938964844
162.66000366210938
162.64999389648438
162.7100067138672
162.72000122070312
162.72000122070312
162.65499877929688
162.58999633789062
162.52000427246094
162.55999755859375
162.61000061035156
162.60000610351562
162.61000061035156
162.6199951171875
162.58999633789062
162.60499572753906
162.60000610351562
162.6300048828125
162.58999633789062
162.5
162.5399932861328
162.59500122070312
162.63999938964844
162.67999267578125
162.64999389648438
162.60000610351562
162.64999389648438
162.67999267578125
162.6999969482422
162.75
162.77000427246094
162.77999877929688
162.77999877929688
162.81500244140625
162.75999450683594
162.72999572753906
162.66000366210938
162.67999267578125
162.7100067138672
162.69000244140625
162.67999267578125
162.69740295410156
162.7100067138672
162.6300048828125
162.6199951171875
162.57000732421875
162.58999633789062
162.55999755859375
162.5800018310547
162.5800018310547
162.6282958984375
162.60000610351562
162.67669677734375
162.6053924560547
162.80999755859375
162.74000549316406
162.7100067138672
162.63999938964844
162.5500030517578
162.62680053710938
162.61500549316406
162.67999267578125
162.72999572753906
162.72999572753906
162.7100067138672
162.625
162.60499572753906
162.5399932861328
162.5050048828125
162.55999755859375
162.5399932861328
162.5399932861328
