167.72999572753906
167.96499633789062
168.3300018310547
168.16000366210938
168.27000427246094
168.25
168.19000244140625
168.49000549316406
168.6300048828125
168.6300048828125
168.6699981689453
168.80999755859375
168.74000549316406
168.96499633789062
169.32000732421875
169.5
170.1300048828125
169.72999572753906
169.42999267578125
169.42999267578125
169.42999267578125
169.75
169.64999389648438
169.70150756835938
169.58749389648438
169.60499572753906
169.60499572753906
169.60499572753906
169.4499969482422
169.6750030517578
169.6750030517578
169.6750030517578
169.81500244140625
169.84500122070312
169.47999572753906
169.59500122070312
169.7100067138672
169.75
169.92999267578125
169.91000366210938
169.91000366210938
170.02000427246094
169.875
169.8699951171875
169.8699951171875
169.9199981689453
169.9199981689453
169.8300018310547
169.75
169.82000732421875
169.8800048828125
169.8800048828125
170.0500030517578
169.93499755859375
169.93499755859375
169.8800048828125
169.75999450683594
169.8000030517578
170.00999450683594
170.1049041748047
170.17999267578125
170.02000427246094
170.19500732421875
170.2449951171875
170.2449951171875
170.2449951171875
170.31500244140625
170.3000030517578
170.3000030517578
170.30999755859375
170.35000610351562
170.35000610351562
170.0500030517578
169.9600067138672
169.92999267578125
169.8300018310547
169.89999389648438
169.9600067138672
169.9600067138672
169.89999389648438
169.80999755859375
169.80999755859375
169.97000122070312
169.88499450683594
169.88499450683594
169.88499450683594
169.88999938964844
169.7899932861328
169.75999450683594
169.80999755859375
169.88999938964844
169.88999938964844
169.85000610351562
170.00999450683594
169.9499969482422
169.97999572753906
170.1300048828125
170.14999389648438
170.3699951171875
170.27999877929688
170.24000549316406
170.48500061035156
170.4700927734375
170.52499389648438
170.59890747070312
170.53500366210938
170.82000732421875
170.7899932861328
170.61000061035156
170.7729949951172
170.83999633789062
170.89500427246094
170.89500427246094
170.77999877929688
170.72999572753906
170.75
170.80999755859375
170.72000122070312
170.7949981689453
170.85000610351562
170.97999572753906
170.86000061035156
170.86000061035156
170.75
170.75
170.75999450683594
170.5800018310547
170.72000122070312
170.77999877929688
170.7899932861328
170.74000549316406
170.68499755859375
170.72000122070312
170.56320190429688
170.55499267578125
170.55499267578125
170.4499969482422
170.3800048828125
170.25
170.19000244140625
170.19000244140625
170.27999877929688
170.33189392089844
170.23500061035156
170.1999969482422
170.11000061035156
170.22999572753906
170.2449951171875
170.40960693359375
170.40960693359375
170.32000732421875
170.3350067138672
170.33999633789062
170.32000732421875
170.1999969482422
170.31500244140625
170.5399932861328
170.58999633789062
170.5399932861328
170.33999633789062
170.4149932861328
170.452392578125
170.42999267578125
170.50999450683594
170.55999755859375
170.5500030517578
170.60499572753906
170.77000427246094
170.6699981689453
170.6699981689453
170.6699981689453
170.5800018310547
170.5800018310547
170.5500030517578
170.5500030517578
170.74000549316406
170.67999267578125
170.75
170.75
170.66000366210938
170.76119995117188
170.7550048828125
170.7550048828125
170.7550048828125
170.7550048828125
171.0
171.0
170.91000366210938
170.92999267578125
171.08999633789062
171.22000122070312
171.29539489746094
171.19000244140625
171.2449951171875
171.2449951171875
171.27999877929688
171.45449829101562
171.38999938964844
171.3800048828125
171.43499755859375
171.57000732421875
171.57000732421875
171.4199981689453
171.47000122070312
171.50790405273438
171.50790405273438
171.55999755859375
171.55999755859375
171.52560424804688
171.41000366210938
171.3531036376953
171.3300018310547
171.2899932861328
171.2899932861328
171.2899932861328
171.2899932861328
171.2899932861328
171.35000610351562
171.2550048828125
171.33619689941406
171.2899932861328
171.2899932861328
171.22000122070312
171.13999938964844
171.13999938964844
171.0800018310547
171.00999450683594
171.14500427246094
171.14500427246094
171.25
171.25
171.3000030517578
171.22999572753906
171.15499877929688
171.19000244140625
171.1573028564453
171.1573028564453
171.11000061035156
171.11000061035156
171.27000427246094
171.13999938964844
171.10000610351562
171.10000610351562
170.9499969482422
170.97500610351562
170.98939514160156
170.9600067138672
171.0
171.02999877929688
171.02999877929688
171.02999877929688
170.99000549316406
170.99000549316406
171.08999633789062
171.07000732421875
171.0800018310547
170.97000122070312
170.97000122070312
170.9499969482422
170.90499877929688
170.91990661621094
170.85499572753906
170.80999755859375
170.80999755859375
170.8000030517578
170.83999633789062
170.83999633789062
170.86000061035156
170.86000061035156
170.83999633789062
170.83999633789062
170.83999633789062
170.7899932861328
170.7899932861328
170.7899932861328
170.80499267578125
170.85499572753906
170.85499572753906
170.85499572753906
170.97000122070312
170.96499633789062
170.96499633789062
170.97999572753906
170.97999572753906
170.88499450683594
170.88499450683594
170.88499450683594
170.89500427246094
170.94000244140625
170.89999389648438
170.89999389648438
170.82000732421875
170.75180053710938
170.75180053710938
170.75
170.75
170.72500610351562
170.73500061035156
170.55499267578125
170.6199951171875
170.6300048828125
170.72000122070312
170.6699981689453
170.72500610351562
170.7050018310547
170.7899932861328
170.7899932861328
170.7899932861328
170.7899932861328
170.8000030517578
170.8800048828125
170.8800048828125
170.8800048828125
170.8800048828125
170.82000732421875
170.82000732421875
170.8267059326172
170.83839416503906
170.8300018310547
170.75999450683594
170.77499389648438
170.77499389648438
170.77999877929688
170.85499572753906
170.8800048828125
170.9550018310547
170.9550018310547
170.9550018310547
171.10000610351562
171.08999633789062
171.1125030517578
171.13999938964844
171.1750030517578
171.25
171.2949981689453
171.24000549316406
171.24000549316406
171.24000549316406
171.15060424804688
171.15060424804688
171.05499267578125
171.15499877929688
171.13540649414062
171.1300048828125
171.14500427246094
171.13499450683594
171.08999633789062
171.08999633789062
171.08999633789062
171.08999633789062
171.2100067138672
171.24000549316406
171.24000549316406
171.2584991455078
171.24000549316406
171.1999969482422
171.13999938964844
171.14999389648438
171.0800018310547
171.15499877929688
171.17999267578125
171.1999969482422
171.1999969482422
171.1999969482422
171.25999450683594
171.27969360351562
171.27969360351562
171.27969360351562
171.22000122070312
171.0800018310547
171.13999938964844
171.13999938964844
171.27999877929688
171.30999755859375
171.33999633789062
171.36000061035156
171.36000061035156
171.40939331054688
171.35000610351562
171.38999938964844
171.44000244140625
171.4499969482422
171.44119262695312
171.5
171.4949951171875
171.61000061035156
171.57000732421875
171.55999755859375
171.64999389648438
171.5850067138672
171.5850067138672
171.5850067138672
171.52000427246094
171.5800018310547
171.58999633789062
171.56500244140625
171.52999877929688
171.4499969482422
171.50180053710938
171.50180053710938
171.50999450683594
171.4949951171875
171.47000122070312
171.47000122070312
171.4499969482422
171.52999877929688
171.50999450683594
171.52999877929688
171.52999877929688
171.48500061035156
171.50250244140625
171.50999450683594
171.4604949951172
171.4595947265625
171.4499969482422
171.47500610351562
171.50999450683594
171.5399932861328
171.55999755859375
171.57000732421875
171.66000366210938
171.6199951171875
171.5500030517578
171.5500030517578
171.39999389648438
171.38999938964844
171.4149932861328
171.39999389648438
171.58999633789062
171.64999389648438
171.66000366210938
171.56329345703125
171.66000366210938
171.66000366210938
171.5800018310547
171.63999938964844
171.63999938964844
171.65499877929688
171.6903076171875
171.72999572753906
171.69500732421875
171.69500732421875
171.63999938964844
171.6199951171875
171.6649932861328
171.6300048828125
171.61000061035156
171.61000061035156
171.5399932861328
171.63999938964844
171.6699981689453
171.6699981689453
171.71499633789062
171.72999572753906
171.66000366210938
171.5800018310547
171.5800018310547
171.75
171.75
171.75
171.7095947265625
171.67999267578125
171.67999267578125
171.72000122070312
171.82000732421875
171.82000732421875
171.75999450683594
171.7449951171875
171.7899932861328
171.72500610351562
171.74000549316406
171.60000610351562
171.62600708007812
171.60499572753906
171.67999267578125
171.6750030517578
171.6999969482422
171.75999450683594
171.8524932861328
171.8524932861328
171.8300018310547
171.9600067138672
171.90499877929688
171.92999267578125
171.8699951171875
171.8699951171875
171.89500427246094
171.93499755859375
171.91000366210938
171.94000244140625
171.92999267578125
171.88999938964844
171.92999267578125
172.00999450683594
171.99000549316406
172.0
172.1199951171875
172.11500549316406
172.02000427246094
171.9658966064453
171.94000244140625
171.9199981689453
171.9199981689453
172.00999450683594
171.94500732421875
172.02000427246094
172.09500122070312
172.0800018310547
172.0800018310547
172.1300048828125
172.13999938964844
172.08999633789062
172.0500030517578
172.10000610351562
172.18499755859375
172.1999969482422
172.14999389648438
172.22500610351562
172.22999572753906
172.23500061035156
172.3000030517578
172.23300170898438
172.22500610351562
172.2989959716797
172.31199645996094
172.32000732421875
172.42100524902344
172.30999755859375
172.25999450683594
172.3300018310547
172.4199981689453
172.4239959716797
172.49099731445312
172.4199981689453
172.4499969482422
172.38999938964844
172.3800048828125
172.33999633789062
172.42100524902344
172.4600067138672
172.3800048828125
172.4709930419922
172.4499969482422
172.38999938964844
172.4199981689453
172.47000122070312
172.63400268554688
172.53500366210938
172.52000427246094
172.5500030517578
172.49000549316406
172.38999938964844
172.45199584960938
172.3916015625
172.42999267578125
172.4600067138672
172.4949951171875
172.52999877929688
172.5399932861328
172.5500030517578
172.6024932861328
172.6999969482422
172.69000244140625
172.6699981689453
172.57000732421875
172.63999938964844
172.60000610351562
172.5399932861328
172.52999877929688
172.50999450683594
172.47000122070312
172.55999755859375
172.58999633789062
172.55999755859375
172.66000366210938
172.5800018310547
172.64999389648438
172.72000122070312
172.67999267578125
172.72000122070312
172.67999267578125
172.67999267578125
172.74000549316406
172.80499267578125
172.7899932861328
172.89999389648438
172.9199981689453
172.91000366210938
172.91000366210938
172.92999267578125
172.9199981689453
172.94000244140625
172.9499969482422
173.0124969482422
172.97500610351562
172.9600067138672
173.0399932861328
172.89999389648438
172.89999389648438
173.03500366210938
172.9600067138672
172.85499572753906
172.83949279785156
172.8699951171875
172.89999389648438
172.9250030517578
172.9250030517578
172.96499633789062
173.0399932861328
173.0
172.9600067138672
172.84500122070312
172.89999389648438
172.75
172.75999450683594
172.75999450683594
