470.9100036621094
470.2650146484375
470.4549865722656
470.56500244140625
470.739990234375
472.2200012207031
470.7875061035156
470.9233093261719
471.6700134277344
471.57000732421875
471.89410400390625
471.82000732421875
472.8299865722656
473.3900146484375
472.92999267578125
472.04998779296875
472.04998779296875
472.04998779296875
472.885009765625
473.8800048828125
472.79998779296875
472.5199890136719
472.5199890136719
472.6275939941406
472.7699890136719
473.19000244140625
473.2300109863281
472.7099914550781
472.6499938964844
472.2200012207031
472.239990234375
473.30999755859375
473.0928955078125
472.8349914550781
472.7749938964844
474.67999267578125
474.69989013671875
474.4776916503906
474.70001220703125
474.5400085449219
474.4949951171875
474.8599853515625
475.5
475.30999755859375
474.93499755859375
474.92999267578125
474.9049987792969
474.875
474.6000061035156
474.6700134277344
474.7799987792969
474.9700012207031
474.7356872558594
474.6199951171875
473.8399963378906
473.9049987792969
473.9800109863281
473.760009765625
474.260009765625
473.8500061035156
473.82000732421875
473.5899963378906
473.9049987792969
473.6400146484375
474.1300048828125
473.5849914550781
473.2300109863281
473.3800048828125
473.5439147949219
473.5400085449219
474.25
473.55999755859375
473.55999755859375
473.6000061035156
473.56500244140625
473.625
474.0071105957031
474.07000732421875
474.0400085449219
473.8999938964844
473.11151123046875
473.4599914550781
473.06500244140625
472.9649963378906
473.0400085449219
473.0
472.94000244140625
472.9200134277344
472.6700134277344
472.5199890136719
472.6000061035156
472.7799987792969
472.3550109863281
472.6000061035156
472.7099914550781
472.7099914550781
473.29669189453125
473.3999938964844
472.8550109863281
472.80999755859375
472.6600036621094
473.260009765625
473.05499267578125
473.19000244140625
473.25
473.5199890136719
473.6700134277344
473.7900085449219
473.67999267578125
473.75
473.8599853515625
473.760009765625
473.94000244140625
474.260009765625
474.2200012207031
474.30999755859375
474.1400146484375
474.1549987792969
474.0199890136719
473.7900085449219
473.69000244140625
473.6000061035156
473.385009765625
473.375
473.375
473.1419982910156
473.010009765625
473.010009765625
473.2449951171875
473.2049865722656
473.05999755859375
473.3500061035156
473.3550109863281
473.1099853515625
473.5544128417969
473.0899963378906
473.45001220703125
473.25
473.5450134277344
473.0378112792969
473.0799865722656
472.9750061035156
473.614990234375
473.7099914550781
473.510009765625
473.69500732421875
473.42999267578125
473.375
472.93499755859375
472.94000244140625
472.989990234375
473.25
473.04998779296875
473.1099853515625
473.54998779296875
473.4599914550781
473.43499755859375
473.5400085449219
473.4956970214844
473.4956970214844
473.489990234375
473.7799987792969
473.82000732421875
473.2300109863281
473.17498779296875
473.57000732421875
473.6000061035156
473.7699890136719
473.70001220703125
473.5950012207031
473.80999755859375
473.8349914550781
473.8349914550781
474.0199890136719
474.0199890136719
473.9580078125
474.0400085449219
473.67999267578125
473.6099853515625
473.7200012207031
473.7200012207031
474.3599853515625
474.03009033203125
474.5
474.3399963378906
474.4100036621094
474.42999267578125
474.70001220703125
474.39239501953125
474.75860595703125
474.9800109863281
474.8399963378906
474.4800109863281
474.8338928222656
474.8900146484375
475.17999267578125
475.1499938964844
474.75
474.7099914550781
474.55999755859375
474.6400146484375
474.44000244140625
474.1600036621094
474.2900085449219
474.2485046386719
474.6449890136719
474.57501220703125
474.57501220703125
475.1050109863281
474.57501220703125
474.5497131347656
474.260009765625
474.5199890136719
474.67498779296875
474.5299987792969
475.04998779296875
474.9778137207031
474.9778137207031
474.92999267578125
475.1000061035156
474.885009765625
474.7699890136719
474.8299865722656
474.92999267578125
474.9599914550781
474.9599914550781
475.0
474.8800048828125
474.6000061035156
474.8299865722656
475.20001220703125
475.2300109863281
475.17999267578125
475.239990234375
475.7300109863281
475.8800048828125
476.0899963378906
475.93499755859375
475.7799987792969
475.9200134277344
476.0000915527344
476.0422058105469
476.260009765625
476.1400146484375
476.1199951171875
475.92999267578125
475.92999267578125
476.2330017089844
476.2330017089844
475.9949951171875
475.9599914550781
476.14959716796875
476.3399963378906
476.17999267578125
475.93499755859375
475.8399963378906
476.0
475.82000732421875
475.69000244140625
475.75
475.7699890136719
475.9800109863281
475.8399963378906
476.0602111816406
476.0602111816406
476.0602111816406
475.67999267578125
476.0899963378906
476.0415954589844
475.9165954589844
475.70001220703125
475.8326110839844
475.760009765625
475.70001220703125
475.7300109863281
475.70001220703125
475.614990234375
475.9100036621094
476.05419921875
475.94000244140625
475.8450012207031
475.8953857421875
476.1000061035156
475.95001220703125
475.93951416015625
475.9150085449219
475.9150085449219
475.9150085449219
476.1863098144531
476.6000061035156
476.7300109863281
476.7650146484375
476.86358642578125
476.9599914550781
476.9049987792969
477.0299987792969
476.9800109863281
476.989990234375
477.1700134277344
477.17498779296875
477.5299987792969
477.68499755859375
478.09271240234375
478.2496032714844
478.2950134277344
478.3900146484375
478.510009765625
478.4800109863281
478.489990234375
478.489990234375
478.760009765625
478.7099914550781
478.79998779296875
478.8699951171875
478.9200134277344
478.6686096191406
478.67999267578125
478.9273986816406
478.8599853515625
478.739990234375
478.68499755859375
478.6600036621094
478.9200134277344
479.1400146484375
478.9599914550781
479.2200012207031
479.54998779296875
479.5400085449219
479.7449951171875
479.9700012207031
479.6600036621094
479.760009765625
479.4200134277344
479.4800109863281
479.5400085449219
479.3699951171875
479.2250061035156
479.0434875488281
479.1499938964844
478.95001220703125
479.1050109863281
479.45001220703125
479.17999267578125
479.07000732421875
478.6400146484375
478.5299987792969
478.8345947265625
478.95001220703125
478.95001220703125
478.82000732421875
478.72808837890625
478.8999938964844
478.8900146484375
478.8299865722656
478.5799865722656
478.5199890136719
478.6000061035156
478.510009765625
478.6199951171875
478.5199890136719
478.6099853515625
478.6099853515625
478.7300109863281
478.3500061035156
478.6400146484375
478.7349853515625
478.69000244140625
478.55999755859375
478.4599914550781
478.4200134277344
478.510009765625
478.5199890136719
478.5199890136719
478.7156066894531
478.79998779296875
478.7900085449219
478.9599914550781
478.9725036621094
478.8500061035156
478.809814453125
478.69500732421875
478.760009765625
478.8275146484375
478.8275146484375
478.8357849121094
478.7950134277344
478.88250732421875
478.88250732421875
479.32000732421875
479.2300109863281
479.0400085449219
479.0400085449219
478.8900146484375
479.0199890136719
478.9800109863281
479.1700134277344
479.1700134277344
479.1300048828125
479.1499938964844
479.17999267578125
479.1199951171875
479.04998779296875
479.0382995605469
479.07000732421875
478.8949890136719
478.8949890136719
478.5
478.739990234375
478.5
478.7449951171875
478.59600830078125
478.9100036621094
478.82000732421875
478.8503112792969
479.00738525390625
479.00738525390625
478.7699890136719
478.9101867675781
478.95001220703125
478.95001220703125
478.8591003417969
478.9200134277344
478.9200134277344
479.05999755859375
478.94000244140625
478.6600036621094
478.6600036621094
478.9200134277344
479.2300109863281
479.2699890136719
479.2699890136719
479.3949890136719
478.9800109863281
479.0899963378906
479.17999267578125
479.2370910644531
479.2200012207031
479.3299865722656
479.5799865722656
479.4599914550781
479.6499938964844
479.6099853515625
479.6885070800781
479.57000732421875
479.68499755859375
479.6600036621094
479.55999755859375
479.2449951171875
479.1300048828125
479.239990234375
479.2900085449219
479.2900085449219
479.32000732421875
479.5400085449219
479.6684875488281
479.6400146484375
479.6499938964844
479.614990234375
479.8316955566406
479.8800048828125
479.95001220703125
479.3699951171875
479.4599914550781
479.3399963378906
479.5
479.3999938964844
479.7200012207031
479.7799987792969
479.8924865722656
480.0400085449219
480.05999755859375
480.375
480.1789855957031
480.239990234375
480.19500732421875
480.32501220703125
479.8949890136719
480.0350036621094
480.4599914550781
480.260009765625
480.2785949707031
480.20001220703125
480.06500244140625
480.1099853515625
479.95001220703125
479.8800048828125
480.2200012207031
480.1650085449219
480.3611145019531
480.55999755859375
480.7699890136719
480.6050109863281
480.5199890136719
480.57501220703125
480.9278869628906
480.726806640625
480.7362060546875
480.7149963378906
480.9100036621094
480.560791015625
480.92498779296875
480.8900146484375
481.07000732421875
481.1099853515625
480.8699951171875
480.9599914550781
480.8999938964844
480.92999267578125
480.69500732421875
480.7200012207031
481.1499938964844
480.864990234375
481.05999755859375
480.989990234375
481.260009765625
481.239990234375
480.94000244140625
481.2099914550781
481.2862854003906
481.04998779296875
481.0
481.1199951171875
481.2799987792969
481.3500061035156
481.489990234375
481.3500061035156
481.7200012207031
481.5899963378906
481.42999267578125
481.6000061035156
481.45001220703125
481.5
481.5299987792969
481.480712890625
481.45001220703125
481.3800048828125
481.31500244140625
481.6249084472656
481.42498779296875
481.4800109863281
481.70001220703125
481.7099914550781
481.3349914550781
481.2152099609375
481.135009765625
481.2300109863281
481.3500061035156
481.5199890136719
481.489990234375
481.69000244140625
481.67498779296875
481.760009765625
481.7074890136719
481.4800109863281
481.5
481.7550048828125
481.6099853515625
481.7597961425781
481.7300109863281
481.8671875
481.68499755859375
481.8399963378906
481.5400085449219
481.17999267578125
481.32501220703125
481.30499267578125
481.3299865722656
481.2099914550781
481.2699890136719
481.2699890136719
481.32501220703125
481.32501220703125
481.5199890136719
481.4949951171875
481.510009765625
481.489990234375
481.6199951171875
481.7300109863281
481.7200012207031
481.6199951171875
481.67999267578125
481.6099853515625
481.7950134277344
481.6300048828125
481.29998779296875
481.5199890136719
481.57000732421875
481.4700012207031
481.375
481.4800109863281
481.5199890136719
481.4200134277344
481.2799987792969
481.1050109863281
481.2250061035156
481.1499938964844
481.4599914550781
481.0050048828125
481.2900085449219
481.2300109863281
481.0799865722656
480.6300048828125
480.29998779296875
480.4700012207031
480.5950012207031
480.3699951171875
481.1300048828125
481.2099914550781
481.05999755859375
480.5400085449219
480.5299987792969
480.05999755859375
479.989990234375
480.04998779296875
479.75
479.75
