231.6553955078125
230.61000061035156
230.84800720214844
231.02000427246094
231.86000061035156
232.69000244140625
232.9600067138672
233.3800048828125
233.6248016357422
233.9949951171875
234.34210205078125
234.4250030517578
234.49749755859375
233.77139282226562
234.30999755859375
234.52999877929688
234.5500030517578
234.5800018310547
234.22999572753906
233.7310028076172
233.8300018310547
234.08999633789062
234.5399932861328
234.85000610351562
234.57000732421875
233.8800048828125
233.77999877929688
233.72500610351562
233.55499267578125
233.80999755859375
233.8300018310547
233.78939819335938
233.71499633789062
233.64999389648438
233.40390014648438
233.39529418945312
233.36000061035156
233.64999389648438
233.47950744628906
233.7949981689453
233.4949951171875
233.43499755859375
233.19129943847656
233.01629638671875
232.75
232.57000732421875
232.88999938964844
232.8699951171875
233.24000549316406
233.08999633789062
233.18499755859375
233.44500732421875
233.64999389648438
233.58999633789062
233.5850067138672
233.74000549316406
233.49000549316406
233.73829650878906
233.75
233.75
233.69500732421875
233.85000610351562
233.91000366210938
234.39999389648438
234.6199951171875
234.4250030517578
234.36000061035156
234.53500366210938
234.60000610351562
234.52999877929688
234.3300018310547
234.02499389648438
233.85499572753906
233.3000030517578
232.91000366210938
232.93809509277344
232.97059631347656
232.9499969482422
233.03500366210938
233.14500427246094
233.5
233.58749389648438
233.57000732421875
233.13999938964844
233.77000427246094
233.6300048828125
233.6699981689453
233.50999450683594
233.7050018310547
233.38999938964844
233.375
233.4499969482422
233.6699981689453
233.72999572753906
233.91000366210938
233.7899932861328
233.97999572753906
233.97999572753906
233.91000366210938
233.85000610351562
234.0854949951172
234.08999633789062
234.29879760742188
234.48069763183594
234.52999877929688
234.67999267578125
234.63999938964844
234.5366973876953
234.2949981689453
234.39500427246094
234.49000549316406
234.6699981689453
234.63999938964844
234.72000122070312
234.6580047607422
234.72999572753906
234.47999572753906
234.39999389648438
234.12530517578125
234.1300048828125
234.2449951171875
234.5399932861328
234.5142059326172
234.57000732421875
234.52999877929688
234.64999389648438
234.5399932861328
234.6199951171875
234.69000244140625
234.50999450683594
234.27000427246094
234.3800048828125
234.57000732421875
234.5449981689453
234.7100067138672
234.8000030517578
234.9499969482422
235.0749969482422
235.14999389648438
235.1199951171875
234.97500610351562
234.41000366210938
234.49000549316406
234.47999572753906
234.47999572753906
234.55999755859375
234.13499450683594
234.05499267578125
234.42999267578125
234.25999450683594
233.99000549316406
233.8300018310547
233.94000244140625
233.9510040283203
233.97999572753906
234.0290985107422
234.07000732421875
234.25
234.35499572753906
234.3000030517578
234.22500610351562
234.33999633789062
234.41009521484375
234.40480041503906
234.1999969482422
233.9949951171875
234.11500549316406
234.17999267578125
234.08999633789062
234.31500244140625
234.3350067138672
234.24000549316406
234.24000549316406
234.39999389648438
234.38999938964844
234.19000244140625
234.25999450683594
234.4499969482422
234.5850067138672
234.5850067138672
234.72999572753906
234.8800048828125
235.05999755859375
235.05999755859375
235.0749969482422
235.0
235.0050048828125
234.96499633789062
234.9499969482422
234.94000244140625
234.5800018310547
234.61500549316406
234.44000244140625
234.868896484375
234.6300048828125
234.80999755859375
234.85000610351562
234.6425018310547
234.6699981689453
234.75
234.7344970703125
234.74000549316406
234.6649932861328
234.77000427246094
234.79910278320312
234.83999633789062
234.6300048828125
234.5800018310547
234.58790588378906
234.53500366210938
234.49000549316406
234.50999450683594
234.60499572753906
234.38999938964844
234.30999755859375
234.18499755859375
234.11000061035156
233.94500732421875
233.86000061035156
233.69500732421875
233.6699981689453
233.72999572753906
233.80999755859375
233.6999969482422
233.72000122070312
233.6199951171875
233.47999572753906
233.5355987548828
233.65499877929688
233.8350067138672
233.75
233.93499755859375
233.94500732421875
233.972900390625
233.9199981689453
233.86500549316406
233.83920288085938
234.05999755859375
234.11000061035156
234.4149932861328
234.4199981689453
234.5500030517578
234.639892578125
234.47500610351562
234.42999267578125
234.61000061035156
234.5500030517578
234.39999389648438
234.3699951171875
234.42999267578125
234.4250030517578
234.375
234.3227996826172
234.39999389648438
234.25999450683594
233.93460083007812
233.89999389648438
233.80499267578125
233.76499938964844
233.89999389648438
233.93499755859375
234.00999450683594
233.93499755859375
233.89999389648438
233.77999877929688
233.8300018310547
233.8800048828125
233.94000244140625
233.89999389648438
233.89500427246094
233.88499450683594
234.02999877929688
233.97999572753906
234.05999755859375
234.125
233.92999267578125
234.0399932861328
234.02999877929688
234.03799438476562
234.02259826660156
233.9835968017578
233.9499969482422
234.10000610351562
234.0399932861328
233.9499969482422
234.0850067138672
234.1999969482422
234.27499389648438
234.375
234.55520629882812
234.60000610351562
234.4600067138672
234.5850067138672
234.6195068359375
234.63999938964844
234.71209716796875
234.8800048828125
234.90499877929688
234.8699951171875
234.83999633789062
235.02499389648438
235.02000427246094
234.94000244140625
235.02000427246094
234.9600067138672
234.92999267578125
234.91000366210938
235.0500030517578
234.9600067138672
234.9499969482422
234.9600067138672
234.9499969482422
234.88499450683594
234.86000061035156
234.9600067138672
235.0572967529297
235.0399932861328
234.98500061035156
234.99000549316406
235.07899475097656
235.0800018310547
235.08799743652344
235.14999389648438
235.1999969482422
235.27000427246094
235.1999969482422
235.2550048828125
235.2100067138672
235.0
235.09719848632812
235.02999877929688
234.8509979248047
234.8300018310547
234.8708038330078
234.7100067138672
234.75909423828125
234.74000549316406
234.6999969482422
234.74000549316406
234.6649932861328
234.60000610351562
234.4199981689453
234.4199981689453
234.39999389648438
234.39500427246094
234.2895965576172
234.3000030517578
234.3000030517578
234.46499633789062
234.375
234.30999755859375
234.38999938964844
234.39500427246094
234.39999389648438
234.19000244140625
234.35549926757812
234.32000732421875
234.27999877929688
234.52999877929688
234.33160400390625
234.33999633789062
234.3800048828125
234.36000061035156
234.25
234.33999633789062
234.32460021972656
234.3000030517578
234.2899932861328
234.1199951171875
234.24000549316406
234.1999969482422
234.35000610351562
234.23500061035156
234.37930297851562
234.42999267578125
234.39999389648438
234.47999572753906
234.53500366210938
234.61500549316406
234.55999755859375
234.5749969482422
234.77999877929688
234.71499633789062
234.66000366210938
234.65499877929688
234.7100067138672
234.70179748535156
234.72000122070312
234.7100067138672
234.8000030517578
234.77000427246094
234.7100067138672
234.6999969482422
234.66700744628906
234.75999450683594
234.5800018310547
234.56739807128906
234.58999633789062
234.6300048828125
234.72999572753906
234.7899932861328
234.6999969482422
234.57000732421875
234.50999450683594
234.5
234.68499755859375
234.59500122070312
234.61000061035156
234.69000244140625
234.6699981689453
234.72500610351562
234.88160705566406
235.0050048828125
234.9550018310547
235.1999969482422
235.14999389648438
235.02999877929688
235.02999877929688
235.17019653320312
235.0843048095703
235.11000061035156
235.11500549316406
235.05239868164062
235.14990234375
235.02000427246094
235.00999450683594
234.90499877929688
235.02999877929688
235.16000366210938
235.33999633789062
235.1699981689453
235.1999969482422
235.19000244140625
235.27000427246094
235.27000427246094
235.25999450683594
235.1999969482422
235.22500610351562
235.25999450683594
235.25
235.22000122070312
235.1300048828125
235.03500366210938
234.92999267578125
235.0399932861328
235.05999755859375
235.02000427246094
234.98500061035156
234.8699951171875
234.92999267578125
234.92999267578125
235.08670043945312
235.22000122070312
235.2899932861328
235.2100067138672
235.17160034179688
235.11000061035156
235.13180541992188
235.10000610351562
235.00999450683594
234.99000549316406
234.9499969482422
234.89999389648438
234.6699981689453
234.85000610351562
234.88499450683594
234.9199981689453
235.02000427246094
234.9949951171875
235.02000427246094
234.9600067138672
235.0449981689453
234.89500427246094
234.9499969482422
234.9199981689453
234.99000549316406
234.9250030517578
234.99000549316406
235.1999969482422
235.19000244140625
235.13270568847656
235.19000244140625
235.22500610351562
235.19000244140625
235.24000549316406
235.0399932861328
235.14999389648438
235.08999633789062
235.1649932861328
235.22500610351562
235.38999938964844
235.3300018310547
235.30999755859375
235.19000244140625
235.2550048828125
234.9550018310547
234.86000061035156
234.81500244140625
234.7949981689453
234.80999755859375
234.86000061035156
234.8831024169922
234.88999938964844
234.8800048828125
234.86000061035156
234.7449951171875
234.72000122070312
234.66929626464844
234.6649932861328
234.77000427246094
234.75
234.61000061035156
234.57400512695312
234.52999877929688
234.5500030517578
234.47000122070312
234.5399932861328
234.61500549316406
234.69000244140625
234.69000244140625
234.74330139160156
234.7100067138672
234.77000427246094
234.69000244140625
234.7449951171875
234.85499572753906
235.0
234.95950317382812
234.97999572753906
234.83999633789062
234.7899932861328
234.88499450683594
234.9250030517578
234.8800048828125
234.9499969482422
234.77000427246094
234.88040161132812
234.9499969482422
234.80999755859375
234.72000122070312
234.65499877929688
234.60000610351562
234.75
234.8699951171875
234.89999389648438
235.002197265625
235.00999450683594
235.17999267578125
235.2100067138672
235.2949981689453
235.2949981689453
235.32000732421875
235.4149932861328
235.3000030517578
235.30999755859375
235.3404998779297
235.3000030517578
235.36000061035156
235.4199981689453
235.44000244140625
235.375
235.39999389648438
235.27000427246094
235.19000244140625
235.11000061035156
235.26499938964844
235.31500244140625
235.30499267578125
235.38999938964844
235.37539672851562
235.38999938964844
235.38499450683594
235.40499877929688
235.41000366210938
235.4499969482422
235.38499450683594
235.38499450683594
235.52999877929688
235.5399932861328
235.4774932861328
235.46499633789062
235.42999267578125
235.41000366210938
235.2550048828125
235.1300048828125
235.13999938964844
235.0749969482422
235.1199951171875
235.07000732421875
235.0500030517578
235.25999450683594
235.1199951171875
235.2449951171875
235.32000732421875
235.33999633789062
235.46499633789062
235.62640380859375
235.5850067138672
235.72999572753906
235.82000732421875
235.75999450683594
235.60000610351562
235.35499572753906
235.49000549316406
235.52000427246094
235.49070739746094
235.64999389648438
235.6300048828125
235.64999389648438
235.47000122070312
235.42999267578125
235.22000122070312
235.2899932861328
235.44000244140625
235.30999755859375
235.30999755859375
