53.54999923706055
53.7400016784668
53.70000076293945
53.79499816894531
53.71500015258789
53.720001220703125
53.65999984741211
53.72100067138672
53.63999938964844
53.63990020751953
53.56549835205078
53.595001220703125
53.58000183105469
53.599998474121094
53.689998626708984
53.68190002441406
53.71009826660156
53.7401008605957
53.72999954223633
53.775001525878906
53.810001373291016
53.8650016784668
53.90999984741211
53.85499954223633
53.849998474121094
53.84000015258789
53.79999923706055
53.834999084472656
53.864200592041016
53.869998931884766
53.900001525878906
53.88999938964844
53.845001220703125
53.834999084472656
53.77000045776367
53.71500015258789
53.70000076293945
53.650001525878906
53.619998931884766
53.57500076293945
53.56290054321289
53.560001373291016
53.4900016784668
53.48500061035156
53.479698181152344
53.47999954223633
53.48500061035156
53.474998474121094
53.494998931884766
53.54499816894531
53.55500030517578
53.650001525878906
53.67499923706055
53.73500061035156
53.73500061035156
53.70500183105469
53.69499969482422
53.70000076293945
53.70009994506836
53.70000076293945
53.7400016784668
53.790000915527344
53.81999969482422
53.810001373291016
53.83000183105469
53.81999969482422
53.915000915527344
53.880001068115234
53.869998931884766
53.85350036621094
53.93000030517578
53.935001373291016
53.90999984741211
53.9099006652832
53.9275016784668
53.96009826660156
53.967498779296875
53.95000076293945
53.95500183105469
53.970001220703125
53.915000915527344
53.935001373291016
53.974998474121094
54.07500076293945
54.05500030517578
54.05500030517578
54.060001373291016
54.03499984741211
54.04240036010742
54.060001373291016
54.072200775146484
54.10499954223633
54.099998474121094
54.100101470947266
54.09000015258789
54.125
54.14500045776367
54.125
54.14500045776367
54.16999816894531
54.209999084472656
54.224998474121094
54.255001068115234
54.255001068115234
54.189998626708984
54.17499923706055
54.154998779296875
54.16999816894531
54.1349983215332
54.14500045776367
54.14500045776367
54.1150016784668
54.13679885864258
54.064998626708984
54.08649826049805
54.04999923706055
54.040000915527344
54.02000045776367
54.005001068115234
54.029998779296875
54.0
54.005001068115234
54.005001068115234
54.0099983215332
53.994998931884766
53.994998931884766
53.97700119018555
53.970001220703125
53.959999084472656
53.93000030517578
53.95000076293945
53.970001220703125
53.994998931884766
54.04999923706055
54.04560089111328
53.97999954223633
53.9900016784668
53.93360137939453
53.915000915527344
53.935001373291016
53.9370002746582
53.92689895629883
53.90999984741211
53.885501861572266
53.904998779296875
53.94499969482422
53.9630012512207
53.93000030517578
53.946800231933594
53.94499969482422
53.95500183105469
53.959999084472656
53.95500183105469
53.94179916381836
53.94499969482422
53.92499923706055
53.91999816894531
53.88999938964844
53.8650016784668
53.872100830078125
53.834999084472656
53.80500030517578
53.81999969482422
53.80099868774414
53.82270050048828
53.79999923706055
53.834999084472656
53.82500076293945
53.814998626708984
53.814998626708984
53.814998626708984
53.814998626708984
53.814998626708984
53.814998626708984
53.869998931884766
53.849998474121094
53.84429931640625
53.845001220703125
53.810001373291016
53.80500030517578
53.80500030517578
53.84000015258789
53.80500030517578
53.77009963989258
53.810001373291016
53.80849838256836
53.845001220703125
53.86000061035156
53.834999084472656
53.81999969482422
53.834999084472656
53.84669876098633
53.779998779296875
53.77000045776367
53.77000045776367
53.7775993347168
53.81999969482422
53.849998474121094
53.849998474121094
53.87300109863281
53.86009979248047
53.84989929199219
53.849998474121094
53.8650016784668
53.880001068115234
53.85499954223633
53.85150146484375
53.869598388671875
53.88999938964844
53.8849983215332
53.849998474121094
53.84000015258789
53.85369873046875
53.84000015258789
53.80759811401367
53.809898376464844
53.79999923706055
53.82500076293945
53.834999084472656
53.83489990234375
53.822601318359375
53.834999084472656
53.82500076293945
53.828399658203125
53.814998626708984
53.810001373291016
53.779998779296875
53.80500030517578
53.86000061035156
53.85499954223633
53.8650016784668
53.875
53.849998474121094
53.849998474121094
53.8650016784668
53.86000061035156
53.85499954223633
53.85499954223633
53.8650016784668
53.88560104370117
53.880001068115234
53.8765983581543
53.869998931884766
53.85810089111328
53.8650016784668
53.8849983215332
53.8650016784668
53.85499954223633
53.8650016784668
53.85380172729492
53.87730026245117
53.93000030517578
53.904998779296875
53.935001373291016
53.935001373291016
53.915000915527344
53.92499923706055
53.904998779296875
53.899200439453125
53.875
53.860599517822266
53.845001220703125
53.855899810791016
53.85499954223633
53.900001525878906
53.904998779296875
53.89500045776367
53.94499969482422
53.91999816894531
53.900001525878906
53.90549850463867
53.88180160522461
53.89500045776367
53.92499923706055
53.915000915527344
53.904998779296875
53.915000915527344
53.9197998046875
53.93000030517578
53.92390060424805
53.92499923706055
53.95000076293945
53.959999084472656
53.96500015258789
53.939998626708984
53.95000076293945
53.96500015258789
53.974998474121094
53.95500183105469
53.94499969482422
53.957000732421875
53.92499923706055
53.93000030517578
53.93000030517578
53.9364013671875
53.93000030517578
53.91999816894531
53.9099006652832
53.88999938964844
53.90079879760742
53.900001525878906
53.90999984741211
53.91559982299805
53.915000915527344
53.880001068115234
53.895999908447266
53.88999938964844
53.8849983215332
53.89500045776367
53.905601501464844
53.904998779296875
53.904998779296875
53.90999984741211
53.90999984741211
53.89500045776367
53.91659927368164
53.9213981628418
53.92499923706055
53.92499923706055
53.91999816894531
53.915000915527344
53.915000915527344
53.900001525878906
53.904998779296875
53.900001525878906
53.92499923706055
53.915000915527344
53.904998779296875
53.915000915527344
53.915000915527344
53.915000915527344
53.89500045776367
53.90999984741211
53.904998779296875
53.9031982421875
53.89500045776367
53.8849983215332
53.89500045776367
53.904998779296875
53.89500045776367
53.89500045776367
53.904998779296875
53.89500045776367
53.88999938964844
53.850101470947266
53.854000091552734
53.849998474121094
53.85499954223633
53.849998474121094
53.810001373291016
53.775001525878906
53.80500030517578
53.810001373291016
53.80379867553711
53.779998779296875
53.7599983215332
53.72999954223633
53.72999954223633
53.724998474121094
53.722999572753906
53.71500015258789
53.71500015258789
53.724998474121094
53.720001220703125
53.7400016784668
53.744998931884766
53.74259948730469
53.744998931884766
53.724998474121094
53.713199615478516
53.7400016784668
53.724998474121094
53.73249816894531
53.724998474121094
53.75
53.744998931884766
53.744998931884766
53.755001068115234
53.76499938964844
53.76570129394531
53.79499816894531
53.79999923706055
53.79499816894531
53.78499984741211
53.814998626708984
53.810001373291016
53.790000915527344
53.814998626708984
53.80500030517578
53.78499984741211
53.80500030517578
53.813201904296875
53.81999969482422
53.84000015258789
53.82500076293945
53.80500030517578
53.814998626708984
53.810001373291016
53.810001373291016
53.79600143432617
53.79090118408203
53.79999923706055
53.810001373291016
53.81010055541992
53.82500076293945
53.82500076293945
53.802799224853516
53.82429885864258
53.834999084472656
53.834999084472656
53.83150100708008
53.81010055541992
53.80500030517578
53.80649948120117
53.79499816894531
53.814998626708984
53.814998626708984
53.814998626708984
53.814998626708984
53.814998626708984
53.814998626708984
53.81999969482422
53.813899993896484
53.79999923706055
53.755001068115234
53.755001068115234
53.755001068115234
53.755001068115234
53.75
53.755001068115234
53.755001068115234
53.744998931884766
53.75339889526367
53.7495002746582
53.775001525878906
53.775001525878906
53.775001525878906
53.792198181152344
53.79499816894531
53.814998626708984
53.845001220703125
53.814998626708984
53.82500076293945
53.814998626708984
53.817901611328125
53.80590057373047
53.79990005493164
53.79499816894531
53.77000045776367
53.79499816894531
53.79130172729492
53.79330062866211
53.79499816894531
53.78499984741211
53.78499984741211
53.78499984741211
53.79499816894531
53.79499816894531
53.79499816894531
53.834999084472656
53.82500076293945
53.81100082397461
53.79499816894531
53.79499816894531
53.80540084838867
53.810001373291016
53.80500030517578
53.816200256347656
53.80500030517578
53.80500030517578
53.80500030517578
53.80500030517578
53.814998626708984
53.814998626708984
53.834999084472656
53.814998626708984
53.78499984741211
53.76499938964844
53.76499938964844
53.7599983215332
53.76499938964844
53.76499938964844
53.78499984741211
53.78929901123047
53.756099700927734
53.764198303222656
53.778499603271484
53.77299880981445
53.775001525878906
53.775001525878906
53.78499984741211
53.775001525878906
53.76499938964844
53.755001068115234
53.744998931884766
53.76490020751953
53.755001068115234
53.755001068115234
53.75
53.76499938964844
53.774600982666016
53.78499984741211
53.790000915527344
53.760101318359375
53.778499603271484
53.76430130004883
53.777400970458984
53.779998779296875
53.78499984741211
53.78499984741211
53.78499984741211
53.77170181274414
53.765499114990234
53.76499938964844
53.766998291015625
53.76139831542969
53.744998931884766
53.744998931884766
53.744998931884766
53.7681999206543
53.76499938964844
53.76499938964844
53.78499984741211
53.78010177612305
53.79499816894531
53.78499984741211
53.77360153198242
53.775001525878906
53.78499984741211
53.79499816894531
53.78499984741211
53.790000915527344
53.775001525878906
53.790000915527344
53.79499816894531
53.79999923706055
53.80500030517578
53.80500030517578
53.78329849243164
53.79779815673828
53.83000183105469
53.84000015258789
53.845001220703125
53.845001220703125
53.82500076293945
53.840999603271484
53.8400993347168
53.845001220703125
53.85499954223633
53.85499954223633
53.82500076293945
53.80500030517578
53.82500076293945
53.82500076293945
53.82500076293945
53.82500076293945
53.81999969482422
53.81999969482422
53.80500030517578
53.82500076293945
53.825401306152344
53.82500076293945
53.816001892089844
53.814998626708984
53.814300537109375
53.84000015258789
53.82500076293945
53.81650161743164
53.80500030517578
53.79079818725586
53.814998626708984
53.85499954223633
53.8650016784668
53.86000061035156
53.85380172729492
53.8650016784668
53.875
53.86000061035156
53.86000061035156
53.85499954223633
53.84000015258789
53.845001220703125
53.845001220703125
53.845001220703125
53.849998474121094
53.86000061035156
53.84000015258789
53.82500076293945
53.814998626708984
53.79499816894531
53.80500030517578
53.779998779296875
53.80500030517578
53.79999923706055
53.81439971923828
53.82820129394531
53.82500076293945
53.814998626708984
53.849998474121094
53.845001220703125
53.849998474121094
53.855201721191406
53.83000183105469
53.810001373291016
53.82500076293945
53.810001373291016
53.834999084472656
53.85499954223633
53.849998474121094
53.834999084472656
53.81999969482422
53.82500076293945
53.814998626708984
53.79499816894531
53.790000915527344
53.790000915527344
