50.130001068115234
50.310001373291016
50.459999084472656
50.459800720214844
50.470001220703125
50.439998626708984
50.290000915527344
50.2599983215332
50.13999938964844
50.040000915527344
50.01499938964844
50.10960006713867
49.939998626708984
50.01499938964844
50.16899871826172
50.22999954223633
50.220001220703125
50.209999084472656
50.150001525878906
50.08000183105469
50.2400016784668
50.252498626708984
50.27000045776367
50.29999923706055
50.2599983215332
50.27000045776367
50.36000061035156
50.400001525878906
50.404998779296875
50.41999816894531
50.43000030517578
50.46500015258789
50.41999816894531
50.43000030517578
50.400001525878906
50.2599983215332
50.20000076293945
50.20949935913086
50.220001220703125
50.220001220703125
50.2400016784668
50.2599983215332
50.209999084472656
50.27000045776367
50.25
50.21500015258789
50.22010040283203
50.209999084472656
50.220001220703125
50.2400016784668
50.244998931884766
50.29999923706055
50.285099029541016
50.310001373291016
50.290000915527344
50.275001525878906
50.20000076293945
50.220001220703125
50.220001220703125
50.20000076293945
50.20249938964844
50.150001525878906
50.18000030517578
50.150001525878906
50.13999938964844
50.15999984741211
50.146400451660156
50.16999816894531
50.209999084472656
50.27000045776367
50.279998779296875
50.209999084472656
50.20000076293945
50.220001220703125
50.220001220703125
50.20000076293945
50.18000030517578
50.15999984741211
50.13999938964844
50.13999938964844
50.09000015258789
50.08000183105469
50.02000045776367
50.029998779296875
50.0
49.9900016784668
50.029998779296875
50.04999923706055
50.015098571777344
50.0099983215332
50.029998779296875
50.13819885253906
50.130001068115234
50.095001220703125
50.130001068115234
50.119998931884766
50.137699127197266
50.165000915527344
50.13199996948242
50.119998931884766
50.15999984741211
50.19499969482422
50.220001220703125
50.244998931884766
50.209999084472656
50.19499969482422
50.18989944458008
50.16999816894531
50.110801696777344
50.13999938964844
50.150001525878906
50.15999984741211
50.16999816894531
50.14500045776367
50.150001525878906
50.130001068115234
50.092201232910156
50.040000915527344
50.029998779296875
50.04999923706055
50.025001525878906
50.02000045776367
49.970001220703125
49.9900016784668
49.970001220703125
50.01499938964844
50.0099983215332
50.03499984741211
50.029998779296875
50.01499938964844
50.04499816894531
50.08000183105469
50.099998474121094
50.099998474121094
50.095001220703125
50.060001373291016
50.08000183105469
50.05500030517578
50.040000915527344
50.029998779296875
50.005001068115234
50.05500030517578
50.040000915527344
50.060001373291016
50.04499816894531
50.08000183105469
50.09000015258789
50.08000183105469
50.09000015258789
50.11000061035156
50.08000183105469
50.1349983215332
50.130001068115234
50.11000061035156
50.13999938964844
50.16999816894531
50.209999084472656
50.16999816894531
50.119998931884766
50.119998931884766
50.119998931884766
50.1349983215332
50.090999603271484
50.11000061035156
50.099998474121094
50.09000015258789
50.130001068115234
50.150001525878906
50.12009811401367
50.130001068115234
50.13999938964844
50.13999938964844
50.119998931884766
50.1599006652832
50.13999938964844
50.130001068115234
50.1150016784668
50.087501525878906
50.040000915527344
50.029998779296875
50.02000045776367
49.9817008972168
49.959999084472656
49.939998626708984
49.939998626708984
49.95240020751953
50.0
50.002201080322266
49.9900016784668
50.0099983215332
50.0099983215332
50.0
50.0
50.0
50.0099983215332
50.040000915527344
50.11000061035156
50.130001068115234
50.11000061035156
50.150001525878906
50.150001525878906
50.150001525878906
50.15999984741211
50.18000030517578
50.20000076293945
50.20000076293945
50.18000030517578
50.189998626708984
50.18000030517578
50.189998626708984
50.189998626708984
50.19329833984375
50.20000076293945
50.189998626708984
50.18000030517578
50.17499923706055
50.16490173339844
50.17499923706055
50.15999984741211
50.16999816894531
50.154998779296875
50.13999938964844
50.11000061035156
50.09000015258789
50.08000183105469
50.09000015258789
50.060001373291016
50.060001373291016
50.08000183105469
50.08000183105469
50.11000061035156
50.10499954223633
50.09000015258789
50.06999969482422
50.099998474121094
50.09000015258789
50.09000015258789
50.099998474121094
50.099998474121094
50.13999938964844
50.15999984741211
50.150001525878906
50.11000061035156
50.09000015258789
50.1150016784668
50.11000061035156
50.11000061035156
50.10499954223633
50.130001068115234
50.119998931884766
50.11000061035156
50.130001068115234
50.13999938964844
50.18000030517578
50.18000030517578
50.17499923706055
50.16999816894531
50.16999816894531
50.18000030517578
50.16999816894531
50.14659881591797
50.13999938964844
50.1349983215332
50.13999938964844
50.15999984741211
50.154998779296875
50.15999984741211
50.16999816894531
50.16999816894531
50.18000030517578
50.189998626708984
50.16999816894531
50.209999084472656
50.21770095825195
50.220001220703125
50.20000076293945
50.20000076293945
50.23500061035156
50.22999954223633
50.209999084472656
50.20000076293945
50.15999984741211
50.185001373291016
50.209999084472656
50.20000076293945
50.20500183105469
50.21310043334961
50.21009826660156
50.21500015258789
50.23500061035156
50.2400016784668
50.22999954223633
50.20220184326172
50.21689987182617
50.21260070800781
50.209999084472656
50.209999084472656
50.220001220703125
50.20000076293945
50.209999084472656
50.224998474121094
50.234100341796875
50.220001220703125
50.2400016784668
50.220001220703125
50.22999954223633
50.20000076293945
50.209999084472656
50.213199615478516
50.209999084472656
50.21500015258789
50.23500061035156
50.25
50.2599983215332
50.2400016784668
50.249900817871094
50.25
50.2400016784668
50.244998931884766
50.25
50.25
50.255001068115234
50.28499984741211
50.27000045776367
50.26499938964844
50.28499984741211
50.31999969482422
50.31999969482422
50.3473014831543
50.349998474121094
50.36000061035156
50.369998931884766
50.36840057373047
50.380001068115234
50.388301849365234
50.380001068115234
50.380001068115234
50.375
50.349998474121094
50.31999969482422
50.29999923706055
50.31999969482422
50.33000183105469
50.33000183105469
50.31999969482422
50.31850051879883
50.31999969482422
50.31999969482422
50.34000015258789
50.28499984741211
50.290000915527344
50.29999923706055
50.290000915527344
50.290000915527344
50.28919982910156
50.279998779296875
50.27000045776367
50.2599983215332
50.255001068115234
50.27000045776367
50.25
50.25
50.22999954223633
50.189998626708984
50.189998626708984
50.209999084472656
50.189998626708984
50.195701599121094
50.16999816894531
50.13999938964844
50.18000030517578
50.19499969482422
50.21649932861328
50.2400016784668
50.27000045776367
50.279998779296875
50.26499938964844
50.27000045776367
50.2599983215332
50.244998931884766
50.2599983215332
50.2599983215332
50.220001220703125
50.220001220703125
50.22869873046875
50.22999954223633
50.244998931884766
50.25
50.2599983215332
50.26499938964844
50.26499938964844
50.28499984741211
50.279998779296875
50.30500030517578
50.29999923706055
50.31999969482422
50.31650161743164
50.32500076293945
50.33000183105469
50.31999969482422
50.33000183105469
50.32500076293945
50.31999969482422
50.29999923706055
50.29999923706055
50.279998779296875
50.26499938964844
50.290000915527344
50.29499816894531
50.310001373291016
50.310001373291016
50.310001373291016
50.31999969482422
50.312400817871094
50.345001220703125
50.33000183105469
50.33000183105469
50.31999969482422
50.34000015258789
50.349998474121094
50.36000061035156
50.369998931884766
50.3849983215332
50.38209915161133
50.36000061035156
50.36629867553711
50.3849983215332
50.40999984741211
50.43000030517578
50.439998626708984
50.45000076293945
50.439998626708984
50.43980026245117
50.41999816894531
50.41999816894531
50.43000030517578
50.41999816894531
50.43050003051758
50.439998626708984
50.46500015258789
50.470001220703125
50.4900016784668
50.470001220703125
50.45500183105469
50.474998474121094
50.470001220703125
50.45000076293945
50.41999816894531
50.380001068115234
50.38999938964844
50.36000061035156
50.349998474121094
50.369998931884766
50.38180160522461
50.38999938964844
50.38999938964844
50.38999938964844
50.38999938964844
50.400001525878906
50.439998626708984
50.45000076293945
50.45000076293945
50.45000076293945
50.45009994506836
50.45500183105469
50.43920135498047
50.439998626708984
50.44160079956055
50.45000076293945
50.452701568603516
50.45500183105469
50.439998626708984
50.45000076293945
50.439998626708984
50.459999084472656
50.45000076293945
50.43000030517578
50.43989944458008
50.45000076293945
50.435001373291016
50.42499923706055
50.43429946899414
50.45000076293945
50.439998626708984
50.43000030517578
50.435001373291016
50.47999954223633
50.470001220703125
50.47999954223633
50.4900016784668
50.47999954223633
50.470001220703125
50.470001220703125
50.474998474121094
50.47999954223633
50.4739990234375
50.470001220703125
50.470001220703125
50.46260070800781
50.459999084472656
50.47999954223633
50.47999954223633
50.48500061035156
50.46500015258789
50.439998626708984
50.44499969482422
50.45500183105469
50.45000076293945
50.45500183105469
50.47999954223633
50.48500061035156
50.47999954223633
50.470001220703125
50.47999954223633
50.480499267578125
50.470001220703125
50.439998626708984
50.44499969482422
50.45000076293945
50.459999084472656
50.459999084472656
50.435001373291016
50.439998626708984
50.45000076293945
50.48979949951172
50.52280044555664
50.529998779296875
50.540000915527344
50.54499816894531
50.525001525878906
50.5099983215332
50.529998779296875
50.5099983215332
50.49100112915039
50.4900016784668
50.4900016784668
50.525001525878906
50.52000045776367
50.54999923706055
50.55500030517578
50.55270004272461
50.560001373291016
50.560001373291016
50.525001525878906
50.540000915527344
50.564998626708984
50.58000183105469
50.60929870605469
50.63999938964844
50.6349983215332
50.61000061035156
50.61000061035156
50.6349983215332
50.619998931884766
50.630001068115234
50.619998931884766
50.650001525878906
50.63999938964844
50.64649963378906
50.650001525878906
50.619998931884766
50.64500045776367
50.56999969482422
50.56999969482422
50.56829833984375
50.60499954223633
50.60499954223633
50.599998474121094
50.61000061035156
50.59000015258789
50.58000183105469
50.58000183105469
50.59000015258789
50.630001068115234
50.62419891357422
50.57500076293945
50.601200103759766
50.625
50.61000061035156
50.619998931884766
50.58000183105469
50.56999969482422
50.584999084472656
50.540000915527344
50.53499984741211
50.540000915527344
50.525001525878906
50.529998779296875
50.525001525878906
50.525001525878906
50.540000915527344
50.54499816894531
50.5099983215332
50.52009963989258
50.525001525878906
50.529998779296875
50.52579879760742
50.505001068115234
50.45000076293945
50.44499969482422
50.42499923706055
50.41999816894531
50.36000061035156
50.369998931884766
50.37990188598633
50.369998931884766
50.404998779296875
50.42499923706055
50.459999084472656
50.45500183105469
50.44499969482422
50.42499923706055
50.415000915527344
50.41999816894531
50.40999984741211
50.40999984741211
