141.00999450683594
141.19000244140625
141.4499969482422
141.58749389648438
141.47000122070312
141.19000244140625
141.02999877929688
140.9499969482422
140.83999633789062
140.75
140.60000610351562
140.69000244140625
140.5399932861328
140.63999938964844
140.89649963378906
141.07000732421875
141.13999938964844
141.11000061035156
140.92999267578125
141.02999877929688
141.0800018310547
140.99000549316406
141.1300048828125
141.02999877929688
141.1699981689453
141.16000366210938
141.38099670410156
141.39999389648438
141.25
141.02999877929688
141.07000732421875
141.1544952392578
141.13999938964844
141.0500030517578
141.06500244140625
140.72000122070312
140.72000122070312
140.74000549316406
140.75
140.65499877929688
140.5749969482422
140.5399932861328
140.5500030517578
140.52999877929688
140.4550018310547
140.5399932861328
140.44000244140625
140.51499938964844
140.5260009765625
140.80499267578125
140.80999755859375
140.7550048828125
140.76480102539062
140.80690002441406
140.7812042236328
140.75999450683594
140.6302032470703
140.55499267578125
140.61500549316406
140.6053924560547
140.5
140.5500030517578
140.57000732421875
140.63999938964844
140.66000366210938
140.6302947998047
140.75
140.6300048828125
140.67999267578125
140.6199951171875
140.77999877929688
140.72999572753906
140.5500030517578
140.5500030517578
140.55999755859375
140.57000732421875
140.6199951171875
140.5800018310547
140.51499938964844
140.55999755859375
140.48500061035156
140.4199981689453
140.38999938964844
140.38999938964844
140.44000244140625
140.44000244140625
140.5081024169922
140.5500030517578
140.49000549316406
140.49000549316406
140.47999572753906
140.55999755859375
140.67999267578125
140.61000061035156
140.63499450683594
140.64999389648438
140.74000549316406
140.8350067138672
140.86000061035156
140.85000610351562
140.8800048828125
140.8800048828125
140.8300018310547
140.8800048828125
140.80499267578125
140.77479553222656
140.72000122070312
140.6199951171875
140.61000061035156
140.60000610351562
140.63999938964844
140.6649932861328
140.6300048828125
140.61849975585938
140.67999267578125
140.72000122070312
140.64999389648438
140.6300048828125
140.66000366210938
140.72500610351562
140.60000610351562
140.6999969482422
140.65499877929688
140.5998992919922
140.61000061035156
140.63609313964844
140.67999267578125
140.72000122070312
140.7100067138672
140.6300048828125
140.61000061035156
140.63999938964844
140.72000122070312
140.61000061035156
140.64999389648438
140.58030700683594
140.63999938964844
140.6999969482422
140.7154998779297
140.64999389648438
140.65640258789062
140.6999969482422
140.65069580078125
140.52999877929688
140.47999572753906
140.57000732421875
140.67999267578125
140.59500122070312
140.61000061035156
140.58999633789062
140.50999450683594
140.51589965820312
140.57000732421875
140.47500610351562
140.52999877929688
140.5800018310547
140.57029724121094
140.58999633789062
140.57440185546875
140.5500030517578
140.55999755859375
140.60000610351562
140.52000427246094
140.47999572753906
140.49000549316406
140.44000244140625
140.48500061035156
140.47000122070312
140.39999389648438
140.47000122070312
140.47000122070312
140.47999572753906
140.49000549316406
140.5399932861328
140.52000427246094
140.41000366210938
140.4149932861328
140.33999633789062
140.34500122070312
140.25999450683594
140.24000549316406
140.3000030517578
140.24000549316406
140.17999267578125
140.30999755859375
140.2899932861328
140.36000061035156
140.39999389648438
140.35000610351562
140.44000244140625
140.41000366210938
140.36000061035156
140.38999938964844
140.4199981689453
140.44000244140625
140.50999450683594
140.5500030517578
140.55499267578125
140.57000732421875
140.61000061035156
140.6199951171875
140.64999389648438
140.65499877929688
140.75
140.8000030517578
140.8350067138672
140.84629821777344
140.86000061035156
140.9281005859375
140.94859313964844
140.97000122070312
140.9250030517578
140.88999938964844
140.8800048828125
140.9149932861328
140.9600067138672
140.92999267578125
140.875
140.86000061035156
140.85000610351562
140.8000030517578
140.83999633789062
140.8000030517578
140.72000122070312
140.72000122070312
140.72000122070312
140.69000244140625
140.66099548339844
140.68569946289062
140.74000549316406
140.77000427246094
140.77000427246094
140.72500610351562
140.72000122070312
140.77000427246094
140.75999450683594
140.7100067138672
140.77000427246094
140.75999450683594
140.83999633789062
140.86000061035156
140.91949462890625
140.86000061035156
140.84500122070312
140.8699951171875
140.89999389648438
140.89999389648438
140.85499572753906
140.88999938964844
140.88999938964844
140.88999938964844
140.9134979248047
140.97000122070312
141.00999450683594
141.05999755859375
140.98500061035156
141.0399932861328
141.00270080566406
140.96530151367188
140.99000549316406
140.9199981689453
140.8800048828125
140.88999938964844
140.86000061035156
140.91000366210938
140.9199981689453
140.94500732421875
140.9600067138672
140.98500061035156
140.97999572753906
140.97999572753906
140.97000122070312
141.0290069580078
140.99000549316406
140.976806640625
140.9499969482422
140.97999572753906
140.97000122070312
140.9600067138672
140.97500610351562
140.97999572753906
140.99029541015625
141.00999450683594
141.02999877929688
141.0399932861328
141.02200317382812
141.0408935546875
141.10000610351562
141.09930419921875
141.1300048828125
141.1479949951172
141.10000610351562
141.1199951171875
141.1479949951172
141.1300048828125
141.1345977783203
141.13999938964844
141.14999389648438
141.11000061035156
141.12559509277344
141.1750030517578
141.2100067138672
141.24000549316406
141.281005859375
141.27499389648438
141.30929565429688
141.31590270996094
141.36000061035156
141.35000610351562
141.36000061035156
141.32000732421875
141.33999633789062
141.31399536132812
141.3699951171875
141.30499267578125
141.32679748535156
141.32000732421875
141.3621063232422
141.3300018310547
141.34500122070312
141.30999755859375
141.33399963378906
141.38999938964844
141.3800048828125
141.39999389648438
141.38999938964844
141.41690063476562
141.4600067138672
141.4600067138672
141.49000549316406
141.4250030517578
141.41000366210938
141.38999938964844
141.41000366210938
141.41000366210938
141.3782958984375
141.33999633789062
141.33999633789062
141.3000030517578
141.27000427246094
141.2449951171875
141.27000427246094
141.27000427246094
141.2801055908203
141.19000244140625
141.1710968017578
141.1199951171875
141.08999633789062
141.09100341796875
141.04600524902344
141.0
141.02499389648438
140.9949951171875
140.9600067138672
140.92999267578125
140.99000549316406
140.92999267578125
140.9499969482422
140.9499969482422
140.9550018310547
140.97000122070312
141.00169372558594
141.0449981689453
141.02999877929688
141.00999450683594
141.08999633789062
141.07000732421875
141.0399932861328
140.98060607910156
140.92999267578125
140.97000122070312
140.9499969482422
141.0
141.0399932861328
141.0500030517578
141.0500030517578
141.07749938964844
141.07749938964844
141.07000732421875
141.07000732421875
141.10000610351562
141.1475067138672
141.09500122070312
141.1199951171875
141.1300048828125
141.16000366210938
141.14999389648438
141.19000244140625
141.18899536132812
141.17999267578125
141.1999969482422
141.22999572753906
141.24000549316406
141.24400329589844
141.24000549316406
141.2010040283203
141.2100067138672
141.25
141.27000427246094
141.27000427246094
141.23399353027344
141.22999572753906
141.22000122070312
141.22000122070312
141.19439697265625
141.2028045654297
141.17999267578125
141.21499633789062
141.1977996826172
141.22999572753906
141.27000427246094
141.2899932861328
141.30499267578125
141.3000030517578
141.35000610351562
141.36000061035156
141.35499572753906
141.375
141.375
141.38999938964844
141.3699951171875
141.35000610351562
141.39999389648438
141.3000030517578
141.25
141.22000122070312
141.1999969482422
141.22000122070312
141.27000427246094
141.27000427246094
141.24679565429688
141.27000427246094
141.25999450683594
141.24000549316406
141.2899932861328
141.2899932861328
141.2899932861328
141.3112030029297
141.33999633789062
141.3699951171875
141.41000366210938
141.3968963623047
141.4199981689453
141.36000061035156
141.38999938964844
141.40150451660156
141.35000610351562
141.3302001953125
141.27999877929688
141.33999633789062
141.32000732421875
141.32000732421875
141.33999633789062
141.3699951171875
141.36000061035156
141.28500366210938
141.25999450683594
141.19000244140625
141.19000244140625
141.22999572753906
141.24000549316406
141.22000122070312
141.17999267578125
141.17999267578125
141.24000549316406
141.25
141.25
141.1699981689453
141.11000061035156
141.14500427246094
141.13999938964844
141.1199951171875
141.10000610351562
141.04800415039062
141.00999450683594
141.0500030517578
141.0399932861328
141.08999633789062
141.13499450683594
141.10000610351562
141.09500122070312
141.1199951171875
141.11000061035156
141.1199951171875
141.05999755859375
141.0500030517578
141.07000732421875
141.10000610351562
141.0800018310547
141.0850067138672
141.1300048828125
141.10000610351562
141.10000610351562
141.11000061035156
141.11000061035156
141.10000610351562
141.13999938964844
141.1199951171875
141.14999389648438
141.16000366210938
141.19000244140625
141.1999969482422
141.22000122070312
141.19000244140625
141.15469360351562
141.15469360351562
141.1510009765625
141.13999938964844
141.14999389648438
141.1699981689453
141.19000244140625
141.16000366210938
141.19000244140625
141.19329833984375
141.2100067138672
141.16000366210938
141.10000610351562
141.0800018310547
141.06500244140625
141.0399932861328
141.07000732421875
141.0399932861328
141.0399932861328
141.05999755859375
141.0605010986328
141.11000061035156
141.0800018310547
141.0449981689453
141.02000427246094
141.00999450683594
140.99000549316406
141.00999450683594
141.0
140.93499755859375
140.97869873046875
140.97999572753906
140.97999572753906
141.0500030517578
141.07000732421875
141.07000732421875
141.05999755859375
141.10000610351562
141.08999633789062
141.173095703125
141.1699981689453
141.2100067138672
141.25999450683594
141.2899932861328
141.3300018310547
141.3076934814453
141.25999450683594
141.24000549316406
141.25
141.30499267578125
141.27999877929688
141.30999755859375
141.3000030517578
141.3300018310547
141.3311004638672
141.33999633789062
141.3699951171875
141.4149932861328
141.2899932861328
141.27999877929688
141.27720642089844
141.375
141.3300018310547
141.36000061035156
141.35499572753906
141.30999755859375
141.25
141.3000030517578
141.25999450683594
141.27000427246094
141.3253936767578
141.24000549316406
141.2899932861328
141.2949981689453
141.25
141.2100067138672
141.19900512695312
141.1699981689453
141.19500732421875
141.19000244140625
141.17999267578125
141.1800994873047
141.22999572753906
141.19000244140625
141.2100067138672
141.1999969482422
141.19000244140625
141.17999267578125
141.20399475097656
141.25999450683594
141.2949981689453
141.25
141.24000549316406
141.14999389648438
141.1699981689453
141.19000244140625
141.17999267578125
141.1199951171875
141.02999877929688
141.02999877929688
141.0449981689453
141.08839416503906
141.1199951171875
141.14500427246094
141.13999938964844
141.08999633789062
141.05999755859375
140.92999267578125
140.91000366210938
140.80999755859375
140.86000061035156
140.86000061035156
