35424.25
35431.4609375
35411.37109375
35376.0703125
35375.19140625
35409.1796875
35426.8203125
35414.76171875
35448.73828125
35433.2890625
35445.4609375
35409.3515625
35382.1796875
35360.44140625
35358.890625
35353.890625
35337.1796875
35343.48046875
35312.58984375
35317.01171875
35301.12109375
35312.19140625
35335.76171875
35353.421875
35330.3515625
35320.26171875
35300.44140625
35280.80078125
35285.05859375
35280.609375
35292.37109375
35303.05078125
35312.58984375
35306.12109375
35300.19921875
35309.55078125
35306.078125
35324.2109375
35316.2890625
35312.2109375
35349.80078125
35317.94140625
35315.8984375
35333.140625
35322.05859375
35331.37109375
35338.6484375
35335.859375
35358.75
35319.73046875
35296.7109375
35313.41015625
35325.69140625
35334.05078125
35311.12890625
35324.12890625
35327.1015625
35312.44140625
35343.5
35367.0
35385.421875
35373.171875
35373.69921875
35368.0703125
35354.9609375
35371.23046875
35363.55078125
35370.21875
35393.12890625
35378.96875
35370.890625
35359.73828125
35342.1484375
35343.69921875
35323.078125
35330.0390625
35346.55078125
35361.2109375
35353.19140625
35366.87109375
35364.26171875
35352.8515625
35353.58984375
35374.2890625
35395.01953125
35389.3984375
35371.71875
35372.19140625
35377.109375
35383.30078125
35386.76171875
35387.3515625
35386.25
35405.890625
35402.3203125
35392.26953125
35383.26953125
35376.78125
35396.8984375
35413.1484375
35411.140625
35402.23828125
35415.0
35412.01953125
35418.578125
35429.5390625
35424.01171875
35430.5
35431.7890625
35416.87890625
35406.55859375
35398.2109375
35403.7890625
35395.44921875
35388.87890625
35402.51171875
35400.21875
35399.23046875
35392.48828125
35391.01171875
35390.33984375
35397.30859375
35402.5
35408.76953125
35401.078125
35403.80859375
35407.421875
35417.37890625
35421.19921875
35404.671875
35393.1796875
35395.69921875
35390.2109375
35389.73046875
35397.6796875
35387.26171875
35369.28125
35371.5390625
35375.328125
35390.01953125
35398.96875
35400.8203125
35395.23046875
35397.55859375
35403.08984375
35420.94921875
35429.21875
35420.5390625
35418.01953125
35427.26953125
35424.2890625
35427.1015625
35417.6796875
35431.9296875
35441.859375
35433.328125
35413.58984375
35411.640625
35416.41015625
35410.37890625
35407.3984375
35411.80859375
35407.80859375
35409.109375
35408.171875
35414.8984375
35405.44140625
35409.76171875
35387.75
35385.41015625
35398.0
35394.609375
35398.171875
35408.76171875
35410.26953125
35405.01171875
35405.05078125
35395.83984375
35376.05078125
35380.69140625
35384.19921875
35393.23828125
35398.3203125
35382.51171875
35374.5390625
35371.76953125
35378.78125
35366.73828125
35377.66015625
35371.7890625
35382.19921875
35370.578125
35362.30859375
35365.44140625
35367.2109375
35361.9296875
35367.44140625
35349.6015625
35354.7109375
35356.98046875
35357.2109375
35368.78125
35370.5703125
35366.58984375
35377.640625
35375.46875
35376.26171875
35374.51953125
35367.08984375
35361.51953125
35372.359375
35372.890625
35365.171875
35377.51171875
35373.71875
35380.66015625
35386.3203125
35374.05859375
35370.109375
35346.3203125
35352.44921875
35365.19140625
35340.4296875
35337.609375
35352.08984375
35342.0390625
35341.0
35344.37109375
35327.69921875
35332.01953125
35340.19921875
35341.5
35322.9609375
35310.8984375
35298.8203125
35299.12890625
35287.171875
35280.5390625
35300.94921875
35290.46875
35294.51953125
35288.8984375
35295.05859375
35310.16015625
35307.76953125
35306.1796875
35308.08984375
35310.890625
35314.96875
35317.98828125
35319.4609375
35328.87109375
35331.26953125
35336.44140625
35334.87109375
35327.26953125
35315.171875
35310.9609375
35312.171875
35314.078125
35301.48046875
35290.73046875
35291.08984375
35308.66015625
35314.73046875
35305.078125
35314.21875
35321.26171875
35330.0
35337.94140625
35335.5390625
35329.48046875
35323.55859375
35329.0
35326.328125
35334.83984375
35332.3203125
35332.87109375
35338.08984375
35326.19140625
35308.16015625
35328.609375
35360.55859375
35362.48828125
35360.171875
35358.2890625
35360.421875
35356.23828125
35351.05859375
35354.26171875
35339.6796875
35337.03125
35347.96875
35344.58984375
35348.55078125
35330.66015625
35324.94140625
35320.94921875
35312.3203125
35305.4609375
35293.328125
35283.19921875
35281.01953125
35286.87890625
35298.73828125
35304.9609375
35304.37109375
35309.05859375
35302.421875
35310.62890625
35296.69140625
35300.26171875
35295.6015625
35299.75
35310.26953125
35305.16015625
35295.96875
35295.328125
35304.578125
35308.46875
35295.62890625
35295.21875
35280.4296875
35269.3984375
35278.80859375
35277.6015625
35292.53125
35294.5390625
35294.921875
35285.3984375
35279.80859375
35285.8203125
35287.4296875
35284.37890625
35289.37109375
35296.19140625
35311.4296875
35315.37890625
35318.41015625
35318.30078125
35318.23828125
35321.12890625
35318.44921875
35316.30859375
35313.2109375
35318.75
35313.0703125
35309.26171875
35301.53125
35315.19140625
35337.9296875
35327.6484375
35328.87109375
35328.08984375
35331.30078125
35329.53125
35340.76171875
35341.921875
35343.1484375
35338.921875
35336.890625
35345.62109375
35332.859375
35335.578125
35340.359375
35341.33984375
35351.19140625
35347.5703125
35353.75
35358.66015625
35357.44921875
35351.109375
35354.28125
35342.53125
35335.01953125
35332.1015625
35343.21875
35336.30859375
35329.33984375
35337.69921875
35336.87109375
35339.78125
35348.0390625
35349.16015625
35348.28125
35351.03125
35362.05078125
35343.80859375
35374.51171875
35374.0
35367.48046875
35362.73046875
35377.16015625
35371.26171875
35379.140625
35377.26953125
35381.9609375
35374.58984375
35366.01171875
35372.21875
35368.890625
35367.609375
35363.71875
35359.46875
35359.37109375
35357.69140625
35356.30859375
35351.03125
35349.2109375
35334.94921875
35330.6015625
35330.1796875
35317.9609375
35305.41015625
35302.55078125
35277.26171875
35279.9296875
35273.890625
35254.73828125
35277.05078125
35270.421875
35257.96875
35245.1796875
35238.0390625
35228.859375
35217.98828125
35217.609375
35209.80859375
35192.12109375
35195.48828125
35189.05078125
35191.46875
35208.28125
35208.21875
35207.33984375
35202.78125
35198.19921875
35199.30078125
35196.3984375
35203.46875
35203.421875
35202.109375
35210.8984375
35207.37109375
35217.23828125
35227.08984375
35226.2109375
35229.8515625
35229.9609375
35235.37109375
35222.4296875
35226.390625
35236.828125
35218.55078125
35217.94921875
35197.58984375
35200.80078125
35190.25
35204.2890625
35203.3203125
35184.62109375
35178.0390625
35180.78125
35182.0703125
35196.6484375
35215.9296875
35210.6015625
35218.62109375
35205.55859375
35223.01953125
35246.921875
35241.41015625
35257.9296875
35260.328125
35255.6015625
35252.16015625
35238.28125
35240.73828125
35248.1796875
35276.5703125
35271.921875
35259.76171875
35258.0
35269.3984375
35258.6796875
35254.328125
35237.73046875
35232.78125
35248.75
35220.26953125
35219.83984375
35231.87109375
35243.69140625
35231.83984375
35229.98046875
35221.80859375
35156.5390625
35165.4296875
35181.37109375
35185.109375
35176.69140625
35174.109375
35166.80078125
35173.140625
35126.98828125
35135.671875
35123.26953125
35116.58984375
35138.140625
35132.4609375
35139.91015625
35096.80859375
35077.9296875
35074.828125
35094.08984375
35088.390625
35095.78125
35085.98828125
35078.41015625
35139.078125
35160.359375
35123.390625
35105.7890625
35105.9609375
35134.4296875
35085.69140625
35110.33984375
35110.33984375
