174.5699005126953
174.88999938964844
174.70840454101562
174.7100067138672
174.74009704589844
174.65499877929688
174.781494140625
174.57000732421875
174.57730102539062
174.2100067138672
174.4700927734375
174.3000030517578
174.07000732421875
173.9499969482422
173.8699951171875
174.08599853515625
173.927001953125
174.25
174.16000366210938
174.3000030517578
174.07000732421875
174.16000366210938
174.19180297851562
174.17999267578125
174.3000030517578
174.19000244140625
174.3699951171875
174.24000549316406
174.17999267578125
174.27999877929688
174.57000732421875
174.63999938964844
174.72970581054688
174.63999938964844
174.4600067138672
174.60000610351562
174.8199005126953
174.72000122070312
174.6199951171875
174.52000427246094
174.64999389648438
174.5449981689453
174.77000427246094
175.02760314941406
174.88999938964844
174.8990936279297
174.9600067138672
174.9199981689453
175.0850067138672
174.8300018310547
174.7100067138672
174.80099487304688
175.0399932861328
175.00999450683594
175.03500366210938
175.15499877929688
175.07000732421875
175.0
175.0500030517578
175.3000030517578
175.50050354003906
175.4199981689453
175.65499877929688
175.55999755859375
175.375
175.49000549316406
175.31939697265625
175.44000244140625
175.7899932861328
175.64999389648438
175.61500549316406
175.625
175.7050018310547
175.74000549316406
175.60000610351562
175.60499572753906
175.58030700683594
175.44000244140625
175.47000122070312
175.5800018310547
175.5399932861328
175.5
175.56930541992188
175.74000549316406
175.97999572753906
175.85000610351562
175.71499633789062
175.55999755859375
175.74000549316406
175.63999938964844
175.67999267578125
175.52499389648438
175.79139709472656
175.77999877929688
175.80999755859375
175.77999877929688
175.88999938964844
175.88999938964844
175.7899932861328
175.91000366210938
175.99000549316406
176.1300048828125
176.0341033935547
175.97000122070312
175.8699951171875
175.77999877929688
175.67999267578125
175.70570373535156
175.61590576171875
175.47000122070312
175.360107421875
175.38999938964844
175.39010620117188
175.17999267578125
175.14999389648438
175.15499877929688
175.24000549316406
175.32000732421875
175.38009643554688
175.27000427246094
175.25999450683594
175.26400756835938
175.3000030517578
175.32000732421875
175.23240661621094
175.30099487304688
175.35000610351562
175.408203125
175.47500610351562
175.4282989501953
175.18899536132812
175.2799072265625
175.13999938964844
175.1199951171875
175.24899291992188
175.11000061035156
175.02000427246094
174.99000549316406
175.13169860839844
175.34869384765625
175.3603057861328
175.360107421875
175.2949981689453
175.38999938964844
175.4403076171875
175.49000549316406
175.50100708007812
175.3800048828125
175.38009643554688
175.61000061035156
175.57000732421875
175.60890197753906
175.77999877929688
175.81019592285156
175.94090270996094
175.91070556640625
175.84500122070312
175.8105010986328
175.7899932861328
175.65499877929688
175.59840393066406
175.67999267578125
175.6999969482422
175.69000244140625
175.6199951171875
175.4600067138672
175.3000030517578
175.1699981689453
175.02999877929688
175.00999450683594
174.8717041015625
174.95199584960938
174.99000549316406
174.98989868164062
175.09500122070312
175.2010040283203
175.16200256347656
175.14010620117188
174.94000244140625
174.97500610351562
175.0
175.00100708007812
175.02499389648438
174.80679321289062
174.79989624023438
174.63499450683594
174.6750030517578
174.71009826660156
174.60000610351562
174.8249969482422
174.89520263671875
174.83009338378906
174.77999877929688
174.6999969482422
174.77999877929688
174.60009765625
174.68699645996094
174.64500427246094
174.72999572753906
174.8000030517578
174.8000030517578
174.8300018310547
174.83999633789062
174.8000030517578
174.91000366210938
174.9398956298828
174.80999755859375
174.77000427246094
174.74000549316406
174.77499389648438
174.89999389648438
174.74000549316406
174.76499938964844
174.77000427246094
174.75999450683594
174.88999938964844
174.85000610351562
174.75
174.75070190429688
174.7301025390625
174.75999450683594
174.86000061035156
174.7310028076172
174.6759033203125
174.73989868164062
174.75
174.8000030517578
174.75999450683594
174.63999938964844
174.59500122070312
174.7100067138672
174.75
174.69000244140625
174.57000732421875
174.4199981689453
174.39999389648438
174.39999389648438
174.49000549316406
174.60000610351562
174.4429931640625
174.57000732421875
174.62989807128906
174.58999633789062
174.67999267578125
174.69000244140625
174.60499572753906
174.6199951171875
174.59010314941406
174.57000732421875
174.56939697265625
174.6300048828125
174.61000061035156
174.75999450683594
174.77999877929688
174.7593994140625
174.75999450683594
174.63999938964844
174.6750030517578
174.69000244140625
174.6199951171875
174.46499633789062
174.5850067138672
174.72000122070312
174.98939514160156
174.80999755859375
174.77000427246094
174.74000549316406
174.85000610351562
175.05999755859375
175.29010009765625
175.2100067138672
175.13490295410156
175.0399932861328
175.0850067138672
175.125
175.09500122070312
175.08009338378906
175.10000610351562
175.1699981689453
175.0500030517578
174.9250030517578
174.98089599609375
175.19500732421875
175.32000732421875
175.35000610351562
175.4149932861328
175.35499572753906
175.3699951171875
175.3300018310547
175.375
175.22000122070312
175.16000366210938
175.2100067138672
175.27999877929688
175.22999572753906
175.1790008544922
175.00729370117188
175.110595703125
175.06190490722656
175.07000732421875
174.99000549316406
174.8699951171875
174.94000244140625
174.91000366210938
175.07000732421875
175.10000610351562
175.10499572753906
175.11500549316406
175.05999755859375
175.1750030517578
175.10000610351562
175.17880249023438
175.1750030517578
175.2100067138672
175.35000610351562
175.22999572753906
175.14999389648438
175.19500732421875
175.2449951171875
175.24000549316406
175.17999267578125
175.1999969482422
175.13999938964844
175.0850067138672
175.1381072998047
175.11790466308594
175.2050018310547
175.1999969482422
175.18899536132812
175.19900512695312
175.1699981689453
175.1999969482422
175.16329956054688
175.22000122070312
175.25999450683594
175.3800048828125
175.48080444335938
175.58909606933594
175.52169799804688
175.52999877929688
175.625
175.61839294433594
175.52000427246094
175.59829711914062
175.60499572753906
175.67999267578125
175.70779418945312
175.73019409179688
175.66000366210938
175.63499450683594
175.91000366210938
175.85890197753906
175.5915985107422
175.6199951171875
175.6221923828125
175.60000610351562
175.6118927001953
175.67999267578125
175.64999389648438
175.52000427246094
175.56039428710938
175.61129760742188
175.5
175.5800018310547
175.5749969482422
175.5800018310547
175.6569061279297
175.64500427246094
175.61000061035156
175.61749267578125
175.58999633789062
175.55499267578125
175.58999633789062
175.42999267578125
175.43499755859375
175.4199981689453
175.5500030517578
175.4600067138672
175.3699951171875
175.4600067138672
175.49110412597656
175.52000427246094
175.5625
175.52999877929688
175.51499938964844
175.52000427246094
175.61000061035156
175.44000244140625
175.11990356445312
175.17999267578125
175.11500549316406
175.11000061035156
175.14100646972656
175.1199951171875
175.2100067138672
175.19459533691406
175.22999572753906
175.19500732421875
175.19000244140625
175.1999969482422
175.25
175.2550048828125
175.19000244140625
175.10499572753906
175.0800018310547
175.11500549316406
175.13999938964844
175.08819580078125
175.0800018310547
175.04969787597656
175.07000732421875
175.13999938964844
175.07000732421875
174.91000366210938
174.94000244140625
174.83999633789062
174.8800048828125
174.86500549316406
175.0
174.85000610351562
174.83999633789062
174.69000244140625
174.65499877929688
174.66000366210938
174.63999938964844
174.55819702148438
174.50999450683594
174.4499969482422
174.39999389648438
174.36000061035156
174.3699951171875
174.38229370117188
174.44500732421875
174.44009399414062
174.527099609375
174.47000122070312
174.41549682617188
174.45700073242188
174.42999267578125
174.375
174.4199981689453
174.39999389648438
174.47000122070312
174.4250030517578
174.4600067138672
174.5500030517578
174.5399932861328
174.5850067138672
174.52999877929688
174.53500366210938
174.52000427246094
174.4582977294922
174.47000122070312
174.42999267578125
174.50999450683594
174.55999755859375
174.52000427246094
174.42799377441406
174.5
174.5399932861328
174.39500427246094
174.38499450683594
174.3000030517578
174.23789978027344
174.27999877929688
174.42010498046875
174.37010192871094
174.47000122070312
174.375
174.52999877929688
174.69940185546875
174.61000061035156
174.67999267578125
174.6999969482422
174.72560119628906
174.66990661621094
174.5800018310547
174.67990112304688
174.72000122070312
174.91000366210938
174.82000732421875
174.7449951171875
174.65499877929688
174.72999572753906
174.76890563964844
174.71499633789062
174.69500732421875
174.76499938964844
174.77000427246094
174.5749969482422
174.5449981689453
174.62049865722656
174.6649932861328
174.5500030517578
174.53500366210938
174.5500030517578
174.05999755859375
174.1082000732422
174.27999877929688
174.22999572753906
174.14999389648438
174.0
173.97999572753906
174.0399932861328
173.73500061035156
173.72500610351562
173.72000122070312
173.65249633789062
173.78329467773438
173.71499633789062
173.8153076171875
173.4199981689453
173.3300018310547
173.3000030517578
173.27999877929688
173.2449951171875
173.17100524902344
173.0500030517578
172.44000244140625
172.9499969482422
172.9600067138672
172.88499450683594
172.88499450683594
172.96229553222656
173.1479034423828
172.7899932861328
172.89999389648438
172.89999389648438
