227.08999633789062
227.24169921875
226.75
226.75
226.35000610351562
226.66000366210938
226.9199981689453
226.72000122070312
227.0399932861328
227.1699981689453
227.22999572753906
226.8800048828125
226.63999938964844
226.6699981689453
226.8699951171875
226.72999572753906
227.01499938964844
227.08999633789062
227.0
227.02000427246094
227.36000061035156
227.58999633789062
227.72000122070312
227.61000061035156
227.5399932861328
227.38499450683594
227.1199951171875
227.10000610351562
227.3000030517578
227.0500030517578
227.0749969482422
226.97000122070312
226.98500061035156
227.19000244140625
227.1999969482422
227.32000732421875
227.41000366210938
227.47000122070312
227.4499969482422
227.32000732421875
227.0500030517578
227.0800018310547
227.00999450683594
226.99000549316406
227.0
226.69180297851562
226.8699951171875
226.8699951171875
226.7899932861328
226.5800018310547
226.5399932861328
226.6300048828125
226.60000610351562
226.7100067138672
226.7899932861328
226.92999267578125
226.80999755859375
226.7899932861328
226.58099365234375
226.77999877929688
226.64500427246094
226.52000427246094
226.16000366210938
226.10000610351562
226.02000427246094
225.9499969482422
225.94000244140625
225.74000549316406
225.88999938964844
225.97999572753906
225.9199981689453
225.9149932861328
225.9600067138672
225.99000549316406
225.82000732421875
225.7100067138672
225.8300018310547
225.99000549316406
225.91000366210938
225.80999755859375
225.73330688476562
225.72999572753906
225.8800048828125
226.00999450683594
225.91000366210938
226.05999755859375
225.99000549316406
226.20579528808594
226.14999389648438
226.0290069580078
226.0
226.3699951171875
226.3000030517578
226.39999389648438
226.2100067138672
226.33999633789062
226.3249969482422
226.3249969482422
226.49000549316406
226.72999572753906
226.6999969482422
226.80999755859375
226.5500030517578
226.50999450683594
226.4600067138672
226.6199951171875
226.5399932861328
226.61000061035156
226.74000549316406
226.86500549316406
226.6699981689453
226.61000061035156
226.64010620117188
226.64999389648438
226.4499969482422
226.47999572753906
226.4600067138672
226.44000244140625
226.4304962158203
226.23500061035156
226.22999572753906
226.33999633789062
226.1199951171875
226.1699981689453
226.16000366210938
225.92999267578125
226.0449981689453
226.0500030517578
225.89999389648438
226.0800018310547
226.0749969482422
225.9600067138672
226.02999877929688
226.0500030517578
226.14999389648438
226.25999450683594
226.0449981689453
225.9600067138672
226.05999755859375
226.07000732421875
226.1699981689453
226.1300048828125
226.06500244140625
226.1199951171875
226.125
226.14999389648438
226.2899932861328
226.27000427246094
226.2100067138672
226.2100067138672
226.17999267578125
226.17999267578125
226.05999755859375
226.17999267578125
226.25
226.27000427246094
226.13999938964844
226.30999755859375
226.30430603027344
226.5399932861328
226.49000549316406
226.41000366210938
226.2050018310547
226.3800048828125
226.39999389648438
226.47000122070312
226.4600067138672
226.36500549316406
226.35110473632812
226.35110473632812
226.1699981689453
226.06500244140625
225.85000610351562
225.8249969482422
225.85000610351562
225.80999755859375
225.80499267578125
225.94000244140625
225.99000549316406
225.8699951171875
225.88499450683594
225.94500732421875
226.0050048828125
225.98500061035156
225.97999572753906
225.98500061035156
225.85000610351562
225.85000610351562
225.84500122070312
225.8300018310547
226.25999450683594
226.2050018310547
225.97000122070312
226.02499389648438
226.02000427246094
226.05880737304688
225.9949951171875
225.88999938964844
225.9949951171875
226.0500030517578
226.2100067138672
226.4199981689453
226.52499389648438
226.63999938964844
226.6990966796875
226.77999877929688
226.75999450683594
226.7899932861328
227.0
226.97999572753906
227.10000610351562
227.33999633789062
227.5
227.523193359375
227.60000610351562
227.44000244140625
227.44000244140625
227.27499389648438
227.27499389648438
227.1199951171875
227.1300048828125
227.30999755859375
227.22999572753906
227.18499755859375
227.1999969482422
227.22000122070312
227.11000061035156
227.19000244140625
227.10009765625
227.1300048828125
227.1300048828125
227.1300048828125
227.1300048828125
227.1649932861328
227.1649932861328
227.02000427246094
227.22000122070312
227.27999877929688
227.30999755859375
227.27999877929688
227.27999877929688
227.24000549316406
227.24000549316406
227.2899932861328
227.2899932861328
227.4600067138672
227.41000366210938
227.43499755859375
227.47999572753906
227.5
227.5399932861328
227.5399932861328
227.49000549316406
227.61500549316406
227.68899536132812
227.5399932861328
227.67999267578125
227.5865936279297
227.50999450683594
227.60000610351562
227.60000610351562
227.52000427246094
227.5050048828125
227.60000610351562
227.4739990234375
227.47000122070312
227.37939453125
227.33999633789062
227.47999572753906
227.5500030517578
227.5500030517578
227.5500030517578
227.42999267578125
227.5
227.36000061035156
227.2899932861328
227.22999572753906
227.25
227.25
227.05999755859375
227.03500366210938
227.0399932861328
227.13999938964844
227.14999389648438
227.14999389648438
227.0749969482422
227.10000610351562
226.99009704589844
226.99009704589844
226.99000549316406
226.82000732421875
226.80999755859375
226.9199981689453
226.9199981689453
226.94000244140625
226.89930725097656
226.86000061035156
226.86000061035156
226.80999755859375
226.8000030517578
226.7805938720703
226.77999877929688
226.72000122070312
226.72000122070312
226.64999389648438
226.57000732421875
226.57000732421875
226.52999877929688
226.52999877929688
226.55999755859375
226.55999755859375
226.55999755859375
226.4199981689453
226.4739990234375
226.47000122070312
226.5399932861328
226.31089782714844
226.5
226.4600067138672
226.55999755859375
226.4199981689453
226.47999572753906
226.47999572753906
226.27999877929688
226.25999450683594
226.2637939453125
226.33999633789062
226.41000366210938
226.52000427246094
226.4199981689453
226.30999755859375
226.25
226.33999633789062
226.2899932861328
226.3000030517578
226.27000427246094
226.22000122070312
226.1824951171875
226.17999267578125
226.14999389648438
226.19000244140625
226.05999755859375
226.13999938964844
226.16000366210938
226.14999389648438
226.11000061035156
226.02000427246094
226.02000427246094
225.97500610351562
226.05999755859375
226.27000427246094
226.19830322265625
226.30999755859375
226.22000122070312
226.25840759277344
226.13999938964844
226.22000122070312
226.22000122070312
226.17999267578125
226.0800018310547
226.0500030517578
226.1060028076172
226.0500030517578
226.0500030517578
226.0
225.85060119628906
225.88999938964844
225.7899932861328
225.82420349121094
225.85000610351562
225.8000030517578
225.8916015625
225.8916015625
225.94000244140625
225.86500549316406
225.9199981689453
225.99000549316406
225.99249267578125
226.0
226.00999450683594
226.0677947998047
226.1199951171875
226.16000366210938
226.2899932861328
226.2899932861328
226.5500030517578
226.52000427246094
226.60000610351562
226.60000610351562
226.27000427246094
226.27000427246094
226.1934051513672
226.30999755859375
226.22000122070312
226.30999755859375
226.39999389648438
226.3699951171875
226.27000427246094
226.27000427246094
226.2899932861328
226.3000030517578
226.3000030517578
226.24000549316406
226.25999450683594
226.25999450683594
226.17999267578125
226.22500610351562
226.1649932861328
226.07000732421875
226.02999877929688
226.11000061035156
226.05999755859375
225.9600067138672
225.96499633789062
225.9550018310547
225.88999938964844
225.7949981689453
225.82000732421875
225.79690551757812
225.83999633789062
225.7050018310547
225.6999969482422
225.55999755859375
225.53500366210938
225.5
225.52999877929688
225.58999633789062
225.61000061035156
225.5399932861328
225.5399932861328
225.49000549316406
225.51499938964844
225.5449981689453
225.49000549316406
225.42999267578125
225.38999938964844
225.2899932861328
225.38999938964844
225.33999633789062
225.3699951171875
225.33999633789062
225.2899932861328
225.2100067138672
225.21499633789062
225.2100067138672
225.25
225.13999938964844
225.07000732421875
225.08200073242188
225.05999755859375
224.91000366210938
225.0
224.99000549316406
224.97000122070312
224.9949951171875
224.9199981689453
224.92999267578125
224.8699951171875
224.82000732421875
224.7550048828125
224.7100067138672
224.6199951171875
224.64999389648438
224.66000366210938
224.7050018310547
224.86000061035156
224.80999755859375
224.77000427246094
224.6510009765625
224.73500061035156
224.8699951171875
224.8000030517578
224.9499969482422
224.8699951171875
224.85499572753906
224.74000549316406
224.6699981689453
224.6649932861328
224.59120178222656
224.6699981689453
224.72999572753906
224.75770568847656
224.5800018310547
224.6199951171875
224.57000732421875
224.5
224.41000366210938
224.44000244140625
224.47000122070312
224.38499450683594
224.41000366210938
224.38999938964844
224.4499969482422
224.61000061035156
224.82000732421875
224.63999938964844
224.22000122070312
224.1699981689453
224.3800048828125
224.5500030517578
224.52999877929688
224.35000610351562
224.3350067138672
224.41000366210938
224.2899932861328
224.25999450683594
224.24679565429688
224.2449951171875
224.3300018310547
224.49000549316406
224.46499633789062
224.25
224.14999389648438
224.14999389648438
224.14999389648438
223.91000366210938
224.00999450683594
224.0699005126953
223.8000030517578
224.19000244140625
224.27749633789062
224.125
224.14999389648438
224.1300048828125
224.30999755859375
223.97999572753906
224.0399932861328
224.0399932861328
