183.8448028564453
183.63499450683594
183.3699951171875
183.44000244140625
183.5800018310547
183.50999450683594
183.8800048828125
183.93499755859375
183.86000061035156
183.8300018310547
183.89999389648438
183.58999633789062
184.05999755859375
184.02999877929688
183.91000366210938
184.10000610351562
184.02999877929688
184.0800018310547
183.92999267578125
183.61000061035156
183.75999450683594
183.59500122070312
183.77499389648438
183.86000061035156
183.77999877929688
183.80499267578125
183.77999877929688
183.67999267578125
183.60000610351562
183.67999267578125
183.3699951171875
183.5500030517578
183.74000549316406
183.85000610351562
183.75999450683594
183.58999633789062
183.5850067138672
183.72000122070312
183.66000366210938
183.52000427246094
183.72000122070312
183.64500427246094
183.75999450683594
183.82000732421875
183.84500122070312
184.0
184.2449951171875
184.49000549316406
184.56500244140625
184.33999633789062
184.30999755859375
184.5800018310547
184.60000610351562
184.4199981689453
184.52999877929688
184.5
184.60000610351562
184.61000061035156
184.66000366210938
184.63499450683594
184.9199981689453
184.875
184.881103515625
184.94000244140625
184.83999633789062
184.92999267578125
185.1699981689453
185.2082977294922
185.14999389648438
185.13999938964844
185.19000244140625
185.10000610351562
184.77000427246094
185.0449981689453
185.02999877929688
184.95269775390625
185.11419677734375
185.22500610351562
185.05999755859375
185.214599609375
185.22000122070312
185.30870056152344
185.17999267578125
185.32110595703125
185.4250030517578
185.4499969482422
185.25
185.33900451660156
185.25399780273438
185.1116943359375
185.0850067138672
185.07000732421875
185.1649932861328
185.0399932861328
184.97000122070312
184.9499969482422
184.67999267578125
184.63999938964844
184.80999755859375
184.9600067138672
184.86000061035156
184.81820678710938
185.0
184.875
184.9949951171875
185.02000427246094
185.0449981689453
185.1199951171875
185.14999389648438
185.0500030517578
184.91000366210938
185.00999450683594
184.95750427246094
184.99830627441406
184.81329345703125
184.98899841308594
185.11000061035156
185.1199951171875
185.0570068359375
185.11000061035156
185.0500030517578
185.11000061035156
185.22999572753906
185.25999450683594
185.17999267578125
185.17999267578125
185.11000061035156
185.11000061035156
185.11000061035156
185.13499450683594
185.1699981689453
185.1699981689453
185.00999450683594
184.99400329589844
185.00399780273438
185.0500030517578
184.94000244140625
185.02999877929688
185.0500030517578
185.00999450683594
185.01539611816406
185.1999969482422
185.17999267578125
185.1793975830078
185.3000030517578
185.3000030517578
185.47999572753906
185.5
185.4550018310547
185.5399932861328
185.53500366210938
185.55999755859375
185.4600067138672
185.53500366210938
185.5449981689453
185.58990478515625
185.32000732421875
185.35000610351562
185.55499267578125
185.39999389648438
185.39500427246094
185.49000549316406
185.47000122070312
185.47500610351562
185.55499267578125
185.58999633789062
185.52999877929688
185.64320373535156
185.5800018310547
185.5500030517578
185.63900756835938
185.64010620117188
185.7550048828125
185.6855010986328
185.66000366210938
185.6782989501953
185.66940307617188
185.6793975830078
185.47000122070312
185.35000610351562
185.5749969482422
185.65499877929688
185.71499633789062
185.67149353027344
185.5399932861328
185.47999572753906
185.53500366210938
185.5050048828125
185.4600067138672
185.49000549316406
185.4199981689453
185.35000610351562
185.2899932861328
185.25999450683594
185.26499938964844
185.3000030517578
185.25
185.17999267578125
185.27000427246094
185.2899932861328
185.28500366210938
185.0800018310547
185.19000244140625
185.19000244140625
185.22999572753906
185.36000061035156
185.3800048828125
185.32420349121094
185.27000427246094
185.27000427246094
185.2100067138672
185.23500061035156
185.09500122070312
185.22000122070312
185.19500732421875
185.13499450683594
185.21609497070312
185.14999389648438
185.08999633789062
185.09500122070312
185.08999633789062
185.11000061035156
185.02000427246094
185.02999877929688
185.06500244140625
185.0500030517578
185.02000427246094
185.0399932861328
185.02999877929688
185.0800018310547
185.17970275878906
185.13999938964844
185.0
184.9499969482422
184.97999572753906
185.0
184.80999755859375
184.75
184.77999877929688
184.8000030517578
184.60000610351562
184.6300048828125
184.7100067138672
184.74000549316406
184.86000061035156
184.91000366210938
184.9199981689453
184.9600067138672
184.97000122070312
184.91000366210938
184.88999938964844
184.83999633789062
184.83999633789062
184.83999633789062
184.7899932861328
184.8000030517578
184.8000030517578
184.6699981689453
184.69000244140625
184.69000244140625
184.55499267578125
184.5449981689453
184.4949951171875
184.64999389648438
184.58999633789062
184.55999755859375
184.5749969482422
184.76759338378906
184.80780029296875
184.72999572753906
184.7100067138672
184.60000610351562
184.60000610351562
184.63999938964844
184.6750030517578
184.69000244140625
184.59500122070312
184.59500122070312
184.61000061035156
184.72999572753906
184.5800018310547
184.74000549316406
184.9949951171875
184.97000122070312
184.9600067138672
184.90499877929688
184.98500061035156
184.9499969482422
184.88499450683594
184.9199981689453
184.85499572753906
184.8800048828125
185.02000427246094
185.06500244140625
185.02499389648438
184.87440490722656
184.72000122070312
184.74000549316406
184.73500061035156
184.53500366210938
184.53500366210938
184.38999938964844
184.5050048828125
184.4949951171875
184.60499572753906
184.55499267578125
184.63999938964844
184.69000244140625
184.6999969482422
184.8000030517578
184.81500244140625
184.85499572753906
184.8574981689453
184.9199981689453
184.9949951171875
184.92730712890625
184.85000610351562
184.82000732421875
184.82749938964844
184.86500549316406
184.83999633789062
184.74000549316406
184.6649932861328
184.25
184.1999969482422
184.1750030517578
184.14039611816406
184.19000244140625
184.1300048828125
184.1300048828125
184.0050048828125
184.16000366210938
184.0500030517578
184.0800018310547
184.0800018310547
184.25
184.22999572753906
184.25
184.2449951171875
184.34500122070312
184.3800048828125
184.55999755859375
184.47000122070312
184.47999572753906
184.41000366210938
184.4199981689453
184.3800048828125
184.39500427246094
184.2949981689453
184.34500122070312
184.42999267578125
184.4149932861328
184.34500122070312
184.2899932861328
184.33999633789062
184.27000427246094
184.3249969482422
184.22999572753906
184.27000427246094
184.1300048828125
184.0800018310547
184.1699981689453
184.17999267578125
184.1300048828125
184.1300048828125
184.13499450683594
184.24000549316406
184.24000549316406
184.25
184.27499389648438
184.27499389648438
184.22999572753906
184.21499633789062
184.125
184.13499450683594
184.12750244140625
184.24000549316406
184.22000122070312
184.11000061035156
184.1699981689453
184.17999267578125
184.0749969482422
184.093994140625
184.05999755859375
184.02499389648438
184.0800018310547
184.05499267578125
183.83999633789062
184.36000061035156
184.25999450683594
184.27499389648438
184.2449951171875
184.28500366210938
184.2906951904297
184.35000610351562
184.38999938964844
184.50999450683594
184.3699951171875
184.27999877929688
184.3300018310547
184.25999450683594
184.27000427246094
184.25
184.16000366210938
184.14500427246094
184.14500427246094
184.0800018310547
184.17999267578125
184.13499450683594
184.14999389648438
184.08999633789062
184.11000061035156
184.03500366210938
184.01499938964844
183.9633026123047
183.75999450683594
183.64999389648438
183.6750030517578
183.99000549316406
184.05999755859375
183.98500061035156
183.9600067138672
183.9199981689453
183.8800048828125
183.8394012451172
183.8699951171875
183.88009643554688
183.8699951171875
183.77000427246094
183.8300018310547
183.8000030517578
183.8000030517578
183.94000244140625
183.9600067138672
183.97999572753906
184.02000427246094
183.99000549316406
184.00880432128906
183.94850158691406
183.93499755859375
184.02000427246094
184.00999450683594
184.05999755859375
184.09689331054688
184.12820434570312
184.3000030517578
184.25
184.23109436035156
184.18499755859375
184.1999969482422
184.1999969482422
184.2100067138672
184.1999969482422
184.1999969482422
184.22500610351562
183.98500061035156
183.98500061035156
184.05999755859375
184.07000732421875
184.0583953857422
183.92999267578125
183.8699951171875
183.9250030517578
184.0
184.1699981689453
184.1750030517578
184.19000244140625
184.25999450683594
184.25999450683594
184.2899932861328
184.4199981689453
184.44000244140625
184.43499755859375
184.4199981689453
184.47000122070312
184.39999389648438
184.34500122070312
184.34500122070312
184.39500427246094
184.57000732421875
184.56500244140625
184.5800018310547
184.52999877929688
184.68499755859375
184.5500030517578
184.5500030517578
184.44000244140625
184.4149932861328
184.53500366210938
184.4600067138672
184.43499755859375
184.49000549316406
184.5399932861328
184.5500030517578
184.36500549316406
184.33999633789062
183.91000366210938
183.89999389648438
184.03750610351562
184.05499267578125
184.00999450683594
184.0
184.00999450683594
184.0050048828125
183.97500610351562
184.0800018310547
183.94000244140625
183.94000244140625
183.97999572753906
183.97999572753906
184.07000732421875
183.96499633789062
183.67999267578125
183.75
183.90969848632812
183.89500427246094
183.97999572753906
183.9149932861328
183.97999572753906
184.22000122070312
184.27999877929688
184.1199951171875
184.02000427246094
184.00999450683594
184.1199951171875
183.96499633789062
183.99000549316406
183.99000549316406
