206.67759704589844
206.6999969482422
206.4149932861328
206.0749969482422
206.0399932861328
206.560302734375
206.35000610351562
206.375
206.35000610351562
206.08999633789062
206.14999389648438
206.0399932861328
206.50999450683594
206.31500244140625
206.48500061035156
206.27000427246094
205.66580200195312
205.86000061035156
205.86000061035156
205.88999938964844
205.53610229492188
205.57000732421875
205.91000366210938
205.81629943847656
205.83740234375
205.5800018310547
205.6009063720703
205.34500122070312
205.3881072998047
205.27999877929688
205.50999450683594
205.9134979248047
206.02000427246094
206.27090454101562
206.0749969482422
205.67999267578125
205.2899932861328
205.0
204.80999755859375
204.85000610351562
205.10000610351562
204.8000030517578
204.8350067138672
205.3520050048828
205.06399536132812
205.4250030517578
205.43960571289062
205.5449981689453
205.76780700683594
205.4199981689453
204.93499755859375
205.5
205.37989807128906
205.29379272460938
205.11749267578125
205.02999877929688
205.2550048828125
204.94000244140625
205.25999450683594
205.42999267578125
206.07000732421875
205.77000427246094
206.22000122070312
206.2949981689453
206.32000732421875
206.64999389648438
206.4499969482422
206.5
206.4199981689453
206.2449951171875
206.2126007080078
205.6728973388672
205.30999755859375
205.4199981689453
205.16000366210938
204.97000122070312
205.2949981689453
205.32260131835938
205.22000122070312
205.22000122070312
205.26499938964844
205.22000122070312
205.17999267578125
205.32000732421875
205.6750030517578
205.75
205.08999633789062
204.94000244140625
204.84849548339844
204.9199981689453
204.93760681152344
204.77000427246094
204.9799041748047
204.97000122070312
204.91000366210938
204.9600067138672
204.89999389648438
204.85000610351562
205.10000610351562
205.375
205.25999450683594
205.3300018310547
205.5399932861328
205.72999572753906
205.78500366210938
206.0399932861328
206.0800018310547
206.1750030517578
206.16000366210938
206.11000061035156
206.0050048828125
205.78500366210938
205.77000427246094
205.63999938964844
205.58999633789062
205.86000061035156
205.7449951171875
205.80889892578125
205.83999633789062
205.9949951171875
205.94500732421875
206.22000122070312
206.4300994873047
206.3419952392578
206.30999755859375
206.32000732421875
206.2550048828125
206.3699951171875
206.37010192871094
206.29989624023438
206.13999938964844
206.27999877929688
206.1699981689453
206.1020050048828
206.09500122070312
205.88999938964844
205.875
205.91000366210938
205.9550018310547
205.96499633789062
206.02000427246094
206.02999877929688
206.1300048828125
206.09800720214844
206.2698974609375
206.44500732421875
206.82000732421875
206.88999938964844
206.85000610351562
206.960205078125
206.97000122070312
206.97000122070312
206.93499755859375
207.17990112304688
207.24000549316406
207.32000732421875
207.11000061035156
207.16000366210938
207.30499267578125
207.08349609375
206.875
207.01499938964844
207.0260009765625
206.9340057373047
206.6199951171875
206.74130249023438
206.6999969482422
206.73500061035156
206.80999755859375
206.77999877929688
206.90269470214844
206.9550018310547
207.08999633789062
207.28509521484375
207.18080139160156
207.22500610351562
207.23500061035156
207.1699981689453
207.1199951171875
206.94610595703125
207.1002960205078
207.22000122070312
207.3159942626953
207.07000732421875
207.13999938964844
206.75999450683594
206.83999633789062
206.72000122070312
206.76499938964844
206.61529541015625
206.74319458007812
206.58999633789062
206.46499633789062
206.57069396972656
206.48500061035156
206.22999572753906
206.42999267578125
206.27999877929688
206.27999877929688
206.25
206.35000610351562
206.5269012451172
206.41000366210938
206.27000427246094
206.39500427246094
206.3699951171875
206.4499969482422
206.28250122070312
206.3800048828125
206.38999938964844
206.4600067138672
206.22000122070312
206.22000122070312
206.25
206.17999267578125
206.5500030517578
206.77000427246094
206.83999633789062
206.94500732421875
206.86000061035156
206.75
206.61000061035156
206.25
206.2899932861328
206.4199981689453
206.46270751953125
206.32769775390625
206.30999755859375
206.24000549316406
206.27789306640625
206.5
206.41000366210938
206.42999267578125
206.05270385742188
205.97000122070312
206.05499267578125
205.63059997558594
205.50999450683594
205.6999969482422
205.60000610351562
205.63189697265625
205.5800018310547
205.63999938964844
205.85000610351562
205.89999389648438
206.0050048828125
205.9149932861328
206.00999450683594
206.06500244140625
206.24000549316406
206.2100067138672
206.14190673828125
206.36000061035156
206.2050018310547
206.2100067138672
206.13999938964844
206.10499572753906
206.11000061035156
206.0500030517578
206.0500030517578
205.97500610351562
205.8699951171875
205.8800048828125
206.3699951171875
206.2899932861328
206.125
206.4199981689453
206.38999938964844
206.67990112304688
206.6999969482422
206.6699981689453
206.60659790039062
206.64999389648438
206.6300048828125
206.49000549316406
206.4199981689453
206.34500122070312
206.3249969482422
206.5872039794922
206.47000122070312
206.34500122070312
206.74839782714844
207.13999938964844
207.13999938964844
206.97000122070312
207.1699981689453
207.24000549316406
207.2100067138672
207.22999572753906
207.2899932861328
207.0800018310547
206.75010681152344
206.8538055419922
206.86000061035156
206.88999938964844
206.66070556640625
206.6999969482422
206.6750030517578
206.64999389648438
206.5
206.37399291992188
206.2949981689453
206.43099975585938
206.46499633789062
206.63999938964844
206.62179565429688
206.64999389648438
206.56500244140625
206.57000732421875
206.64999389648438
206.4499969482422
206.4499969482422
206.4600067138672
206.30999755859375
206.45010375976562
206.5
206.2904052734375
206.27999877929688
206.32000732421875
206.44000244140625
206.375
206.32000732421875
206.29600524902344
206.11000061035156
206.29559326171875
206.27499389648438
206.42999267578125
206.5449981689453
206.61000061035156
206.5399932861328
206.44000244140625
206.47000122070312
206.61000061035156
206.5050048828125
206.6199951171875
206.86099243164062
207.0800018310547
207.1334991455078
207.08999633789062
207.22000122070312
207.19500732421875
207.3000030517578
207.2779998779297
207.21470642089844
207.25999450683594
207.36000061035156
207.27999877929688
207.25999450683594
207.22000122070312
207.52000427246094
207.73500061035156
207.77999877929688
207.8300018310547
207.625
207.6300048828125
207.5850067138672
207.72999572753906
207.77000427246094
207.86000061035156
207.6699981689453
207.7100067138672
207.72999572753906
207.57359313964844
207.61000061035156
207.7100067138672
207.74099731445312
207.86000061035156
207.8699951171875
207.88929748535156
207.99000549316406
207.89999389648438
207.88499450683594
207.88099670410156
207.83999633789062
207.69949340820312
207.76499938964844
207.88999938964844
207.79469299316406
207.6999969482422
207.77499389648438
207.72999572753906
207.8070068359375
207.92999267578125
207.92999267578125
207.88999938964844
207.9600067138672
208.08999633789062
208.02940368652344
208.8800048828125
208.52999877929688
208.55999755859375
208.39999389648438
208.625
208.5800018310547
208.60000610351562
208.60000610351562
208.72900390625
208.66000366210938
208.58999633789062
208.6300048828125
208.66990661621094
208.65069580078125
208.61500549316406
208.60960388183594
208.52000427246094
208.5207977294922
208.46420288085938
208.375
208.39059448242188
208.39999389648438
208.27999877929688
208.24000549316406
208.1199951171875
207.7949981689453
207.71499633789062
207.3800048828125
207.47999572753906
207.49879455566406
207.2050018310547
207.42999267578125
207.46580505371094
207.42999267578125
207.19000244140625
207.16000366210938
207.05999755859375
206.99000549316406
206.99000549316406
206.91000366210938
206.77000427246094
206.6199951171875
206.64999389648438
206.69000244140625
206.7449951171875
206.85499572753906
206.83680725097656
206.91000366210938
206.92999267578125
206.97500610351562
206.9550018310547
207.0323028564453
207.02000427246094
207.04989624023438
207.11000061035156
207.06500244140625
207.24989318847656
207.38999938964844
207.28500366210938
207.40020751953125
207.4031982421875
207.4300994873047
207.39999389648438
207.4300994873047
207.60169982910156
207.3699951171875
207.3800048828125
207.1750030517578
207.27999877929688
207.23500061035156
207.34500122070312
207.33999633789062
207.22000122070312
207.08999633789062
207.05499267578125
207.14549255371094
207.30999755859375
207.3415985107422
207.39999389648438
207.52499389648438
207.39999389648438
207.44970703125
207.77000427246094
207.65499877929688
207.6649932861328
207.63499450683594
207.67999267578125
207.74000549316406
207.75
207.7100067138672
207.86500549316406
208.16000366210938
207.97999572753906
207.85000610351562
207.82000732421875
207.85000610351562
207.802001953125
207.72500610351562
207.39999389648438
207.38999938964844
207.5500030517578
207.24000549316406
207.1999969482422
207.3350067138672
207.42999267578125
207.39999389648438
207.32000732421875
207.25
206.66749572753906
206.75
206.97000122070312
207.03500366210938
206.89500427246094
206.89500427246094
206.80999755859375
206.9149932861328
206.66000366210938
206.6649932861328
206.6199951171875
206.60000610351562
206.68499755859375
206.66000366210938
206.72000122070312
206.5
206.27999877929688
206.27999877929688
206.49000549316406
206.4199981689453
206.4687042236328
206.3300018310547
206.22999572753906
206.52999877929688
206.83999633789062
206.64999389648438
206.5399932861328
206.4499969482422
206.5399932861328
206.3000030517578
206.36000061035156
206.36000061035156
