204.4600067138672
204.625
204.539794921875
204.1999969482422
203.9600067138672
204.52000427246094
204.8000030517578
205.07000732421875
205.0500030517578
205.05999755859375
205.14999389648438
205.17999267578125
205.26499938964844
205.33999633789062
205.7100067138672
205.67999267578125
205.4550018310547
205.27999877929688
205.33799743652344
205.30999755859375
205.01010131835938
204.86500549316406
204.82000732421875
204.73500061035156
204.4199981689453
204.30999755859375
203.93130493164062
203.61000061035156
203.7899932861328
203.77000427246094
203.6199951171875
203.72999572753906
203.85000610351562
203.85000610351562
203.72999572753906
203.3800048828125
203.24000549316406
203.1300048828125
203.10499572753906
203.19000244140625
203.17999267578125
203.1999969482422
203.17999267578125
203.10000610351562
203.1199951171875
203.22000122070312
203.41400146484375
203.4600067138672
203.69000244140625
203.64999389648438
203.22000122070312
202.9600067138672
202.91000366210938
202.97999572753906
202.83999633789062
203.04110717773438
203.0500030517578
203.1300048828125
203.1199951171875
203.05999755859375
203.3300018310547
203.25999450683594
203.35000610351562
203.77000427246094
203.61000061035156
203.7949981689453
203.8800048828125
203.84500122070312
203.8000030517578
203.6999969482422
203.63250732421875
203.5500030517578
203.08999633789062
203.39999389648438
203.1999969482422
203.1501007080078
203.1999969482422
203.26499938964844
203.24000549316406
203.0500030517578
203.0500030517578
202.8800048828125
202.8000030517578
202.85000610351562
202.7899932861328
202.74000549316406
202.5500030517578
202.77999877929688
202.77999877929688
202.90499877929688
202.8699951171875
203.0050048828125
202.9600067138672
203.0211944580078
202.98500061035156
203.02499389648438
202.8350067138672
202.83999633789062
203.03500366210938
203.0800018310547
203.0399932861328
203.11000061035156
203.1750030517578
203.18499755859375
203.4199981689453
203.6199951171875
203.625
203.72999572753906
203.72999572753906
203.47999572753906
203.39500427246094
203.36000061035156
203.28500366210938
203.27000427246094
203.11500549316406
203.22999572753906
203.41000366210938
203.44500732421875
203.45379638671875
203.47999572753906
203.59500122070312
203.62429809570312
203.58999633789062
203.75999450683594
203.8300018310547
203.875
203.83999633789062
203.89999389648438
203.91000366210938
203.6750030517578
203.66000366210938
203.51499938964844
203.40499877929688
203.6750030517578
203.66000366210938
203.63499450683594
203.6999969482422
203.68499755859375
203.6300048828125
203.77499389648438
203.85000610351562
203.91839599609375
203.9199981689453
203.94000244140625
204.00999450683594
204.10000610351562
204.1199951171875
204.10000610351562
204.05999755859375
204.05999755859375
204.15499877929688
204.1999969482422
204.1300048828125
204.0749969482422
204.0050048828125
204.0050048828125
203.8800048828125
203.80999755859375
203.97999572753906
203.91000366210938
203.8699951171875
203.8699951171875
203.72000122070312
203.6884002685547
203.7100067138672
203.72000122070312
203.64500427246094
203.77999877929688
203.7100067138672
203.77000427246094
203.86000061035156
203.9199981689453
203.85000610351562
203.91000366210938
203.97500610351562
203.94500732421875
203.94000244140625
203.94000244140625
203.91000366210938
203.8699951171875
203.97000122070312
204.07000732421875
204.0449981689453
203.97000122070312
203.85000610351562
203.82000732421875
203.8300018310547
203.8000030517578
203.8699951171875
203.78500366210938
203.77000427246094
203.76499938964844
203.72999572753906
203.69000244140625
203.64500427246094
203.5850067138672
203.52999877929688
203.37680053710938
203.38999938964844
203.2899932861328
203.22999572753906
203.35330200195312
203.25
203.27999877929688
203.32000732421875
203.21499633789062
203.27130126953125
203.26499938964844
203.25
203.22000122070312
203.24000549316406
203.19000244140625
203.2550048828125
203.3350067138672
203.30999755859375
203.33999633789062
203.3000030517578
203.3000030517578
203.33999633789062
203.30999755859375
203.2100067138672
203.24000549316406
203.14999389648438
203.05999755859375
203.14999389648438
203.1374969482422
203.2100067138672
203.1750030517578
202.9499969482422
203.0449981689453
203.14500427246094
203.19000244140625
203.22999572753906
202.8699951171875
202.75
202.74000549316406
202.52000427246094
202.41000366210938
202.5
202.3800048828125
202.4199981689453
202.3800048828125
202.2949981689453
202.44000244140625
202.4499969482422
202.3800048828125
202.25999450683594
202.22000122070312
202.1649932861328
202.3000030517578
202.44500732421875
202.42999267578125
202.50999450683594
202.49009704589844
202.38999938964844
202.33999633789062
202.31500244140625
202.22000122070312
202.30780029296875
202.30780029296875
202.25999450683594
202.02999877929688
202.11000061035156
202.1699981689453
202.3249969482422
202.24000549316406
202.41319274902344
202.35000610351562
202.41619873046875
202.30999755859375
202.22999572753906
202.1999969482422
202.1999969482422
202.22500610351562
202.27999877929688
202.27999877929688
202.47999572753906
202.44500732421875
202.3699951171875
202.3699951171875
202.3000030517578
202.5500030517578
202.64999389648438
202.52000427246094
202.5
202.44000244140625
202.47500610351562
202.3699951171875
202.33999633789062
202.35000610351562
202.3000030517578
202.35000610351562
202.39500427246094
202.37010192871094
202.4799041748047
202.21429443359375
202.2100067138672
202.14999389648438
202.0800018310547
202.0
201.92999267578125
201.91000366210938
201.83009338378906
201.89999389648438
202.0399932861328
202.0399932861328
202.02000427246094
202.08099365234375
201.97779846191406
201.9499969482422
201.91000366210938
201.86500549316406
201.77000427246094
201.82240295410156
202.00889587402344
201.91000366210938
201.77000427246094
201.74000549316406
201.89500427246094
201.97000122070312
201.88999938964844
202.0800018310547
202.13999938964844
201.94000244140625
202.07000732421875
201.93499755859375
202.02000427246094
202.05490112304688
202.02000427246094
202.02000427246094
201.97000122070312
201.93499755859375
201.89999389648438
201.83999633789062
201.8300018310547
201.7689971923828
201.8800048828125
201.88999938964844
201.906494140625
201.8800048828125
201.85000610351562
201.9600067138672
201.9600067138672
201.93499755859375
201.89999389648438
201.89999389648438
201.85000610351562
201.80499267578125
201.77000427246094
201.8000030517578
201.8800048828125
201.98309326171875
201.8737030029297
201.73219299316406
201.8125
201.8125
201.75
201.7100067138672
201.7899932861328
201.75
201.82000732421875
201.80999755859375
201.5800018310547
201.64999389648438
201.6199951171875
201.55999755859375
201.5800018310547
201.47000122070312
201.5800018310547
201.52000427246094
201.52000427246094
201.52000427246094
201.47000122070312
201.4499969482422
201.3300018310547
201.31500244140625
201.33999633789062
201.17999267578125
201.22999572753906
201.17999267578125
201.11000061035156
201.0760040283203
201.27000427246094
201.27000427246094
201.1649932861328
201.27499389648438
201.30499267578125
201.2100067138672
201.15499877929688
201.77499389648438
201.71499633789062
201.8000030517578
201.74200439453125
201.58999633789062
201.63999938964844
201.63999938964844
201.61500549316406
201.6199951171875
201.57000732421875
201.60899353027344
201.47999572753906
201.49000549316406
201.49000549316406
201.49000549316406
201.41000366210938
201.4499969482422
201.4499969482422
201.47000122070312
201.47000122070312
201.33999633789062
201.3300018310547
201.27999877929688
201.25999450683594
201.10499572753906
201.11000061035156
200.97000122070312
200.94500732421875
200.86000061035156
200.82000732421875
200.9499969482422
200.9250030517578
200.75999450683594
200.64999389648438
200.60000610351562
200.49000549316406
200.36000061035156
200.3800048828125
200.3000030517578
200.16000366210938
200.31959533691406
200.27999877929688
200.24119567871094
200.3000030517578
200.3249969482422
200.33999633789062
200.42999267578125
200.32000732421875
200.22999572753906
200.17999267578125
200.19000244140625
200.22000122070312
200.24000549316406
200.25
200.27999877929688
200.22999572753906
200.43499755859375
200.5800018310547
200.7808074951172
200.8249969482422
201.02000427246094
200.88999938964844
200.9600067138672
201.0
200.7458953857422
200.7899932861328
200.6199951171875
200.52999877929688
200.62139892578125
200.69110107421875
200.7050018310547
200.5388946533203
200.52000427246094
200.50999450683594
200.52999877929688
200.7628936767578
200.77499389648438
200.8350067138672
200.7949981689453
200.75
200.8249969482422
200.97999572753906
200.97000122070312
201.17999267578125
201.10000610351562
201.13999938964844
201.1199951171875
201.10459899902344
201.07000732421875
201.19459533691406
201.2899932861328
201.24000549316406
201.15499877929688
201.16000366210938
201.2899932861328
201.25
201.22999572753906
201.1199951171875
201.10499572753906
201.17999267578125
201.01499938964844
201.0
201.0399932861328
201.1649932861328
201.11500549316406
201.22000122070312
201.11900329589844
200.61000061035156
200.63999938964844
200.69000244140625
200.86000061035156
200.77499389648438
200.8249969482422
200.80999755859375
200.74000549316406
200.44000244140625
200.47000122070312
200.3699951171875
200.32000732421875
200.4499969482422
200.42999267578125
200.52999877929688
200.32000732421875
200.10000610351562
200.10000610351562
200.35499572753906
200.25
200.25970458984375
200.22999572753906
200.17999267578125
200.59190368652344
200.5
200.2899932861328
200.35499572753906
200.5500030517578
200.6300048828125
200.47999572753906
200.5399932861328
200.5399932861328
