220.08999633789062
220.11000061035156
219.97999572753906
219.89999389648438
220.02999877929688
219.9949951171875
220.2899932861328
220.10000610351562
220.19000244140625
219.94000244140625
220.32000732421875
219.9927978515625
218.94000244140625
218.35389709472656
217.93499755859375
217.5050048828125
217.35000610351562
217.6999969482422
217.33999633789062
217.1999969482422
217.11000061035156
217.22000122070312
217.3699951171875
217.30999755859375
217.30999755859375
217.41720581054688
217.08999633789062
216.8000030517578
216.5
216.39999389648438
216.82000732421875
216.20010375976562
216.3000030517578
216.19000244140625
216.17999267578125
216.33999633789062
216.4600067138672
216.44000244140625
216.27000427246094
216.27999877929688
216.9499969482422
216.5800018310547
216.28680419921875
216.77999877929688
216.63999938964844
216.97000122070312
216.9600067138672
216.80999755859375
216.63999938964844
216.63499450683594
216.1472930908203
216.9499969482422
217.08999633789062
217.14999389648438
216.5500030517578
216.4199981689453
216.5
216.2949981689453
216.61000061035156
217.11000061035156
217.08999633789062
216.8000030517578
217.03500366210938
216.9199981689453
216.47500610351562
216.97000122070312
217.0399932861328
217.4499969482422
217.9600067138672
217.86000061035156
217.52999877929688
217.22999572753906
217.24000549316406
217.00999450683594
216.91000366210938
216.6699981689453
216.89999389648438
216.94000244140625
216.99949645996094
216.9499969482422
216.89500427246094
216.85000610351562
216.7899932861328
217.26499938964844
217.74000549316406
217.38999938964844
217.07000732421875
216.64500427246094
216.9075927734375
216.90499877929688
216.9600067138672
216.86000061035156
216.39999389648438
216.90499877929688
217.02000427246094
216.4600067138672
216.5800018310547
216.5800018310547
216.38499450683594
216.36500549316406
216.19500732421875
216.0
216.17999267578125
216.19500732421875
216.29989624023438
216.17999267578125
215.94500732421875
215.68499755859375
215.36000061035156
215.26499938964844
215.17999267578125
214.97000122070312
214.7899932861328
214.5885009765625
214.80999755859375
214.77999877929688
214.4550018310547
214.22500610351562
214.41000366210938
214.5850067138672
214.20249938964844
214.36000061035156
214.7050018310547
214.50999450683594
214.32000732421875
214.30999755859375
214.7100067138672
214.74000549316406
214.75999450683594
214.6300048828125
214.49000549316406
214.52499389648438
214.36000061035156
214.32000732421875
214.33999633789062
214.1300048828125
213.8800048828125
214.39999389648438
214.2550048828125
214.2550048828125
214.375
214.39999389648438
214.11000061035156
214.17999267578125
214.22860717773438
214.41000366210938
214.5399932861328
214.38999938964844
214.1999969482422
214.30999755859375
214.19500732421875
214.32049560546875
214.4949951171875
214.78500366210938
214.58999633789062
214.4499969482422
214.2100067138672
213.9199981689453
213.75
213.57000732421875
213.77000427246094
213.80999755859375
214.19119262695312
214.31500244140625
214.33999633789062
214.8800048828125
214.84750366210938
214.97000122070312
214.75999450683594
214.74000549316406
214.61000061035156
214.60000610351562
214.5449981689453
214.46499633789062
214.36000061035156
214.16000366210938
213.99000549316406
213.9669952392578
213.80499267578125
213.52000427246094
213.80499267578125
213.7550048828125
213.9499969482422
213.59500122070312
213.72000122070312
213.6999969482422
213.7449951171875
213.8699951171875
214.0399932861328
214.0399932861328
214.05999755859375
214.02000427246094
214.05999755859375
214.0
214.1300048828125
214.25
214.02000427246094
213.84390258789062
214.0
214.10000610351562
214.0749969482422
214.1649932861328
214.02499389648438
213.97999572753906
213.9906005859375
213.8000030517578
213.90499877929688
213.57000732421875
213.41000366210938
213.30999755859375
213.38999938964844
213.31500244140625
213.0399932861328
213.0749969482422
212.9600067138672
213.25999450683594
213.52000427246094
213.1649932861328
213.05499267578125
212.9499969482422
213.02499389648438
213.0
212.80999755859375
212.58999633789062
212.6300048828125
212.5800018310547
212.41000366210938
212.75
212.55999755859375
212.58999633789062
212.92999267578125
212.72459411621094
212.72000122070312
212.52999877929688
212.22999572753906
211.92999267578125
211.9947967529297
211.80999755859375
212.0449981689453
211.9600067138672
211.99000549316406
212.0
211.92999267578125
212.0565948486328
212.0
211.80029296875
212.0749969482422
211.97000122070312
212.0
212.0800018310547
211.9149932861328
211.97000122070312
212.0500030517578
212.00999450683594
211.9687042236328
212.01499938964844
211.7050018310547
211.40750122070312
211.35499572753906
211.2899932861328
211.1649932861328
211.10000610351562
211.07000732421875
211.2100067138672
211.00999450683594
210.88999938964844
210.85000610351562
210.81500244140625
210.86500549316406
210.99000549316406
211.00010681152344
211.24000549316406
211.0
211.16000366210938
211.09500122070312
211.30499267578125
211.3000030517578
211.36749267578125
211.3300018310547
211.1699981689453
210.89500427246094
210.80589294433594
211.33749389648438
211.32000732421875
211.27999877929688
211.32000732421875
211.18719482421875
211.1199951171875
210.97500610351562
211.13999938964844
210.9600067138672
210.75999450683594
210.8148956298828
210.98989868164062
210.9149932861328
210.77999877929688
210.7100067138672
210.7899932861328
210.67999267578125
210.7899932861328
210.8000030517578
210.60000610351562
210.47999572753906
210.47999572753906
210.69000244140625
210.9499969482422
210.61000061035156
210.67999267578125
210.76499938964844
210.92999267578125
210.7624969482422
210.89999389648438
210.78500366210938
210.7550048828125
211.0800018310547
211.19900512695312
211.2899932861328
211.4499969482422
211.77999877929688
211.8000030517578
211.87899780273438
211.83999633789062
212.06500244140625
212.79640197753906
212.88999938964844
212.97000122070312
213.38999938964844
213.1999969482422
213.05880737304688
212.99000549316406
213.1999969482422
213.38999938964844
213.25999450683594
213.2100067138672
213.24000549316406
213.1999969482422
213.51150512695312
213.66000366210938
213.7689971923828
213.58999633789062
213.63999938964844
213.92860412597656
213.8300018310547
213.72000122070312
213.88999938964844
213.83999633789062
213.77000427246094
213.83999633789062
213.88499450683594
213.92999267578125
214.17999267578125
213.82000732421875
213.83900451660156
213.83999633789062
214.072998046875
214.02000427246094
214.0399932861328
214.1531982421875
214.1750030517578
213.98500061035156
214.19869995117188
214.45550537109375
214.33999633789062
214.6199951171875
214.81500244140625
214.78909301757812
214.75999450683594
214.7899932861328
214.77999877929688
214.7899932861328
214.8000030517578
214.85350036621094
214.875
214.7100067138672
214.6999969482422
214.6300048828125
214.72000122070312
214.61500549316406
214.52999877929688
214.42999267578125
214.4600067138672
214.5
214.3800048828125
214.50999450683594
214.69000244140625
214.5399932861328
214.4405975341797
214.82000732421875
215.00999450683594
215.22999572753906
215.05999755859375
215.00999450683594
215.38999938964844
215.36500549316406
215.42999267578125
215.42999267578125
215.39999389648438
215.13999938964844
215.16000366210938
215.1999053955078
215.17999267578125
215.11000061035156
215.00999450683594
215.0
215.02499389648438
215.02139282226562
215.08999633789062
215.0800018310547
215.16000366210938
215.05999755859375
214.8300018310547
215.0
214.91329956054688
214.67999267578125
214.81500244140625
214.55999755859375
214.63999938964844
214.47999572753906
214.97999572753906
215.0449981689453
214.94000244140625
214.9199981689453
214.92999267578125
214.97000122070312
214.8800048828125
214.5800018310547
214.4199981689453
214.0124969482422
213.99000549316406
214.02999877929688
213.8000030517578
213.92999267578125
213.97999572753906
213.98500061035156
213.9499969482422
213.8699951171875
213.85000610351562
213.88999938964844
213.92999267578125
214.02000427246094
213.98500061035156
213.98500061035156
214.00999450683594
213.99000549316406
214.0
214.00999450683594
214.03500366210938
214.02000427246094
213.9949951171875
213.97999572753906
214.02999877929688
214.0
214.22000122070312
214.0
214.01499938964844
213.94000244140625
213.92999267578125
213.75999450683594
213.88999938964844
214.0
213.72999572753906
213.60000610351562
213.6199951171875
213.75
213.9499969482422
214.02000427246094
214.0
213.97999572753906
213.8000030517578
214.0399932861328
214.0500030517578
213.9600067138672
214.0
214.02000427246094
213.9600067138672
213.8917999267578
213.75999450683594
213.77999877929688
213.8249969482422
214.10499572753906
214.375
214.27999877929688
214.27499389648438
214.35000610351562
214.4250030517578
214.39500427246094
214.2050018310547
214.11000061035156
214.39999389648438
214.1699981689453
214.0399932861328
214.0399932861328
214.11500549316406
213.80999755859375
213.5399932861328
213.50999450683594
212.7899932861328
212.9600067138672
213.16900634765625
213.13999938964844
213.0399932861328
213.0
213.0399932861328
213.3699951171875
212.91000366210938
213.02499389648438
213.2949981689453
213.33999633789062
213.49000549316406
213.3699951171875
213.3699951171875
213.06500244140625
212.88999938964844
212.88999938964844
212.90499877929688
212.6300048828125
212.69000244140625
212.47000122070312
212.6199951171875
213.06500244140625
213.2169952392578
213.2799072265625
212.85000610351562
212.61000061035156
212.72999572753906
212.47500610351562
212.8800048828125
212.8800048828125
