55.72999954223633
55.70000076293945
55.63999938964844
55.599998474121094
55.61000061035156
55.625
55.67499923706055
55.6150016784668
55.65999984741211
55.68000030517578
55.709999084472656
55.599998474121094
55.5
55.459999084472656
55.529998779296875
55.53900146484375
55.47999954223633
55.529998779296875
55.459999084472656
55.53499984741211
55.55500030517578
55.61000061035156
55.6150016784668
55.67499923706055
55.630001068115234
55.65999984741211
55.650001525878906
55.63999938964844
55.63999938964844
55.71500015258789
55.75
55.75899887084961
55.7400016784668
55.720001220703125
55.77000045776367
55.779998779296875
55.746700286865234
55.7400016784668
55.71500015258789
55.709999084472656
55.76499938964844
55.72999954223633
55.689998626708984
55.75
55.689998626708984
55.69499969482422
55.7400016784668
55.7400016784668
55.6973991394043
55.630001068115234
55.625
55.65999984741211
55.68000030517578
55.65999984741211
55.619998931884766
55.689998626708984
55.685001373291016
55.685001373291016
55.70000076293945
55.81999969482422
55.790000915527344
55.75
55.73500061035156
55.724998474121094
55.71500015258789
55.70500183105469
55.68000030517578
55.6713981628418
55.71500015258789
55.71900177001953
55.720001220703125
55.73080062866211
55.720001220703125
55.73500061035156
55.711700439453125
55.78499984741211
55.79999923706055
55.845001220703125
55.849998474121094
55.875
55.88999938964844
55.875
55.849998474121094
55.875
55.91999816894531
55.880001068115234
55.849998474121094
55.84000015258789
55.83729934692383
55.834999084472656
55.86000061035156
55.880001068115234
55.880001068115234
55.900001525878906
55.880001068115234
55.875
55.88999938964844
55.875
55.904998779296875
55.904998779296875
55.9099006652832
55.90999984741211
55.88999938964844
55.830101013183594
55.81999969482422
55.82590103149414
55.78499984741211
55.814998626708984
55.779998779296875
55.790000915527344
55.779998779296875
55.78499984741211
55.79999923706055
55.790000915527344
55.79499816894531
55.81999969482422
55.80500030517578
55.80500030517578
55.7599983215332
55.72999954223633
55.709999084472656
55.688899993896484
55.654998779296875
55.654998779296875
55.61000061035156
55.63999938964844
55.623199462890625
55.650001525878906
55.619998931884766
55.619998931884766
55.58000183105469
55.6150016784668
55.59000015258789
55.56999969482422
55.58000183105469
55.57500076293945
55.540000915527344
55.505001068115234
55.54999923706055
55.57500076293945
55.595001220703125
55.59000015258789
55.579898834228516
55.58000183105469
55.55500030517578
55.595001220703125
55.619998931884766
55.60499954223633
55.56949996948242
55.597198486328125
55.58000183105469
55.59000015258789
55.58000183105469
55.6150016784668
55.654998779296875
55.654998779296875
55.64759826660156
55.63990020751953
55.654998779296875
55.66999816894531
55.67499923706055
55.654998779296875
55.65999984741211
55.665000915527344
55.652000427246094
55.650001525878906
55.63999938964844
55.66999816894531
55.599998474121094
55.60810089111328
55.58000183105469
55.57500076293945
55.56010055541992
55.580101013183594
55.599998474121094
55.61000061035156
55.6150016784668
55.599998474121094
55.580101013183594
55.58000183105469
55.5890007019043
55.55500030517578
55.57500076293945
55.53499984741211
55.53499984741211
55.505001068115234
55.5099983215332
55.47999954223633
55.487300872802734
55.5
55.54999923706055
55.52000045776367
55.494998931884766
55.52000045776367
55.53519821166992
55.53499984741211
55.53499984741211
55.51499938964844
55.525001525878906
55.53499984741211
55.53990173339844
55.564998626708984
55.57500076293945
55.56999969482422
55.599998474121094
55.582801818847656
55.560001373291016
55.55500030517578
55.540000915527344
55.54499816894531
55.61000061035156
55.566200256347656
55.57500076293945
55.595001220703125
55.599998474121094
55.619998931884766
55.625
55.584999084472656
55.59000015258789
55.61600112915039
55.609798431396484
55.630001068115234
55.59130096435547
55.595001220703125
55.5984992980957
55.56999969482422
55.584999084472656
55.584999084472656
55.54999923706055
55.540000915527344
55.560001373291016
55.57500076293945
55.564998626708984
55.5099983215332
55.4900016784668
55.489898681640625
55.46500015258789
55.47999954223633
55.47999954223633
55.459999084472656
55.470001220703125
55.474998474121094
55.4900016784668
55.5099983215332
55.505001068115234
55.52000045776367
55.52000045776367
55.52000045776367
55.529998779296875
55.540000915527344
55.55500030517578
55.564998626708984
55.57500076293945
55.59000015258789
55.59000015258789
55.58000183105469
55.564300537109375
55.56999969482422
55.57500076293945
55.564998626708984
55.54499816894531
55.52000045776367
55.525001525878906
55.595001220703125
55.564998626708984
55.54499816894531
55.564998626708984
55.57500076293945
55.61259841918945
55.6349983215332
55.64500045776367
55.64500045776367
55.635799407958984
55.63999938964844
55.638099670410156
55.619998931884766
55.6150016784668
55.6150016784668
55.6150016784668
55.59000015258789
55.55500030517578
55.58000183105469
55.63999938964844
55.625
55.619998931884766
55.630001068115234
55.61000061035156
55.6150016784668
55.619998931884766
55.6150016784668
55.58000183105469
55.59299850463867
55.59000015258789
55.595001220703125
55.599998474121094
55.589900970458984
55.564998626708984
55.563899993896484
55.55500030517578
55.564998626708984
55.54499816894531
55.525001525878906
55.540000915527344
55.54890060424805
55.57339859008789
55.58000183105469
55.560001373291016
55.56480026245117
55.564998626708984
55.58000183105469
55.56999969482422
55.56999969482422
55.595001220703125
55.61000061035156
55.630001068115234
55.61000061035156
55.60499954223633
55.599998474121094
55.64500045776367
55.650001525878906
55.619998931884766
55.6150016784668
55.61000061035156
55.654998779296875
55.65999984741211
55.65999984741211
55.68000030517578
55.68000030517578
55.66999816894531
55.65999984741211
55.619998931884766
55.625
55.630001068115234
55.63399887084961
55.63999938964844
55.63999938964844
55.67499923706055
55.67499923706055
55.68000030517578
55.68000030517578
55.675201416015625
55.66999816894531
55.6349983215332
55.625
55.63209915161133
55.650001525878906
55.650001525878906
55.64500045776367
55.6349983215332
55.65999984741211
55.69499969482422
55.68000030517578
55.63999938964844
55.6349983215332
55.63119888305664
55.63249969482422
55.650001525878906
55.659000396728516
55.65999984741211
55.65629959106445
55.64500045776367
55.685699462890625
55.66360092163086
55.68000030517578
55.68000030517578
55.689998626708984
55.70500183105469
55.709999084472656
55.70500183105469
55.720001220703125
55.720001220703125
55.714298248291016
55.71500015258789
55.70000076293945
55.69499969482422
55.70500183105469
55.71500015258789
55.70009994506836
55.68000030517578
55.70000076293945
55.70650100708008
55.720001220703125
55.720001220703125
55.70709991455078
55.70500183105469
55.709999084472656
55.73500061035156
55.70500183105469
55.7599983215332
55.76499938964844
55.744998931884766
55.756099700927734
55.755001068115234
55.7400016784668
55.775001525878906
55.775001525878906
55.78499984741211
55.76499938964844
55.755001068115234
55.753501892089844
55.76499938964844
55.77000045776367
55.7599983215332
55.72999954223633
55.73500061035156
55.72999954223633
55.724998474121094
55.720001220703125
55.707698822021484
55.704898834228516
55.69499969482422
55.69499969482422
55.66999816894531
55.665000915527344
55.66999816894531
55.66999816894531
55.68539810180664
55.68000030517578
55.650001525878906
55.66999816894531
55.65999984741211
55.6349983215332
55.619998931884766
55.619998931884766
55.6150016784668
55.59379959106445
55.599998474121094
55.58000183105469
55.52479934692383
55.540000915527344
55.4900016784668
55.48619842529297
55.5
55.48500061035156
55.48500061035156
55.4900016784668
55.4900016784668
55.49100112915039
55.494998931884766
55.52000045776367
55.525001525878906
55.529998779296875
55.52000045776367
55.5099983215332
55.5099983215332
55.560001373291016
55.55500030517578
55.576698303222656
55.579898834228516
55.57500076293945
55.55500030517578
55.540000915527344
55.54999923706055
55.540000915527344
55.525001525878906
55.515899658203125
55.5099983215332
55.49509811401367
55.529998779296875
55.540000915527344
55.505001068115234
55.52000045776367
55.505001068115234
55.5099983215332
55.52000045776367
55.560001373291016
55.540000915527344
55.529998779296875
55.5099983215332
55.529998779296875
55.56999969482422
55.564998626708984
55.584999084472656
55.577999114990234
55.56999969482422
55.55500030517578
55.56999969482422
55.57699966430664
55.59000015258789
55.630001068115234
55.6349983215332
55.6150016784668
55.59960174560547
55.60499954223633
55.56999969482422
55.54499816894531
55.51499938964844
55.529998779296875
55.53499984741211
55.529998779296875
55.540000915527344
55.55500030517578
55.55500030517578
55.55500030517578
55.525001525878906
55.494998931884766
55.375
55.38999938964844
55.39500045776367
55.39500045776367
55.3849983215332
55.38629913330078
55.3650016784668
55.38999938964844
55.32500076293945
55.30400085449219
55.275001525878906
55.28499984741211
55.334999084472656
55.31999969482422
55.36000061035156
55.255001068115234
55.2400016784668
55.2400016784668
55.25
55.209999084472656
55.220001220703125
55.15999984741211
55.119998931884766
55.18000030517578
55.25
55.20500183105469
55.185001373291016
55.19499969482422
55.244998931884766
55.17499923706055
55.20000076293945
55.20000076293945
