134.3125
134.27000427246094
134.27999877929688
134.17999267578125
134.07000732421875
134.3800048828125
134.35000610351562
134.4499969482422
134.6999969482422
134.55999755859375
134.50999450683594
134.47000122070312
134.57000732421875
134.61000061035156
134.52499389648438
134.5800018310547
134.4499969482422
134.30999755859375
134.4600067138672
134.52999877929688
134.24000549316406
134.25
134.3000030517578
134.35000610351562
134.1999969482422
134.11000061035156
134.1999969482422
134.07000732421875
134.00999450683594
133.98500061035156
133.9600067138672
134.1300048828125
134.22999572753906
134.19000244140625
134.1199951171875
134.0500030517578
133.85000610351562
133.72999572753906
133.6300048828125
133.69979858398438
133.82000732421875
133.63900756835938
133.5
133.66000366210938
133.61000061035156
133.64999389648438
133.9499969482422
133.9927978515625
134.0930938720703
133.91000366210938
133.73500061035156
133.7747039794922
133.69000244140625
133.58999633789062
133.59410095214844
133.49000549316406
133.4600067138672
133.49000549316406
133.5399932861328
133.8800048828125
134.25
134.0800018310547
134.02999877929688
134.07000732421875
133.9199981689453
133.97500610351562
133.8699951171875
133.80999755859375
133.75
133.6999969482422
133.74000549316406
133.75999450683594
133.72000122070312
133.75999450683594
133.6699981689453
133.67999267578125
133.73500061035156
133.8300018310547
133.75
133.75
133.74000549316406
133.69400024414062
133.55459594726562
133.75
133.72999572753906
133.86500549316406
133.7899932861328
133.91000366210938
133.7740020751953
133.78359985351562
133.65359497070312
133.75999450683594
133.67999267578125
133.67999267578125
133.69000244140625
133.61000061035156
133.52000427246094
133.4613037109375
133.6165008544922
133.74000549316406
133.74000549316406
133.77000427246094
133.8300018310547
134.0
134.0
134.0749969482422
134.125
134.0800018310547
134.16929626464844
134.0850067138672
134.12879943847656
134.1199951171875
134.13999938964844
134.08999633789062
134.08999633789062
134.11000061035156
134.17999267578125
134.20899963378906
134.13999938964844
134.17999267578125
134.2100067138672
134.22999572753906
134.25
134.1898956298828
134.2100067138672
134.3300018310547
134.27499389648438
134.27000427246094
134.25999450683594
134.22999572753906
134.19000244140625
134.1699981689453
134.17999267578125
134.1320037841797
134.07000732421875
134.0399932861328
134.1199951171875
134.08999633789062
134.07000732421875
134.0800018310547
134.0279998779297
134.0800018310547
134.1300048828125
134.05999755859375
134.08999633789062
134.2100067138672
134.2967987060547
134.32000732421875
134.27999877929688
134.4199981689453
134.41000366210938
134.4149932861328
134.2843017578125
134.2899932861328
134.29840087890625
134.27999877929688
134.19000244140625
134.22500610351562
134.27999877929688
134.24000549316406
134.1649932861328
134.19000244140625
134.16000366210938
134.05999755859375
133.91000366210938
134.0
133.92010498046875
134.00999450683594
134.0
134.02000427246094
134.10000610351562
134.0500030517578
134.05999755859375
134.1385040283203
134.1199951171875
134.08999633789062
134.11500549316406
134.14999389648438
134.11000061035156
134.1300048828125
134.17999267578125
134.19000244140625
134.23500061035156
134.17999267578125
134.1300048828125
134.10000610351562
134.10499572753906
134.02999877929688
134.0850067138672
134.02000427246094
134.02000427246094
133.99000549316406
133.9427032470703
133.92999267578125
133.8699951171875
133.83999633789062
133.91000366210938
133.86000061035156
133.77999877929688
133.72239685058594
133.75999450683594
133.75999450683594
133.6999969482422
133.63999938964844
133.64999389648438
133.72000122070312
133.67999267578125
133.67999267578125
133.72410583496094
133.72999572753906
133.8000030517578
133.85000610351562
133.83970642089844
133.89500427246094
133.88999938964844
133.89999389648438
133.91000366210938
133.89999389648438
133.9799041748047
133.9499969482422
133.939697265625
133.89999389648438
133.85000610351562
133.9199981689453
133.9600067138672
133.9499969482422
133.9199981689453
133.92999267578125
133.8800048828125
133.9199981689453
133.97999572753906
134.0399932861328
133.99000549316406
133.88999938964844
133.92999267578125
133.93809509277344
133.94000244140625
133.9199981689453
133.97999572753906
133.92999267578125
133.85000610351562
133.86000061035156
133.89999389648438
133.985595703125
133.97000122070312
133.94000244140625
133.8800048828125
133.89999389648438
133.8800048828125
133.8699951171875
133.8800048828125
133.9001007080078
133.86000061035156
133.91000366210938
133.89759826660156
133.8800048828125
133.77000427246094
133.72999572753906
133.7100067138672
133.6959991455078
133.69500732421875
133.60789489746094
133.59500122070312
133.75999450683594
133.75
133.67999267578125
133.75999450683594
133.63999938964844
133.64999389648438
133.61990356445312
133.5800018310547
133.58949279785156
133.57000732421875
133.6300048828125
133.69000244140625
133.66000366210938
133.73500061035156
133.67999267578125
133.71580505371094
133.67999267578125
133.6199951171875
133.69000244140625
133.67999267578125
133.69119262695312
133.7100067138672
133.72999572753906
133.75999450683594
133.78500366210938
133.82000732421875
133.8300018310547
133.76600646972656
133.70370483398438
133.69000244140625
133.7100067138672
133.72000122070312
133.6999969482422
133.6699981689453
133.5800018310547
133.5749969482422
133.52999877929688
133.47000122070312
133.44000244140625
133.41549682617188
133.42999267578125
133.47999572753906
133.47000122070312
133.48609924316406
133.57000732421875
133.5579071044922
133.58999633789062
133.5399932861328
133.468994140625
133.47000122070312
133.5
133.5
133.4499969482422
133.42999267578125
133.43899536132812
133.4600067138672
133.4600067138672
133.44000244140625
133.4250030517578
133.24000549316406
133.4199981689453
133.4967041015625
133.47999572753906
133.44000244140625
133.52999877929688
133.52000427246094
133.50999450683594
133.4600067138672
133.4949951171875
133.46499633789062
133.5019073486328
133.49000549316406
133.5500030517578
133.6199951171875
133.64999389648438
133.72999572753906
133.83999633789062
133.84129333496094
133.88999938964844
133.87750244140625
133.86000061035156
133.83250427246094
133.8300018310547
133.8000030517578
133.82000732421875
133.77000427246094
133.8800048828125
133.92999267578125
133.90499877929688
134.1300048828125
134.12570190429688
134.15499877929688
134.1699981689453
134.2050018310547
134.25999450683594
134.28860473632812
134.25999450683594
134.27000427246094
134.25
134.22000122070312
134.19000244140625
134.19000244140625
134.22999572753906
134.27999877929688
134.3000030517578
134.27000427246094
134.2375030517578
134.26499938964844
134.35499572753906
134.3300018310547
134.38999938964844
134.3699951171875
134.3800048828125
134.4600067138672
134.52000427246094
134.4490966796875
134.49000549316406
134.4600067138672
134.52999877929688
134.58999633789062
134.58999633789062
134.5800018310547
134.6699981689453
134.75999450683594
134.67999267578125
134.9600067138672
134.96499633789062
135.0800018310547
135.11000061035156
135.0800018310547
135.1094970703125
135.1750030517578
135.1750030517578
135.22000122070312
135.2100067138672
135.19000244140625
135.23500061035156
135.30999755859375
135.27999877929688
135.3000030517578
135.2899932861328
135.2899932861328
135.30499267578125
135.25999450683594
135.2100067138672
135.1699981689453
135.00999450683594
134.92999267578125
134.80999755859375
134.8000030517578
134.74000549316406
134.6999969482422
134.55999755859375
134.61000061035156
134.47000122070312
134.375
134.45840454101562
134.4499969482422
134.35499572753906
134.3488006591797
134.30999755859375
134.2899932861328
134.3000030517578
134.2899932861328
134.25999450683594
134.16799926757812
134.10499572753906
134.11000061035156
134.14500427246094
134.30999755859375
134.3300018310547
134.33999633789062
134.41000366210938
134.38999938964844
134.30999755859375
134.27000427246094
134.3000030517578
134.25999450683594
134.27000427246094
134.2949981689453
134.35000610351562
134.27999877929688
134.38999938964844
134.3000030517578
134.3699951171875
134.4199981689453
134.4499969482422
134.36000061035156
134.38499450683594
134.3800048828125
134.281005859375
134.3029022216797
134.1999969482422
134.16000366210938
134.1199951171875
134.1699981689453
134.1405029296875
134.13999938964844
134.14999389648438
134.1300048828125
134.1300048828125
134.16000366210938
134.22000122070312
134.1699981689453
134.16000366210938
134.1699981689453
134.17999267578125
134.25
134.25999450683594
134.2899932861328
134.36000061035156
134.3300018310547
134.3166961669922
134.32000732421875
134.2100067138672
134.25999450683594
134.32000732421875
134.29989624023438
134.2899932861328
134.35000610351562
134.44000244140625
134.47999572753906
134.42999267578125
134.40499877929688
134.32000732421875
134.38999938964844
134.27999877929688
134.27999877929688
134.3000030517578
134.38999938964844
134.42999267578125
134.36500549316406
134.35000610351562
134.14999389648438
134.17999267578125
134.27999877929688
134.2899932861328
134.25
134.35000610351562
134.3054962158203
134.3699951171875
134.15170288085938
134.13999938964844
134.0854034423828
134.0399932861328
134.13499450683594
134.1699981689453
134.1468963623047
134.02000427246094
134.0399932861328
134.02780151367188
134.1300048828125
134.16000366210938
134.17100524902344
134.14999389648438
134.16000366210938
134.36500549316406
134.3350067138672
134.19500732421875
134.16000366210938
134.16000366210938
134.2310028076172
134.19000244140625
134.1699981689453
134.1699981689453
