139.610107421875
139.73500061035156
139.6699981689453
139.71200561523438
139.6750030517578
139.77000427246094
139.9600067138672
140.17999267578125
140.34500122070312
140.2100067138672
140.4499969482422
140.46499633789062
140.64999389648438
140.5677032470703
140.4600067138672
140.46499633789062
140.33999633789062
140.38999938964844
140.25999450683594
140.125
140.02000427246094
140.23500061035156
140.2100067138672
140.30499267578125
140.2949981689453
140.24000549316406
140.07000732421875
139.9499969482422
139.9499969482422
139.9199981689453
140.02000427246094
140.10000610351562
140.10499572753906
140.19500732421875
140.14999389648438
140.1300048828125
140.02999877929688
139.80999755859375
139.83929443359375
139.8927001953125
140.27000427246094
139.9600067138672
139.89999389648438
140.32859802246094
140.1457977294922
140.3800048828125
140.46929931640625
140.47999572753906
140.6990966796875
140.50999450683594
140.3300018310547
140.58189392089844
140.6300048828125
140.58999633789062
140.5449981689453
140.6132049560547
140.61000061035156
140.63499450683594
140.89810180664062
141.07000732421875
141.2200927734375
141.1999969482422
141.1699981689453
141.10000610351562
141.0800018310547
141.27000427246094
141.23190307617188
141.3000030517578
141.33999633789062
141.3000030517578
141.2050018310547
141.0500030517578
141.02999877929688
140.82009887695312
140.69000244140625
140.75999450683594
140.85000610351562
140.94000244140625
140.88999938964844
140.83999633789062
140.88650512695312
140.80999755859375
140.83999633789062
140.86000061035156
140.9949951171875
140.97999572753906
140.77499389648438
140.8000030517578
140.85000610351562
140.71499633789062
140.6699981689453
140.60000610351562
140.51199340820312
140.61500549316406
140.58999633789062
140.52000427246094
140.52499389648438
140.42999267578125
140.44000244140625
140.52999877929688
140.49929809570312
140.43499755859375
140.5
140.5500030517578
140.64500427246094
140.76499938964844
140.7949981689453
140.86000061035156
140.82000732421875
140.77000427246094
140.63999938964844
140.5800018310547
140.67999267578125
140.66000366210938
140.6199951171875
140.64500427246094
140.64999389648438
140.66000366210938
140.6699981689453
140.69000244140625
140.69000244140625
140.69000244140625
140.80999755859375
140.8699951171875
140.80499267578125
140.85000610351562
140.80999755859375
140.9499969482422
140.97630310058594
140.8800048828125
140.75999450683594
140.82000732421875
140.8800048828125
140.84500122070312
140.83999633789062
140.8000030517578
140.83999633789062
140.85499572753906
140.79249572753906
140.84500122070312
141.10000610351562
141.14999389648438
141.10000610351562
141.13999938964844
141.1699981689453
141.35000610351562
141.4362030029297
141.5
141.36000061035156
141.5500030517578
141.60000610351562
141.60000610351562
141.69000244140625
141.8300018310547
141.8686065673828
141.89999389648438
141.85000610351562
141.86000061035156
141.80499267578125
141.76499938964844
141.8300018310547
141.9199981689453
142.02499389648438
141.92999267578125
141.75999450683594
141.69000244140625
141.625
141.72000122070312
141.58999633789062
141.60000610351562
141.6699981689453
141.6826934814453
141.67999267578125
141.78089904785156
141.7899932861328
141.77999877929688
141.8300018310547
141.80999755859375
141.69000244140625
141.74000549316406
141.74000549316406
141.73500061035156
141.7550048828125
141.58999633789062
141.50070190429688
141.55999755859375
141.55499267578125
141.47999572753906
141.41000366210938
141.38999938964844
141.47000122070312
141.49000549316406
141.5023956298828
141.44500732421875
141.4199981689453
141.3699951171875
141.3625946044922
141.22999572753906
141.25999450683594
141.3000030517578
141.30999755859375
141.37989807128906
141.4199981689453
141.32000732421875
141.41000366210938
141.54859924316406
141.4499969482422
141.2899932861328
141.36000061035156
141.3300018310547
141.4698944091797
141.47999572753906
141.49000549316406
141.60499572753906
141.5749969482422
141.58999633789062
141.6199951171875
141.60000610351562
141.57000732421875
141.5366973876953
141.53500366210938
141.5
141.32000732421875
141.24000549316406
141.3300018310547
141.19000244140625
141.1999969482422
141.14999389648438
141.05999755859375
141.08999633789062
141.10040283203125
141.11500549316406
141.11000061035156
141.00999450683594
140.94500732421875
140.97999572753906
140.92999267578125
140.9654998779297
141.0449981689453
141.04440307617188
141.07000732421875
141.0800018310547
141.05999755859375
141.17999267578125
141.2100067138672
141.1300048828125
141.13999938964844
141.13360595703125
141.14999389648438
141.13999938964844
141.1199951171875
141.11000061035156
141.2100067138672
141.25
141.22999572753906
141.24000549316406
141.19430541992188
141.14999389648438
141.19000244140625
141.17999267578125
141.16749572753906
141.1300048828125
141.08200073242188
141.24000549316406
141.2899932861328
141.2342071533203
141.3300018310547
141.3699951171875
141.4550018310547
141.52999877929688
141.50999450683594
141.38999938964844
141.44949340820312
141.4573974609375
141.4600067138672
141.4499969482422
141.43499755859375
141.41000366210938
141.52999877929688
141.44970703125
141.3094024658203
141.52999877929688
141.66000366210938
141.71200561523438
141.67999267578125
141.64999389648438
141.7100067138672
141.72999572753906
141.65049743652344
141.6300048828125
141.60000610351562
141.6300048828125
141.69500732421875
141.6300048828125
141.60000610351562
141.47000122070312
141.5
141.4600067138672
141.44769287109375
141.49000549316406
141.4550018310547
141.38499450683594
141.3699951171875
141.41000366210938
141.489501953125
141.49000549316406
141.4600067138672
141.42999267578125
141.32789611816406
141.27000427246094
141.22000122070312
141.2635040283203
141.25999450683594
141.1999969482422
141.1750030517578
141.19000244140625
141.10499572753906
141.05499267578125
141.11000061035156
141.14999389648438
141.13999938964844
141.10000610351562
141.10000610351562
140.94000244140625
141.0
140.95509338378906
141.0399932861328
141.06500244140625
141.10000610351562
141.0919952392578
141.0800018310547
141.10000610351562
141.14990234375
141.14500427246094
141.1300048828125
141.2899932861328
141.33999633789062
141.3300018310547
141.3699951171875
141.36000061035156
141.30999755859375
141.326904296875
141.30999755859375
141.22579956054688
141.21499633789062
141.25
141.3000030517578
141.30999755859375
141.22999572753906
141.34970092773438
141.4600067138672
141.3699951171875
141.30999755859375
141.36000061035156
141.28469848632812
141.32640075683594
141.36000061035156
141.42999267578125
141.38999938964844
141.36000061035156
141.35000610351562
141.3699951171875
141.30499267578125
141.35000610351562
141.33999633789062
141.33999633789062
141.3699951171875
141.28070068359375
141.3699951171875
141.35000610351562
141.30999755859375
141.3699951171875
141.36500549316406
141.3000030517578
141.2689971923828
141.19960021972656
141.3000030517578
141.22999572753906
141.19000244140625
141.2449951171875
141.22000122070312
141.2397003173828
141.47000122070312
141.50999450683594
141.46499633789062
141.50999450683594
141.51080322265625
141.48989868164062
141.61729431152344
141.5850067138672
141.52000427246094
141.51499938964844
141.6199951171875
141.62600708007812
141.6199951171875
141.55999755859375
141.56289672851562
141.53500366210938
141.50999450683594
141.52000427246094
141.50999450683594
141.5500030517578
141.47999572753906
141.49000549316406
141.53500366210938
141.5399932861328
141.49000549316406
141.47999572753906
141.47000122070312
141.47999572753906
141.4499969482422
141.4149932861328
141.32000732421875
141.16000366210938
141.13499450683594
141.07000732421875
141.0
141.0
140.9199981689453
141.02499389648438
140.9949951171875
140.89999389648438
140.85000610351562
140.8249969482422
140.83999633789062
140.7707977294922
140.73919677734375
140.75
140.64999389648438
140.67999267578125
140.6638946533203
140.66000366210938
140.72000122070312
140.75
140.71099853515625
140.72000122070312
140.67999267578125
140.64999389648438
140.6199951171875
140.5850067138672
140.6199951171875
140.6199951171875
140.6699981689453
140.6699981689453
140.66000366210938
140.74609375
140.69000244140625
140.7100067138672
140.6750030517578
140.73219299316406
140.75
140.77000427246094
140.85499572753906
140.72830200195312
140.7550048828125
140.6199951171875
140.61000061035156
140.55999755859375
140.58999633789062
140.55999755859375
140.5449981689453
140.52999877929688
140.52999877929688
140.47999572753906
140.55999755859375
140.66000366210938
140.64500427246094
140.66000366210938
140.60000610351562
140.74000549316406
140.8936004638672
140.77999877929688
140.77000427246094
140.8000030517578
140.8000030517578
140.8000030517578
140.8000030517578
140.77999877929688
140.77999877929688
140.96499633789062
140.94000244140625
140.875
140.74000549316406
140.7899932861328
140.85000610351562
140.77499389648438
140.67999267578125
140.5800018310547
140.66000366210938
140.53500366210938
140.61000061035156
140.61000061035156
140.60000610351562
140.5316925048828
140.50999450683594
140.5500030517578
140.25999450683594
140.32980346679688
140.30499267578125
140.33999633789062
140.30999755859375
140.31700134277344
140.2899932861328
140.33999633789062
140.1649932861328
140.20010375976562
140.1781005859375
140.1649932861328
140.2100067138672
140.25
140.3699951171875
140.16000366210938
140.0915985107422
140.0915985107422
140.0800018310547
140.09629821777344
140.14999389648438
140.08999633789062
140.08999633789062
140.17999267578125
140.25999450683594
140.20680236816406
140.1199951171875
140.09500122070312
140.22999572753906
139.9250030517578
140.02000427246094
140.02000427246094
