61.685001373291016
61.65999984741211
61.65999984741211
61.599998474121094
61.75
61.97999954223633
62.165000915527344
62.27000045776367
62.2599983215332
62.08000183105469
62.040000915527344
61.961700439453125
62.125
62.119998931884766
62.08000183105469
62.06999969482422
62.0099983215332
62.02000045776367
62.029998779296875
62.08000183105469
62.0099983215332
61.90999984741211
61.93000030517578
61.959999084472656
61.91999816894531
61.880001068115234
61.869998931884766
61.68000030517578
61.66999816894531
61.67689895629883
61.70500183105469
61.779998779296875
61.79999923706055
61.790000915527344
61.79999923706055
61.72999954223633
61.66999816894531
61.630001068115234
61.599998474121094
61.58000183105469
61.65999984741211
61.59000015258789
61.557098388671875
61.60260009765625
61.58000183105469
61.619998931884766
61.61000061035156
61.650001525878906
61.63999938964844
61.54999923706055
61.47999954223633
61.52000045776367
61.470001220703125
61.474998474121094
61.48500061035156
61.3849983215332
61.39059829711914
61.41999816894531
61.42499923706055
61.459999084472656
61.58000183105469
61.50699996948242
61.53010177612305
61.54999923706055
61.540000915527344
61.560001373291016
61.560001373291016
61.54999923706055
61.53499984741211
61.48929977416992
61.534698486328125
61.54999923706055
61.45500183105469
61.470001220703125
61.470001220703125
61.45000076293945
61.48500061035156
61.5
61.47999954223633
61.5099983215332
61.55540084838867
61.56999969482422
61.540000915527344
61.6349983215332
61.65999984741211
61.68000030517578
61.685001373291016
61.7599983215332
61.720001220703125
61.73500061035156
61.75
61.790000915527344
61.78499984741211
61.79140090942383
61.78499984741211
61.79999923706055
61.809600830078125
61.79499816894531
61.88999938964844
61.90999984741211
61.92689895629883
61.91999816894531
61.939998626708984
61.9900016784668
61.98569869995117
62.04690170288086
62.099998474121094
62.099998474121094
62.13520050048828
62.13999938964844
62.11000061035156
62.15999984741211
62.16899871826172
62.15999984741211
62.150001525878906
62.220001220703125
62.2400016784668
62.220001220703125
62.185001373291016
62.22999954223633
62.23500061035156
62.28499984741211
62.279998779296875
62.369998931884766
62.345001220703125
62.39500045776367
62.38999938964844
62.43000030517578
62.39500045776367
62.36000061035156
62.349998474121094
62.33000183105469
62.33000183105469
62.31999969482422
62.313899993896484
62.290000915527344
62.2599983215332
62.2400016784668
62.209999084472656
62.150001525878906
62.209999084472656
62.209999084472656
62.189998626708984
62.11000061035156
62.13999938964844
62.17279815673828
62.18000030517578
62.18000030517578
62.15999984741211
62.15999984741211
62.20000076293945
62.20000076293945
62.13999938964844
62.11000061035156
62.11000061035156
62.06999969482422
62.04999923706055
62.04499816894531
62.07509994506836
62.04999923706055
61.99549865722656
62.0
61.939998626708984
61.904998779296875
61.900001525878906
61.900001525878906
61.849998474121094
61.90639877319336
61.89979934692383
61.91999816894531
61.9900016784668
61.974998474121094
62.02000045776367
62.04499816894531
62.06999969482422
62.029998779296875
62.060001373291016
62.06999969482422
62.029998779296875
61.99359893798828
62.035499572753906
62.060001373291016
62.11000061035156
62.099998474121094
62.06999969482422
62.02000045776367
62.005001068115234
61.9900016784668
62.029998779296875
62.02510070800781
62.0
61.97999954223633
61.959999084472656
61.93000030517578
61.900001525878906
61.880001068115234
61.95000076293945
61.88999938964844
61.86000061035156
61.84000015258789
61.834999084472656
61.86360168457031
61.83000183105469
61.79999923706055
61.81999969482422
61.779998779296875
61.85029983520508
61.86000061035156
61.84000015258789
61.8650016784668
61.880001068115234
61.900001525878906
61.904998779296875
61.9541015625
61.97269821166992
61.97999954223633
62.0
61.970001220703125
62.0
61.95000076293945
61.959999084472656
61.93000030517578
61.869998931884766
61.849998474121094
61.86000061035156
61.880001068115234
61.904998779296875
61.900299072265625
61.86000061035156
61.86790084838867
61.868499755859375
61.898399353027344
61.88999938964844
61.790000915527344
61.77000045776367
61.81999969482422
61.779998779296875
61.72999954223633
61.790000915527344
61.7400016784668
61.724998474121094
61.743499755859375
61.72999954223633
61.7599983215332
61.75979995727539
61.7400016784668
61.751399993896484
61.73500061035156
61.779998779296875
61.77000045776367
61.7400016784668
61.75
61.720001220703125
61.709999084472656
61.70000076293945
61.70000076293945
61.689998626708984
61.689998626708984
61.68000030517578
61.68000030517578
61.6349983215332
61.540000915527344
61.56999969482422
61.6349983215332
61.65999984741211
61.616600036621094
61.686100006103516
61.630001068115234
61.632598876953125
61.619998931884766
61.61000061035156
61.59000015258789
61.61000061035156
61.650001525878906
61.63999938964844
61.619998931884766
61.65999984741211
61.63999938964844
61.65999984741211
61.650001525878906
61.630001068115234
61.619998931884766
61.68000030517578
61.67499923706055
61.665000915527344
61.65999984741211
61.66999816894531
61.630001068115234
61.63999938964844
61.66999816894531
61.630001068115234
61.630001068115234
61.630001068115234
61.640201568603516
61.65999984741211
61.619998931884766
61.619998931884766
61.584999084472656
61.58000183105469
61.56999969482422
61.540000915527344
61.529998779296875
61.506500244140625
61.52000045776367
61.54750061035156
61.56999969482422
61.56999969482422
61.56999969482422
61.540000915527344
61.540000915527344
61.525001525878906
61.525001525878906
61.525001525878906
61.529998779296875
61.564998626708984
61.53139877319336
61.5099983215332
61.4900016784668
61.525001525878906
61.525001525878906
61.52009963989258
61.52000045776367
61.5172004699707
61.47999954223633
61.52000045776367
61.505001068115234
61.4900016784668
61.5
61.525001525878906
61.505001068115234
61.47010040283203
61.4900016784668
61.47999954223633
61.459999084472656
61.5
61.4900016784668
61.519798278808594
61.53499984741211
61.529998779296875
61.564998626708984
61.56999969482422
61.54499816894531
61.540000915527344
61.52000045776367
61.540000915527344
61.54999923706055
61.529998779296875
61.52000045776367
61.5099983215332
61.54999923706055
61.58000183105469
61.564998626708984
61.619998931884766
61.61000061035156
61.619998931884766
61.599998474121094
61.60499954223633
61.65999984741211
61.654998779296875
61.67499923706055
61.665000915527344
61.66999816894531
61.6349983215332
61.64500045776367
61.650001525878906
61.66999816894531
61.68000030517578
61.68000030517578
61.66999816894531
61.67499923706055
61.67499923706055
61.68000030517578
61.689998626708984
61.68000030517578
61.650001525878906
61.64500045776367
61.65999984741211
61.65999984741211
61.62409973144531
61.650001525878906
61.630001068115234
61.650001525878906
61.68149948120117
61.689998626708984
61.69499969482422
61.689998626708984
61.720001220703125
61.68000030517578
61.71500015258789
61.69499969482422
61.67499923706055
61.69499969482422
61.70500183105469
61.70000076293945
61.720001220703125
61.70500183105469
61.73500061035156
61.72999954223633
61.73500061035156
61.71500015258789
61.70500183105469
61.69499969482422
61.69499969482422
61.708499908447266
61.689998626708984
61.6952018737793
61.67499923706055
61.672000885009766
61.68000030517578
61.65999984741211
61.630001068115234
61.64619827270508
61.63999938964844
61.60499954223633
61.61000061035156
61.5099983215332
61.54499816894531
61.560001373291016
61.505001068115234
61.54750061035156
61.52439880371094
61.4900016784668
61.439998626708984
61.45000076293945
61.44499969482422
61.439998626708984
61.380001068115234
61.375
61.32500076293945
61.29499816894531
61.29999923706055
61.29999923706055
61.349998474121094
61.36000061035156
61.31999969482422
61.275001525878906
61.2599983215332
61.29499816894531
61.31999969482422
61.33000183105469
61.33000183105469
61.334999084472656
61.334999084472656
61.31999969482422
61.314998626708984
61.380001068115234
61.36000061035156
61.36000061035156
61.349998474121094
61.34000015258789
61.279998779296875
61.29999923706055
61.30500030517578
61.2599983215332
61.2599983215332
61.23500061035156
61.26300048828125
61.290000915527344
61.30500030517578
61.29499816894531
61.27000045776367
61.27000045776367
61.26499938964844
61.30500030517578
61.310001373291016
61.349998474121094
61.33000183105469
61.310001373291016
61.28499984741211
61.27000045776367
61.314998626708984
61.30500030517578
61.32500076293945
61.35499954223633
61.35219955444336
61.31999969482422
61.349998474121094
61.314998626708984
61.314998626708984
61.369998931884766
61.42499923706055
61.380001068115234
61.404998779296875
61.4724006652832
61.439998626708984
61.3849983215332
61.349998474121094
61.35150146484375
61.36000061035156
61.349998474121094
61.349998474121094
61.375
61.3849983215332
61.400001525878906
61.400001525878906
61.400001525878906
61.345001220703125
61.369998931884766
61.407501220703125
61.404998779296875
61.404998779296875
61.400001525878906
61.3849983215332
61.375
61.25
61.20000076293945
61.20000076293945
61.189998626708984
61.17499923706055
61.19499969482422
61.189998626708984
61.18000030517578
61.15999984741211
61.15999984741211
61.209999084472656
61.23500061035156
61.19499969482422
61.189998626708984
61.18000030517578
61.25
61.23809814453125
61.20000076293945
61.224998474121094
61.20000076293945
61.20000076293945
61.185001373291016
61.20000076293945
61.20000076293945
