2945.0
2950.139892578125
2953.402099609375
2959.89990234375
2968.330078125
2967.824951171875
2965.3701171875
2966.360107421875
2947.449951171875
2942.5
2953.010009765625
2952.669921875
2950.5849609375
2946.14990234375
2944.350341796875
2946.25
2939.479248046875
2944.489990234375
2948.2099609375
2945.3798828125
2945.110107421875
2948.14990234375
2950.300048828125
2950.4599609375
2955.570068359375
2955.010009765625
2952.195068359375
2951.151123046875
2945.885009765625
2941.669921875
2945.9951171875
2946.0
2949.3701171875
2948.635009765625
2949.409912109375
2947.844970703125
2948.419921875
2949.8974609375
2947.070068359375
2946.8701171875
2950.330078125
2948.0
2946.510009765625
2954.090087890625
2953.62841796875
2955.800048828125
2954.830078125
2954.6298828125
2953.786865234375
2950.0
2946.419921875
2950.31005859375
2946.816162109375
2946.989990234375
2942.9599609375
2943.510009765625
2945.25
2943.1201171875
2946.5
2951.81005859375
2952.39990234375
2953.31005859375
2955.14990234375
2953.205078125
2953.4599609375
2956.8701171875
2958.369873046875
2957.64990234375
2965.0
2970.090087890625
2968.75
2967.489990234375
2969.800048828125
2971.055908203125
2969.961669921875
2967.610107421875
2971.6005859375
2975.840087890625
2980.090087890625
2977.77001953125
2978.0
2972.389892578125
2974.43994140625
2978.81982421875
2974.13671875
2968.9951171875
2961.85009765625
2962.7099609375
2960.843994140625
2960.8583984375
2962.6201171875
2959.60009765625
2964.64990234375
2965.050048828125
2964.7099609375
2964.7099609375
2965.35009765625
2964.02001953125
2964.635009765625
2961.639892578125
2962.969970703125
2959.97509765625
2962.85009765625
2962.85009765625
2961.72998046875
2961.39990234375
2957.030029296875
2958.830078125
2956.72998046875
2953.419921875
2952.080078125
2952.217529296875
2957.0400390625
2953.780029296875
2950.6201171875
2952.885009765625
2952.885009765625
2952.27001953125
2954.719970703125
2952.445068359375
2951.830078125
2951.7548828125
2953.830078125
2953.22998046875
2952.43505859375
2951.429931640625
2950.419921875
2950.090087890625
2952.35009765625
2948.030029296875
2948.239990234375
2945.010009765625
2943.199951171875
2945.169921875
2948.02001953125
2944.469970703125
2940.0
2940.590087890625
2942.889892578125
2944.0
2947.300048828125
2946.830078125
2946.669921875
2946.669921875
2950.4951171875
2950.0
2951.179931640625
2949.010009765625
2947.4599609375
2949.679931640625
2946.179931640625
2946.179931640625
2941.1201171875
2942.659912109375
2941.330078125
2942.429931640625
2940.0
2939.510009765625
2938.89990234375
2939.22998046875
2938.989990234375
2938.989990234375
2936.10498046875
2936.719970703125
2933.64990234375
2930.2900390625
2931.780029296875
2929.840087890625
2926.1201171875
2928.820068359375
2928.135009765625
2925.0
2922.7099609375
2923.090087890625
2923.10498046875
2923.159912109375
2923.760009765625
2927.389892578125
2923.860107421875
2924.760009765625
2925.110107421875
2924.919921875
2926.02001953125
2922.679931640625
2923.570068359375
2920.97998046875
2921.409912109375
2925.985107421875
2927.570068359375
2930.31005859375
2932.55029296875
2932.22998046875
2931.18994140625
2931.0498046875
2936.739990234375
2934.27001953125
2933.010009765625
2930.905029296875
2933.550048828125
2934.300048828125
2935.715087890625
2936.449951171875
2934.675048828125
2934.675048828125
2933.85009765625
2934.56494140625
2932.3798828125
2932.9150390625
2932.369140625
2932.389892578125
2933.43994140625
2932.069580078125
2927.25
2929.75537109375
2929.419921875
2930.70263671875
2933.362548828125
2931.146484375
2931.389892578125
2933.895751953125
2930.155029296875
2933.7119140625
2931.3349609375
2931.3349609375
2930.071044921875
2931.639892578125
2931.159912109375
2931.429931640625
2928.199951171875
2929.60498046875
2930.0
2927.60009765625
2927.14990234375
2927.590087890625
2922.989990234375
2921.2099609375
2920.22998046875
2921.93994140625
2922.260009765625
2919.949951171875
2921.18505859375
2921.2548828125
2921.139892578125
2923.2099609375
2921.195068359375
2921.214111328125
2921.989990234375
2923.35009765625
2924.551025390625
2923.955078125
2923.955078125
2926.110107421875
2928.830078125
2929.429931640625
2929.43994140625
2927.405029296875
2925.050048828125
2925.094482421875
2925.094482421875
2925.094482421875
2920.860107421875
2918.68994140625
2919.22998046875
2920.550048828125
2918.18994140625
2915.699951171875
2913.7099609375
2913.300048828125
2918.6298828125
2918.6298828125
2921.5
2919.739990234375
2922.800048828125
2923.5400390625
2923.820068359375
2923.280029296875
2922.739990234375
2920.582763671875
2920.582763671875
2920.0
2915.02001953125
2913.81005859375
2916.159912109375
2915.968505859375
2915.739990234375
2915.7451171875
2915.429931640625
2914.37451171875
2913.940673828125
2914.905029296875
2912.50244140625
2912.4150390625
2911.169921875
2909.969970703125
2909.52001953125
2908.18994140625
2905.7119140625
2906.85009765625
2906.0
2907.3349609375
2907.246337890625
2905.6298828125
2904.989990234375
2904.85009765625
2906.110107421875
2907.1201171875
2905.030029296875
2905.735107421875
2904.919921875
2905.908447265625
2905.908447265625
2907.080078125
2907.2099609375
2907.14990234375
2907.813232421875
2908.94580078125
2906.550048828125
2906.489990234375
2908.0
2908.60009765625
2908.0
2907.360107421875
2908.580078125
2908.0849609375
2909.284912109375
2909.179931640625
2909.179931640625
2911.4150390625
2911.929931640625
2910.0
2908.5400390625
2908.5048828125
2910.0
2908.909912109375
2910.53662109375
2911.699951171875
2914.139892578125
2915.0
2913.1650390625
2913.046142578125
2912.548828125
2912.340087890625
2912.010009765625
2908.47998046875
2909.7900390625
2910.429931640625
2910.429931640625
2914.330078125
2913.6201171875
2912.949951171875
2915.77001953125
2914.76220703125
2907.360107421875
2907.389892578125
2909.090087890625
2910.679931640625
2910.679931640625
2912.39990234375
2911.85009765625
2911.0
2911.610107421875
2912.830078125
2912.830078125
2912.6298828125
2912.131103515625
2913.419921875
2916.469970703125
2913.68994140625
2913.489990234375
2913.4599609375
2913.409912109375
2913.35009765625
2911.8701171875
2909.81494140625
2910.679931640625
2910.0
2911.034912109375
2910.90234375
2909.8349609375
2910.47998046875
2912.0
2912.6630859375
2912.949951171875
2909.9599609375
2909.2900390625
2911.2099609375
2911.43994140625
2907.798095703125
2909.320068359375
2908.5400390625
2907.760009765625
2907.760009765625
2907.199951171875
2909.85009765625
2912.080078125
2912.35009765625
2912.5
2909.81005859375
2909.39990234375
2911.179931640625
2909.739990234375
2912.080078125
2911.85009765625
2910.419921875
2910.419921875
2911.64990234375
2910.989990234375
2910.791015625
2910.791015625
2910.780029296875
2909.8798828125
2911.455322265625
2908.090087890625
2906.02490234375
2907.449951171875
2904.320068359375
2902.945068359375
2902.945068359375
2896.87939453125
2898.659912109375
2898.014892578125
2895.360107421875
2894.830078125
2895.5400390625
2894.93505859375
2894.97998046875
2894.669921875
2894.784912109375
2894.419921875
2893.46435546875
2892.39990234375
2892.239990234375
2893.340087890625
2892.89990234375
2894.7099609375
2893.260009765625
2890.445068359375
2890.264892578125
2889.7900390625
2889.780029296875
2890.5400390625
2891.300048828125
2891.300048828125
2889.014892578125
2890.010009765625
2891.139892578125
2886.260009765625
2887.372314453125
2887.77001953125
2888.199951171875
2888.03515625
2888.1455078125
2887.360107421875
2886.14501953125
2884.824951171875
2882.0
2885.080078125
2883.35009765625
2884.5400390625
2886.474365234375
2884.85009765625
2883.554443359375
2886.280029296875
2886.205078125
2886.260009765625
2887.0
2885.77490234375
2886.419921875
2883.550048828125
2885.5
2888.760009765625
2887.68505859375
2887.320068359375
2889.090087890625
2890.0
2889.715087890625
2887.030029296875
2889.14990234375
2889.715087890625
2892.39990234375
2890.4599609375
2887.901611328125
2887.2099609375
2888.800048828125
2886.64501953125
2888.72998046875
2883.969970703125
2883.81005859375
2885.0
2884.0
2883.945068359375
2884.764892578125
2884.31005859375
2880.0
2878.655029296875
2878.010009765625
2860.902587890625
2862.6201171875
2866.06005859375
2871.889892578125
2868.163330078125
2865.027587890625
2862.409912109375
2861.6298828125
2857.864990234375
2855.8701171875
2856.344970703125
2854.332763671875
2856.0
2854.85009765625
2857.5
2851.2900390625
2848.9599609375
2848.9599609375
2845.169921875
2846.570068359375
2849.280029296875
2848.68994140625
2846.3798828125
2856.820068359375
2860.75
2860.85009765625
2857.0400390625
2854.955078125
2855.530029296875
2853.574951171875
2853.010009765625
2853.010009765625
