2947.4951171875
2951.39599609375
2956.889892578125
2961.110107421875
2972.47998046875
2973.580078125
2970.280029296875
2970.60009765625
2960.110107421875
2951.25
2959.179931640625
2962.6650390625
2956.949951171875
2951.64990234375
2948.8798828125
2949.360107421875
2944.8701171875
2953.377685546875
2950.0400390625
2949.010009765625
2947.2099609375
2952.5
2956.5986328125
2955.97705078125
2960.7099609375
2961.138916015625
2960.4296875
2955.77001953125
2948.389892578125
2947.445068359375
2949.39990234375
2951.639892578125
2953.550048828125
2953.169921875
2952.89990234375
2952.530029296875
2953.215087890625
2952.092529296875
2949.10498046875
2953.15234375
2956.989990234375
2956.590087890625
2952.52001953125
2959.89990234375
2956.949951171875
2962.47998046875
2960.7900390625
2960.050048828125
2960.030029296875
2957.75
2953.300048828125
2955.0
2954.5400390625
2955.840087890625
2951.31005859375
2952.655029296875
2952.4599609375
2950.489990234375
2954.02001953125
2957.889892578125
2959.72509765625
2963.85009765625
2961.39990234375
2963.280029296875
2961.22998046875
2963.800048828125
2963.800048828125
2965.60009765625
2973.929931640625
2977.2900390625
2975.010009765625
2976.64501953125
2980.0
2980.0
2977.764892578125
2977.324951171875
2979.469970703125
2987.844970703125
2990.429931640625
2990.0
2990.919921875
2985.7900390625
2984.4599609375
2985.514892578125
2986.340087890625
2981.9951171875
2969.77490234375
2970.455078125
2969.239990234375
2969.830078125
2972.330078125
2973.0
2970.2099609375
2972.097900390625
2973.1298828125
2973.1298828125
2973.110107421875
2971.465087890625
2972.699951171875
2969.47509765625
2968.550048828125
2968.97998046875
2970.169921875
2968.010009765625
2967.3798828125
2966.25
2963.889892578125
2964.590087890625
2963.034912109375
2960.0
2959.39501953125
2958.780029296875
2964.989990234375
2961.239990234375
2957.639892578125
2960.955078125
2960.10009765625
2959.47998046875
2959.820068359375
2959.594970703125
2959.594970703125
2959.31494140625
2959.85498046875
2961.5
2958.5
2958.5
2957.169921875
2957.1298828125
2960.2900390625
2957.030029296875
2953.677490234375
2950.6298828125
2946.6298828125
2950.969970703125
2952.52490234375
2950.675048828125
2945.1298828125
2943.780029296875
2949.215087890625
2949.159912109375
2949.989990234375
2950.9951171875
2950.06494140625
2950.5
2952.929931640625
2954.949951171875
2955.989990234375
2952.094970703125
2952.0
2953.6142578125
2951.070068359375
2951.070068359375
2950.2451171875
2948.59375
2951.43994140625
2952.199951171875
2951.81005859375
2948.56005859375
2947.169921875
2945.97998046875
2944.64990234375
2944.43994140625
2944.52001953125
2945.199951171875
2941.8798828125
2939.219970703125
2939.0
2936.114990234375
2935.030029296875
2931.899658203125
2934.1298828125
2930.010009765625
2929.5400390625
2927.14990234375
2927.695068359375
2927.8916015625
2928.239990234375
2934.06005859375
2928.6201171875
2929.179931640625
2929.2099609375
2929.97509765625
2931.090087890625
2928.0
2928.39501953125
2926.06005859375
2927.032958984375
2929.429931640625
2934.2900390625
2934.800048828125
2937.0
2935.760009765625
2935.351318359375
2936.699951171875
2936.699951171875
2937.719970703125
2937.784912109375
2935.260009765625
2935.260009765625
2938.800048828125
2940.330078125
2941.699951171875
2941.699951171875
2939.0
2939.590087890625
2938.860107421875
2940.080078125
2940.080078125
2937.280029296875
2937.010009765625
2939.53759765625
2936.31005859375
2934.32421875
2935.139892578125
2932.625
2933.485107421875
2938.050048828125
2937.1298828125
2936.050048828125
2938.4599609375
2936.9912109375
2939.767822265625
2935.840087890625
2932.985107421875
2937.169677734375
2934.389892578125
2935.31005859375
2935.9951171875
2932.909912109375
2932.68017578125
2933.669921875
2930.989990234375
2930.800048828125
2929.219970703125
2925.199951171875
2925.989990234375
2923.4599609375
2924.989990234375
2925.260009765625
2922.31005859375
2923.340087890625
2925.31005859375
2924.6650390625
2925.35498046875
2925.1201171875
2923.300048828125
2925.39501953125
2924.25
2927.7900390625
2926.39990234375
2926.280029296875
2927.2900390625
2930.419921875
2930.610107421875
2931.300048828125
2931.06787109375
2926.010009765625
2927.10498046875
2923.239990234375
2923.830078125
2922.10009765625
2920.909912109375
2920.68994140625
2922.9599609375
2920.733154296875
2915.324951171875
2916.580078125
2916.10009765625
2918.2900390625
2922.0
2922.280029296875
2922.18994140625
2922.804931640625
2923.39990234375
2924.81298828125
2926.47998046875
2924.8798828125
2923.93994140625
2925.5400390625
2923.800048828125
2918.300048828125
2915.614990234375
2916.235107421875
2918.110107421875
2918.820068359375
2918.820068359375
2918.530029296875
2919.030029296875
2918.788818359375
2918.85009765625
2916.8349609375
2915.97998046875
2915.010009765625
2916.639892578125
2913.81005859375
2914.06494140625
2911.3505859375
2912.389892578125
2913.0
2912.6298828125
2912.260009765625
2910.409912109375
2910.686767578125
2910.050048828125
2910.030029296875
2913.989990234375
2910.64990234375
2910.64990234375
2910.25
2910.544921875
2910.544921875
2912.3798828125
2913.8349609375
2913.9150390625
2914.409912109375
2913.7099609375
2913.550048828125
2911.510009765625
2913.824951171875
2916.655029296875
2912.405029296875
2914.197998046875
2912.5
2914.320068359375
2913.800048828125
2914.570068359375
2917.550048828125
2915.920166015625
2916.050048828125
2914.570068359375
2913.739990234375
2913.739990234375
2913.39990234375
2914.889892578125
2914.8701171875
2917.090087890625
2919.570068359375
2921.580078125
2919.989990234375
2919.157958984375
2919.157958984375
2919.469970703125
2919.469970703125
2915.10009765625
2916.594970703125
2917.800048828125
2920.534912109375
2920.10009765625
2920.169921875
2919.030029296875
2922.31005859375
2919.317626953125
2913.989990234375
2913.5400390625
2914.85009765625
2915.7666015625
2915.7666015625
2917.224853515625
2917.224853515625
2917.224853515625
2917.48193359375
2918.0400390625
2920.5
2917.804931640625
2918.39990234375
2918.39990234375
2919.965087890625
2919.965087890625
2919.3701171875
2917.5849609375
2918.06005859375
2918.159912109375
2917.3701171875
2915.010009765625
2915.35009765625
2914.199951171875
2914.18505859375
2915.820068359375
2913.5390625
2914.989990234375
2915.139892578125
2914.719970703125
2915.570068359375
2913.27001953125
2913.027099609375
2913.7548828125
2913.340087890625
2913.25
2912.570068359375
2910.0
2909.260009765625
2909.989990234375
2909.989990234375
2909.989990234375
2914.5400390625
2913.85498046875
2915.52001953125
2914.31005859375
2912.260009765625
2913.7900390625
2913.909912109375
2915.389892578125
2914.219970703125
2913.9951171875
2913.9951171875
2914.070068359375
2914.02001953125
2914.0
2912.110107421875
2913.1201171875
2910.72998046875
2911.989990234375
2911.52001953125
2908.5439453125
2911.7099609375
2907.64599609375
2905.875
2905.514892578125
2898.6201171875
2900.909912109375
2899.550048828125
2899.550048828125
2897.0126953125
2898.989990234375
2897.699951171875
2897.050048828125
2896.550048828125
2896.449951171875
2896.31005859375
2895.02001953125
2893.780029296875
2893.530029296875
2895.919921875
2896.090087890625
2897.409912109375
2896.264892578125
2892.800048828125
2893.10009765625
2889.31494140625
2891.889892578125
2892.860107421875
2893.419921875
2891.530029296875
2891.739990234375
2892.27001953125
2891.77001953125
2888.199951171875
2887.851318359375
2889.215087890625
2889.4599609375
2890.0
2888.97998046875
2889.969970703125
2888.159912109375
2886.6298828125
2883.800048828125
2886.232666015625
2884.8798828125
2885.5400390625
2889.60009765625
2886.56005859375
2888.3701171875
2887.195068359375
2886.419921875
2887.8701171875
2886.6650390625
2888.0
2887.824951171875
2885.25
2887.8798828125
2890.0
2889.989990234375
2892.300048828125
2892.0
2893.6181640625
2894.93994140625
2890.030029296875
2892.31494140625
2893.93994140625
2896.840087890625
2895.43994140625
2894.19384765625
2894.760009765625
2893.10009765625
2892.8798828125
2892.52001953125
2889.4599609375
2889.590087890625
2890.43994140625
2890.199951171875
2890.070068359375
2890.239990234375
2890.389892578125
2886.2099609375
2885.0400390625
2884.93994140625
2868.487060546875
2872.030029296875
2875.929931640625
2878.679931640625
2874.31005859375
2872.669921875
2869.89990234375
2870.43994140625
2867.530029296875
2865.81005859375
2864.0
2863.340087890625
2865.554931640625
2865.409912109375
2866.070068359375
2859.330078125
2856.610107421875
2857.443603515625
2853.610107421875
2855.989990234375
2857.0
2858.840087890625
2856.989990234375
2866.75
2870.090087890625
2870.1298828125
2863.659912109375
2861.550048828125
2862.800048828125
2859.639892578125
2861.800048828125
2861.800048828125
