362.04998779296875
362.30999755859375
361.9599914550781
361.510009765625
362.019287109375
363.19000244140625
363.57501220703125
363.6300048828125
364.2799987792969
364.04998779296875
364.25
364.0199890136719
364.6300048828125
364.2699890136719
363.9800109863281
363.8500061035156
363.0
363.0249938964844
362.8599853515625
362.57501220703125
362.239990234375
362.2900085449219
362.70001220703125
363.32000732421875
363.1199951171875
362.75
362.25
361.45001220703125
361.6499938964844
361.0
361.9049987792969
362.3999938964844
362.5
362.5450134277344
362.55999755859375
361.82000732421875
362.0
361.6050109863281
361.69000244140625
361.9800109863281
362.75
362.20001220703125
362.3599853515625
362.510009765625
362.4100036621094
363.2200012207031
363.1000061035156
363.16839599609375
363.5899963378906
363.1300048828125
362.7200012207031
363.0199890136719
362.8699951171875
362.80999755859375
362.5249938964844
362.3900146484375
362.7300109863281
362.4100036621094
362.8599853515625
363.25
363.70001220703125
363.6300048828125
363.739990234375
363.7099914550781
363.46630859375
364.0899963378906
364.0899963378906
364.0899963378906
364.1499938964844
363.80999755859375
363.9100036621094
363.25
363.2799987792969
363.4039001464844
363.489990234375
363.25
363.44000244140625
363.80999755859375
363.79998779296875
363.6343078613281
363.9599914550781
364.1700134277344
363.8900146484375
364.010009765625
364.3500061035156
364.4700012207031
363.989990234375
364.1099853515625
364.05999755859375
364.2950134277344
364.2799987792969
364.17999267578125
364.20001220703125
363.92999267578125
364.0199890136719
363.6471862792969
363.5899963378906
363.430908203125
363.6499938964844
363.8500061035156
363.6600036621094
364.0
364.2099914550781
364.3500061035156
364.70001220703125
364.67999267578125
364.45001220703125
364.3999938964844
364.55999755859375
364.1700134277344
364.2799987792969
364.125
364.2099914550781
364.2900085449219
364.0299987792969
364.4100036621094
364.44000244140625
364.29998779296875
364.5299987792969
364.4100036621094
364.3399963378906
364.45001220703125
364.54998779296875
364.6000061035156
364.5899963378906
364.7406005859375
364.7799987792969
364.8599853515625
365.0400085449219
364.95001220703125
364.7749938964844
364.8575134277344
364.94000244140625
364.67999267578125
364.55999755859375
364.5199890136719
364.32000732421875
364.3299865722656
364.260009765625
364.510009765625
364.67999267578125
364.7101135253906
364.5830078125
364.6499938964844
364.989990234375
365.25
365.69000244140625
365.760009765625
365.5799865722656
365.6700134277344
365.69500732421875
365.69500732421875
365.3185119628906
365.1841125488281
365.29998779296875
365.1400146484375
364.9800109863281
364.8599853515625
364.875
364.6600036621094
364.6199951171875
364.6600036621094
364.5
364.6099853515625
364.75
364.739990234375
364.4649963378906
364.510009765625
364.4200134277344
364.07000732421875
364.5299987792969
364.5799865722656
364.7699890136719
364.95001220703125
364.760009765625
364.7300109863281
364.5799865722656
364.82000732421875
364.3900146484375
364.3399963378906
364.68499755859375
365.0
365.0299987792969
364.7799987792969
364.44000244140625
364.5
364.5
364.4100036621094
364.5400085449219
364.45001220703125
364.5199890136719
364.2699890136719
364.1000061035156
364.1499938964844
364.1600036621094
363.860107421875
364.17999267578125
364.04998779296875
363.9100036621094
364.05999755859375
364.0899963378906
364.2799987792969
364.25
364.0899963378906
364.2900085449219
364.3500061035156
364.29998779296875
364.1099853515625
364.0799865722656
363.75
363.94000244140625
363.92498779296875
363.94000244140625
364.1000061035156
364.1499938964844
364.1261901855469
364.1700134277344
364.2900085449219
364.2799987792969
364.0899963378906
363.9700012207031
364.0
363.7799987792969
363.7799987792969
363.92498779296875
363.91009521484375
363.989990234375
364.0889892578125
363.7099914550781
363.8399963378906
364.17999267578125
364.32000732421875
364.239990234375
364.0
363.6000061035156
363.70001220703125
363.6650085449219
363.2265930175781
363.6400146484375
363.4200134277344
363.1400146484375
363.32000732421875
363.1400146484375
363.19000244140625
363.0177917480469
362.8599853515625
362.8599853515625
362.8900146484375
362.9100036621094
362.92999267578125
363.010009765625
362.9100036621094
362.8299865722656
362.75
362.75
362.7900085449219
362.4100036621094
362.3699951171875
362.3374938964844
362.3374938964844
362.20001220703125
362.1260070800781
362.0400085449219
362.2699890136719
362.3819885253906
362.131591796875
362.1300048828125
362.17999267578125
362.17999267578125
362.17999267578125
362.1099853515625
362.05999755859375
361.8999938964844
362.0050048828125
361.95001220703125
362.1300048828125
362.1600036621094
361.9599914550781
362.17999267578125
361.92999267578125
361.6449890136719
362.04998779296875
362.42999267578125
362.3900146484375
362.3900146484375
362.52630615234375
362.7300109863281
362.45001220703125
362.3699951171875
362.3900146484375
362.3900146484375
362.3399963378906
362.3399963378906
362.3699951171875
362.44000244140625
362.19000244140625
361.989990234375
361.8900146484375
361.69500732421875
361.4150085449219
361.3500061035156
361.1964111328125
361.15301513671875
361.3599853515625
361.54998779296875
361.57000732421875
361.76568603515625
361.76568603515625
361.57000732421875
361.5400085449219
361.510009765625
361.6300048828125
361.5
361.6000061035156
361.5950012207031
361.5899963378906
361.5400085449219
361.44000244140625
361.5
361.5899963378906
361.5450134277344
361.2900085449219
361.29998779296875
361.19000244140625
361.2200012207031
361.32000732421875
361.44781494140625
361.29010009765625
361.5400085449219
361.3399963378906
361.25
361.2699890136719
361.2799987792969
361.29998779296875
361.2900085449219
361.4700012207031
361.5899963378906
361.739990234375
362.0899963378906
362.05999755859375
362.1199951171875
362.1600036621094
362.1400146484375
362.1000061035156
361.8699951171875
361.95001220703125
361.9200134277344
361.760009765625
361.4700012207031
361.55010986328125
361.7900085449219
361.7900085449219
361.7930908203125
361.57000732421875
361.7099914550781
361.6000061035156
361.68499755859375
361.94000244140625
362.010009765625
362.0
361.9744873046875
362.0299987792969
361.7900085449219
361.8500061035156
361.80999755859375
361.9599914550781
362.07000732421875
362.04998779296875
362.1000061035156
362.1600036621094
362.1600036621094
362.19000244140625
362.2099914550781
362.17498779296875
362.0
362.0
362.07000732421875
362.04998779296875
361.9800109863281
361.989990234375
361.8599853515625
362.1199951171875
362.29998779296875
362.32000732421875
362.239990234375
362.2200012207031
362.29998779296875
361.9750061035156
362.4649963378906
362.42999267578125
362.260009765625
362.2799987792969
362.4599914550781
362.2275085449219
362.3699951171875
362.44000244140625
362.5
362.32000732421875
362.11749267578125
362.29998779296875
362.1600036621094
362.239990234375
362.2200012207031
362.0950012207031
362.20001220703125
362.1700134277344
362.0400085449219
361.92999267578125
361.95001220703125
361.635009765625
361.5199890136719
361.5150146484375
361.3299865722656
361.1099853515625
361.0199890136719
360.8900146484375
360.8500061035156
360.67999267578125
360.8197937011719
360.7900085449219
360.82000732421875
360.7301025390625
360.4100036621094
360.3399963378906
360.0
360.2300109863281
359.989990234375
360.1300048828125
359.7699890136719
359.7300109863281
359.7900085449219
359.8299865722656
359.9100036621094
359.8799133300781
359.8399963378906
359.8800048828125
359.82000732421875
359.760009765625
359.79998779296875
360.0199890136719
359.9800109863281
359.95001220703125
360.07000732421875
360.1499938964844
359.998291015625
360.19000244140625
360.260009765625
360.25
360.4049987792969
360.5002136230469
360.2950134277344
360.3500061035156
360.6600036621094
360.4200134277344
360.45001220703125
360.0299987792969
359.94000244140625
360.0899963378906
360.2099914550781
360.1015930175781
359.80999755859375
359.69000244140625
359.7349853515625
359.8500061035156
359.989990234375
360.25
360.3500061035156
360.4599914550781
360.3299865722656
360.3591003417969
360.6499938964844
360.6000061035156
360.7699890136719
360.6400146484375
360.8500061035156
360.731689453125
360.9700012207031
360.8399963378906
360.8399963378906
361.20001220703125
361.17999267578125
361.0400085449219
361.1300048828125
361.2149963378906
361.07000732421875
361.19000244140625
360.70001220703125
360.69000244140625
360.7850036621094
360.4525146484375
360.54998779296875
360.6400146484375
360.8900146484375
360.8599853515625
360.75
360.45001220703125
359.6600036621094
359.7650146484375
359.8800048828125
359.8699951171875
359.6659851074219
359.68499755859375
359.6449890136719
359.4100036621094
359.1600036621094
359.260009765625
359.0199890136719
359.0400085449219
359.1199951171875
359.1300048828125
359.1199951171875
358.4649963378906
358.1700134277344
358.1700134277344
358.6700134277344
358.45001220703125
358.5450134277344
358.70001220703125
358.5799865722656
359.44000244140625
359.5799865722656
359.2200012207031
359.04998779296875
358.94000244140625
359.2699890136719
358.510009765625
358.92999267578125
358.92999267578125
