370.489990234375
370.4800109863281
370.5400085449219
369.8500061035156
369.9599914550781
370.5050048828125
370.44000244140625
370.1650085449219
370.0199890136719
369.70001220703125
370.1499938964844
369.70001220703125
368.8399963378906
368.1700134277344
368.5450134277344
368.6499938964844
368.5715026855469
368.80999755859375
368.1400146484375
368.25
368.4800109863281
368.55999755859375
368.8599853515625
368.8299865722656
368.8800048828125
368.67999267578125
368.19000244140625
368.5799865722656
368.6499938964844
368.80999755859375
368.9100036621094
368.6300048828125
368.29400634765625
368.2149963378906
368.3900146484375
369.04998779296875
369.7799987792969
370.0199890136719
370.0820007324219
369.9200134277344
369.989990234375
369.7799987792969
369.7799987792969
370.14801025390625
369.7049865722656
369.9100036621094
370.1000061035156
370.239990234375
370.760009765625
370.42999267578125
370.4200134277344
370.57000732421875
370.86248779296875
371.1499938964844
370.95001220703125
370.95001220703125
371.24749755859375
371.2900085449219
371.32000732421875
371.32000732421875
371.8999938964844
371.8399963378906
371.42999267578125
371.42999267578125
371.2690124511719
371.04998779296875
370.864990234375
371.0
371.2749938964844
371.125
370.69000244140625
370.6549987792969
370.4150085449219
370.3999938964844
370.1700134277344
370.3399963378906
370.2799987792969
370.739990234375
370.5400085449219
370.7174987792969
370.4967956542969
370.2200012207031
370.3800048828125
370.42999267578125
370.7799987792969
370.510009765625
370.8500061035156
370.7749938964844
370.8800048828125
370.8800048828125
371.1050109863281
371.05999755859375
371.2900085449219
371.3599853515625
371.4200134277344
371.2724914550781
371.25
371.25
371.5400085449219
371.4700012207031
371.55999755859375
371.42999267578125
371.364990234375
371.1499938964844
371.19500732421875
371.19500732421875
371.04998779296875
370.8599853515625
370.8599853515625
370.6400146484375
370.7200012207031
370.6499938964844
370.45001220703125
370.1499938964844
370.20001220703125
370.3829040527344
370.6029968261719
370.4800109863281
370.55999755859375
370.4599914550781
370.5
370.3500061035156
370.7699890136719
370.8857116699219
370.93499755859375
371.1300048828125
370.8699951171875
370.8900146484375
371.0423889160156
370.7099914550781
370.3070983886719
370.1702880859375
370.3399963378906
370.45001220703125
370.5976867675781
370.56988525390625
370.2300109863281
370.1575012207031
370.3678894042969
370.5899963378906
370.7799987792969
370.67999267578125
370.6499938964844
370.69000244140625
370.5199890136719
370.7214050292969
371.010009765625
371.010009765625
370.93438720703125
371.0799865722656
371.239990234375
371.32000732421875
371.1499938964844
371.2149963378906
371.2149963378906
371.2149963378906
370.8113098144531
370.7200012207031
370.67498779296875
370.7200012207031
370.7974853515625
370.7200012207031
370.7184143066406
370.7184143066406
370.80999755859375
370.5
370.4700012207031
370.45001220703125
370.3313903808594
370.2850036621094
370.3800048828125
370.4750061035156
370.5899963378906
370.79998779296875
370.7890930175781
370.7799987792969
370.77960205078125
370.6499938964844
370.4750061035156
370.3175048828125
370.4100036621094
370.2900085449219
370.3299865722656
370.32000732421875
370.4700012207031
370.57000732421875
370.57000732421875
370.42999267578125
370.5899963378906
370.45001220703125
370.6499938964844
370.4425048828125
370.4425048828125
370.4599914550781
370.6600036621094
370.4949951171875
370.2900085449219
370.2799987792969
370.20001220703125
370.3399963378906
370.1600036621094
370.25
370.264404296875
370.1650085449219
370.32501220703125
370.11138916015625
370.25
370.04998779296875
369.760009765625
369.5799865722656
369.6600036621094
369.69000244140625
369.6499938964844
369.4700012207031
369.44000244140625
369.44000244140625
369.5318908691406
369.2799987792969
369.010009765625
368.9700012207031
368.8680114746094
368.94000244140625
368.7799987792969
368.7550048828125
368.989990234375
368.9599914550781
369.0150146484375
369.0400085449219
368.9075012207031
368.69000244140625
368.8900146484375
368.8399963378906
368.7799987792969
368.43499755859375
368.4849853515625
368.4800109863281
368.4700012207031
368.3900146484375
368.6400146484375
368.56500244140625
368.55999755859375
368.55999755859375
368.6600036621094
368.8599853515625
368.6748962402344
368.70001220703125
368.760009765625
368.760009765625
368.760009765625
368.989990234375
369.2799987792969
369.2149963378906
369.2900085449219
369.32000732421875
369.32000732421875
369.2200012207031
369.19000244140625
368.9700012207031
368.9750061035156
368.989990234375
369.0
368.94000244140625
368.8446960449219
369.1099853515625
369.04998779296875
368.989990234375
369.0436096191406
369.2349853515625
369.2768859863281
369.510009765625
369.510009765625
369.5950012207031
369.54998779296875
369.4100036621094
369.4100036621094
369.4516906738281
369.2650146484375
369.2650146484375
369.4599914550781
369.2449951171875
368.8800048828125
368.9949951171875
369.3299865722656
369.1600036621094
369.2300109863281
369.1400146484375
369.07000732421875
369.0400085449219
369.0
369.0
368.8399963378906
369.0899963378906
369.239990234375
369.239990234375
369.1000061035156
368.93499755859375
368.8900146484375
368.8699035644531
368.6225891113281
368.760009765625
368.760009765625
368.69000244140625
368.510009765625
368.55010986328125
368.6650085449219
368.6650085449219
368.6650085449219
368.8699951171875
368.7174987792969
368.9150085449219
368.82000732421875
368.635009765625
368.6549987792969
368.556884765625
368.7195129394531
368.5685119628906
368.5685119628906
368.260009765625
368.27301025390625
368.3699951171875
368.125
368.125
368.125
367.44000244140625
367.2749938964844
367.20001220703125
367.6099853515625
367.6700134277344
367.63751220703125
367.5
367.6636962890625
367.760009765625
367.9599914550781
367.99749755859375
368.0
368.0400085449219
368.1600036621094
368.2300109863281
368.2200012207031
368.3999938964844
368.42999267578125
368.3974914550781
368.3949890136719
368.43499755859375
368.4800109863281
368.6000061035156
368.5400085449219
368.510009765625
368.4100036621094
368.5450134277344
369.010009765625
368.80999755859375
368.8280029296875
368.7774963378906
368.8900146484375
368.8500061035156
368.92999267578125
368.9800109863281
368.9700012207031
368.8999938964844
368.75
369.0400085449219
368.82000732421875
368.80999755859375
368.9823913574219
368.9800109863281
369.1700134277344
369.2200012207031
369.1700134277344
368.989990234375
369.04998779296875
368.69000244140625
368.6401062011719
368.6600036621094
368.6600036621094
368.54998779296875
368.5992126464844
368.5799865722656
368.5299987792969
368.58648681640625
368.67999267578125
368.6600036621094
368.61749267578125
368.6199951171875
368.5799865722656
368.6199951171875
368.82000732421875
368.5
369.489990234375
369.489990234375
369.4200134277344
369.3575134277344
369.5299987792969
369.5299987792969
369.5400085449219
369.45001220703125
369.635009765625
369.5400085449219
369.510009765625
369.625
369.510009765625
369.2699890136719
369.19000244140625
369.1650085449219
369.1650085449219
368.80999755859375
368.80999755859375
368.8500061035156
368.760009765625
368.5
368.5199890136719
368.5299987792969
368.4549865722656
368.2900085449219
368.3598937988281
367.9750061035156
368.1099853515625
367.8113098144531
367.5400085449219
367.67498779296875
367.5400085449219
367.489990234375
367.2200012207031
367.2799987792969
366.82000732421875
366.9100036621094
366.8399963378906
366.75
366.5199890136719
366.8599853515625
366.760009765625
366.760009765625
366.92999267578125
367.0849914550781
367.17999267578125
367.3399963378906
367.260009765625
367.1700134277344
367.17999267578125
367.30499267578125
367.2699890136719
367.3450012207031
367.3550109863281
367.3699951171875
367.44000244140625
367.4800109863281
367.6000061035156
367.7847900390625
367.84710693359375
367.739990234375
367.54620361328125
367.6499938964844
367.5400085449219
367.6199951171875
367.54998779296875
366.7699890136719
366.8500061035156
366.7850036621094
366.82000732421875
367.0
366.6499938964844
367.0
367.010009765625
367.2049865722656
367.1449890136719
367.375
367.2300109863281
367.3381042480469
367.30999755859375
367.3699951171875
367.6000061035156
367.7099914550781
367.6499938964844
367.74859619140625
367.7200012207031
367.67999267578125
367.3999938964844
367.4800109863281
367.4804992675781
367.7200012207031
367.7300109863281
367.44500732421875
367.55999755859375
367.7099914550781
367.6099853515625
367.5299987792969
367.54998779296875
367.42999267578125
367.5199890136719
367.1700134277344
366.95001220703125
367.0799865722656
367.18499755859375
366.9682922363281
366.80999755859375
366.6549987792969
366.2300109863281
366.20001220703125
366.44000244140625
366.375
366.2434997558594
366.17999267578125
366.260009765625
365.8999938964844
365.07000732421875
365.1499938964844
364.5400085449219
364.3999938964844
364.1300048828125
364.32000732421875
364.4200134277344
363.8900146484375
363.3900146484375
363.3900146484375
363.6499938964844
363.4200134277344
363.6199951171875
363.4100036621094
363.5
364.4800109863281
364.6600036621094
364.2200012207031
364.1000061035156
364.3955078125
364.8399963378906
364.489990234375
364.5899963378906
364.5899963378906
