199.1199951171875
198.8800048828125
198.25750732421875
197.55999755859375
197.61199951171875
197.9600067138672
198.4499969482422
198.47149658203125
198.85000610351562
198.8300018310547
198.80999755859375
198.57000732421875
198.14500427246094
197.4199981689453
197.39500427246094
197.33999633789062
197.22000122070312
197.5
197.47999572753906
196.8000030517578
196.19000244140625
196.58999633789062
196.8000030517578
196.69000244140625
196.3885040283203
196.30499267578125
196.17999267578125
196.07000732421875
196.22999572753906
196.07000732421875
196.06500244140625
195.5
195.3800048828125
195.31500244140625
195.30499267578125
195.25999450683594
195.2100067138672
194.8800048828125
194.38499450683594
194.6649932861328
194.39999389648438
194.6199951171875
194.49000549316406
194.52000427246094
194.50999450683594
194.6999969482422
194.77999877929688
194.875
195.3000030517578
195.11000061035156
194.8800048828125
195.00999450683594
194.89500427246094
195.5800018310547
195.1699981689453
195.08999633789062
195.24000549316406
195.14500427246094
195.06500244140625
195.1199951171875
195.13999938964844
195.0399932861328
195.10000610351562
195.06500244140625
195.1999969482422
195.1649932861328
195.0500030517578
194.80999755859375
194.8800048828125
195.0399932861328
195.125
195.1999969482422
194.89999389648438
195.18499755859375
195.07000732421875
194.98179626464844
194.8000030517578
194.75
195.05999755859375
195.1199951171875
195.17999267578125
194.94000244140625
195.02000427246094
194.94000244140625
194.97500610351562
194.93499755859375
195.03500366210938
194.94500732421875
194.9499969482422
195.0500030517578
195.10000610351562
195.1699981689453
195.0399932861328
195.4532928466797
195.75
195.64500427246094
195.4600067138672
195.5240936279297
195.6300048828125
195.72000122070312
195.83999633789062
195.81500244140625
195.80499267578125
195.9149932861328
195.77000427246094
195.9949951171875
196.2050018310547
196.49000549316406
196.7100067138672
196.3300018310547
196.10000610351562
195.9550018310547
195.9600067138672
196.01499938964844
195.839599609375
195.86000061035156
195.94859313964844
195.9499969482422
195.86000061035156
195.77999877929688
195.79379272460938
195.89480590820312
195.84500122070312
196.0
195.75579833984375
195.8300018310547
195.8000030517578
195.77999877929688
195.78500366210938
195.57000732421875
195.77499389648438
195.8699951171875
195.7100067138672
195.64500427246094
195.80999755859375
195.7050018310547
195.60989379882812
195.52499389648438
195.64500427246094
195.94000244140625
195.68499755859375
195.66000366210938
195.8000030517578
195.80999755859375
195.8300018310547
195.9600067138672
195.89999389648438
195.86000061035156
195.83999633789062
195.83909606933594
195.77999877929688
195.78500366210938
195.89500427246094
195.92999267578125
196.1199951171875
195.98500061035156
195.83999633789062
195.82000732421875
195.82000732421875
195.83999633789062
195.6199951171875
195.61500549316406
195.64999389648438
195.61000061035156
195.63499450683594
195.9980926513672
195.69500732421875
195.85400390625
195.6699981689453
195.52999877929688
195.5500030517578
195.5399932861328
195.73500061035156
195.68499755859375
195.64990234375
195.5749969482422
195.5850067138672
195.61000061035156
195.50999450683594
195.5850067138672
195.6750030517578
195.57000732421875
195.61000061035156
195.63999938964844
195.5500030517578
195.49000549316406
195.7050018310547
195.6300048828125
196.02000427246094
195.97999572753906
196.06500244140625
195.94000244140625
195.9600067138672
195.99000549316406
196.19000244140625
196.5
196.60000610351562
196.24000549316406
196.36500549316406
196.12600708007812
196.16000366210938
196.1179962158203
196.13499450683594
196.2550048828125
196.27999877929688
196.1199951171875
195.9199981689453
196.1300048828125
196.13499450683594
196.05999755859375
196.14500427246094
196.19000244140625
196.1699981689453
196.27000427246094
196.24000549316406
196.32000732421875
196.32879638671875
196.27999877929688
196.1999969482422
196.0749969482422
196.0749969482422
196.10000610351562
196.14999389648438
196.0
196.0500030517578
195.86000061035156
195.9250030517578
195.82000732421875
195.6999969482422
195.72479248046875
195.85000610351562
195.83999633789062
195.5500030517578
195.27999877929688
195.25999450683594
195.3300018310547
195.47999572753906
195.52000427246094
195.6199951171875
195.47500610351562
195.4949951171875
195.52169799804688
195.4949951171875
195.6750030517578
195.55999755859375
195.7528076171875
195.59500122070312
195.49000549316406
195.5399932861328
195.47999572753906
195.47999572753906
195.5399932861328
195.61000061035156
195.63999938964844
195.63999938964844
195.4149932861328
195.33999633789062
195.39999389648438
195.39999389648438
195.47000122070312
195.3699951171875
195.52000427246094
195.4499969482422
195.6199951171875
195.80999755859375
195.65499877929688
195.8000030517578
195.77999877929688
195.75999450683594
195.8300018310547
195.8800048828125
195.9199981689453
195.7550048828125
195.8350067138672
195.88999938964844
195.91749572753906
195.98599243164062
195.9250030517578
196.02000427246094
195.92999267578125
195.80499267578125
196.10000610351562
196.25
196.22000122070312
196.27999877929688
196.14999389648438
196.0749969482422
196.0500030517578
196.00999450683594
196.0399932861328
195.88499450683594
195.8300018310547
195.8800048828125
195.88999938964844
195.9600067138672
195.8699951171875
196.02999877929688
196.0399932861328
196.00999450683594
195.77999877929688
195.8300018310547
196.02000427246094
195.94149780273438
195.9700927734375
196.1999969482422
196.27999877929688
196.4499969482422
196.5
196.47500610351562
196.5489959716797
196.5
196.5
196.55999755859375
196.5850067138672
196.64500427246094
196.64500427246094
196.6300048828125
196.35499572753906
196.27499389648438
196.31500244140625
196.125
196.10499572753906
196.0
195.49000549316406
195.50999450683594
195.41000366210938
195.49000549316406
195.36880493164062
195.39500427246094
195.2830047607422
195.22999572753906
195.1699981689453
195.19000244140625
195.14999389648438
195.10000610351562
195.19500732421875
195.1999969482422
195.17999267578125
195.10960388183594
195.1300048828125
195.02000427246094
195.02999877929688
195.08999633789062
195.0
194.99000549316406
195.13999938964844
195.07000732421875
195.02499389648438
194.91000366210938
195.1750030517578
195.27999877929688
195.3800048828125
195.2449951171875
195.27000427246094
195.2100067138672
195.2899932861328
195.42999267578125
195.3350067138672
195.41400146484375
195.35000610351562
195.3000030517578
195.26499938964844
195.30599975585938
195.2740020751953
195.24000549316406
195.22999572753906
195.39999389648438
195.33999633789062
195.4199981689453
195.4250030517578
195.398193359375
195.1501007080078
195.2156982421875
195.1699981689453
195.17999267578125
195.09500122070312
195.19000244140625
195.1472930908203
195.1300048828125
195.22999572753906
195.2100067138672
195.25
195.25999450683594
195.2550048828125
195.33599853515625
195.41000366210938
195.52999877929688
195.27000427246094
195.16000366210938
195.07000732421875
195.0399932861328
194.97999572753906
194.9949951171875
195.05499267578125
195.02000427246094
194.99000549316406
195.06500244140625
194.8800048828125
194.69500732421875
194.80029296875
194.7100067138672
194.77999877929688
194.6300048828125
194.61500549316406
194.60000610351562
194.58999633789062
194.5850067138672
194.5500030517578
194.61000061035156
194.5749969482422
194.5749969482422
194.72500610351562
194.72999572753906
194.42999267578125
194.35000610351562
194.17999267578125
194.1199951171875
194.13999938964844
193.89999389648438
193.93150329589844
193.8300018310547
193.8300018310547
193.52999877929688
193.5399932861328
193.38999938964844
193.27999877929688
193.2050018310547
193.17999267578125
193.22000122070312
193.24400329589844
193.22500610351562
193.14999389648438
193.0800018310547
193.02999877929688
192.9600067138672
193.00999450683594
193.02999877929688
192.9250030517578
192.82000732421875
192.88499450683594
192.85760498046875
192.97000122070312
193.0399932861328
193.0428924560547
193.0
193.30999755859375
193.30999755859375
193.2449951171875
193.27499389648438
193.30999755859375
193.15029907226562
193.25999450683594
193.4199981689453
193.41000366210938
193.44000244140625
193.36000061035156
193.4149932861328
193.2449951171875
193.1699981689453
193.11000061035156
193.0800018310547
192.99839782714844
192.97999572753906
193.0500030517578
193.21499633789062
193.3000030517578
193.3699951171875
193.54750061035156
193.52999877929688
193.63999938964844
193.75
193.9600067138672
193.94000244140625
194.2050018310547
194.14500427246094
194.1300048828125
194.08999633789062
194.2050018310547
194.36500549316406
194.6699981689453
194.50999450683594
194.07000732421875
194.1199951171875
193.93960571289062
193.8000030517578
193.64999389648438
193.94000244140625
193.66000366210938
193.77999877929688
193.2100067138672
193.16000366210938
193.1999969482422
193.27000427246094
193.20840454101562
192.9499969482422
192.8300018310547
192.55999755859375
192.56419372558594
192.88999938964844
192.8699951171875
192.8300018310547
192.74000549316406
192.7550048828125
193.0800018310547
192.88999938964844
192.68499755859375
192.52000427246094
192.5749969482422
192.76499938964844
192.72999572753906
192.78500366210938
192.2899932861328
192.32000732421875
192.32000732421875
192.4550018310547
192.49960327148438
192.44000244140625
192.32000732421875
192.11000061035156
192.3350067138672
192.49000549316406
192.00999450683594
192.2100067138672
191.91000366210938
191.92999267578125
191.6999969482422
191.74000549316406
191.74000549316406
