136.18499755859375
136.1540069580078
136.13999938964844
136.02000427246094
136.0800018310547
136.22000122070312
136.33999633789062
136.52999877929688
136.5800018310547
136.7100067138672
136.8300018310547
136.6300048828125
136.8300018310547
136.8300018310547
137.0500030517578
137.0800018310547
137.0399932861328
136.7899932861328
136.7050018310547
136.72500610351562
136.8000030517578
136.72000122070312
136.77000427246094
136.7949981689453
136.9199981689453
136.9250030517578
137.00999450683594
136.91099548339844
136.7949981689453
136.91900634765625
136.75999450683594
136.8883056640625
136.9600067138672
136.98500061035156
136.83999633789062
136.83999633789062
136.72000122070312
136.58999633789062
136.77999877929688
136.7100067138672
136.77000427246094
136.7100067138672
136.65499877929688
136.66000366210938
136.58999633789062
136.47000122070312
136.52000427246094
136.47500610351562
136.39999389648438
136.2841033935547
136.17999267578125
136.32000732421875
136.32000732421875
136.34500122070312
136.2852020263672
136.28500366210938
136.2100067138672
136.25999450683594
136.33999633789062
136.49000549316406
136.5
136.4550018310547
136.37550354003906
136.4199981689453
136.40499877929688
136.5399932861328
136.5166015625
136.52499389648438
136.5
136.50999450683594
136.49000549316406
136.43890380859375
136.2321014404297
136.3699951171875
136.3000030517578
136.27999877929688
136.47999572753906
136.5800018310547
136.4748992919922
136.5
136.55499267578125
136.5800018310547
136.5399932861328
136.55999755859375
136.64999389648438
136.6699981689453
136.60000610351562
136.77999877929688
136.5749969482422
136.58999633789062
136.52999877929688
136.64999389648438
136.61000061035156
136.5749969482422
136.63999938964844
136.66000366210938
136.58999633789062
136.64999389648438
136.6999969482422
136.80999755859375
136.89500427246094
136.86500549316406
136.86000061035156
136.9499969482422
136.92999267578125
137.02999877929688
136.97000122070312
137.0500030517578
137.07000732421875
137.06959533691406
137.0050048828125
137.0399932861328
137.0500030517578
137.06199645996094
137.09500122070312
137.1699981689453
137.16000366210938
137.25
137.22999572753906
137.22999572753906
137.22000122070312
137.22999572753906
137.16000366210938
137.14500427246094
137.1300048828125
137.1199951171875
137.1300048828125
137.1999969482422
137.25999450683594
137.14999389648438
137.15499877929688
137.09500122070312
137.0449981689453
137.0050048828125
136.9600067138672
137.0399932861328
137.01950073242188
136.97999572753906
137.05999755859375
137.1300048828125
137.1750030517578
137.23309326171875
137.2100067138672
137.11500549316406
137.11000061035156
137.1750030517578
137.19119262695312
137.22999572753906
137.3000030517578
137.25999450683594
137.17999267578125
137.16000366210938
137.17999267578125
137.17999267578125
137.22999572753906
137.2100067138672
137.22999572753906
137.2899932861328
137.33999633789062
137.35499572753906
137.3300018310547
137.27000427246094
137.24000549316406
137.2100067138672
137.1999969482422
137.2449951171875
137.2449951171875
137.25999450683594
137.16000366210938
137.2100067138672
137.2769012451172
137.3000030517578
137.3699951171875
137.3800048828125
137.3800048828125
137.35000610351562
137.3800048828125
137.38999938964844
137.2899932861328
137.27000427246094
137.3249969482422
137.38999938964844
137.393798828125
137.30999755859375
137.16000366210938
137.16000366210938
137.16000366210938
137.14999389648438
137.16000366210938
137.10989379882812
137.16000366210938
137.1199951171875
137.02000427246094
137.0
137.01499938964844
136.96499633789062
136.89999389648438
136.88999938964844
136.88999938964844
136.83999633789062
136.9499969482422
137.0399932861328
136.96499633789062
137.0399932861328
137.02999877929688
137.14999389648438
137.15989685058594
137.125
137.11000061035156
137.0800018310547
137.22000122070312
137.22000122070312
137.1300048828125
137.19000244140625
137.27000427246094
137.13999938964844
137.11000061035156
137.0399932861328
137.03500366210938
136.97000122070312
136.92999267578125
137.02999877929688
136.9600067138672
136.89999389648438
136.9550018310547
136.8300018310547
136.8300018310547
136.77999877929688
136.77999877929688
136.8249969482422
136.89999389648438
136.91799926757812
136.9199981689453
136.80999755859375
136.7449951171875
136.77000427246094
136.76499938964844
136.6699981689453
136.6999969482422
136.67999267578125
136.67999267578125
136.7008056640625
136.75999450683594
136.8350067138672
136.86000061035156
136.85000610351562
136.82980346679688
136.80999755859375
136.8350067138672
136.8000030517578
136.77000427246094
136.8300018310547
136.80999755859375
136.88999938964844
136.86000061035156
136.83999633789062
136.86439514160156
136.86000061035156
136.86000061035156
136.86000061035156
136.8000030517578
136.7100067138672
136.6999969482422
136.97999572753906
136.9499969482422
136.86500549316406
136.9499969482422
136.97000122070312
137.07000732421875
137.10499572753906
137.1750030517578
137.1699981689453
137.07000732421875
137.0500030517578
137.08990478515625
137.10499572753906
137.10000610351562
137.07000732421875
137.13499450683594
137.17999267578125
137.10499572753906
137.22500610351562
137.30999755859375
137.35499572753906
137.36700439453125
137.3350067138672
137.3699951171875
137.34500122070312
137.3300018310547
137.35000610351562
137.3350067138672
137.3000030517578
137.3350067138672
137.2899932861328
137.30999755859375
137.35000610351562
137.34959411621094
137.27999877929688
137.31100463867188
137.30679321289062
137.27999877929688
137.25799560546875
137.27499389648438
137.3249969482422
137.35000610351562
137.3292999267578
137.36000061035156
137.34500122070312
137.3000030517578
137.33999633789062
137.2899932861328
137.2100067138672
137.1999969482422
137.16000366210938
137.27000427246094
137.22000122070312
137.27999877929688
137.27000427246094
137.2550048828125
137.3300018310547
137.27000427246094
137.33999633789062
137.35499572753906
137.4239044189453
137.4019012451172
137.4176025390625
137.41000366210938
137.3800048828125
137.49000549316406
137.4499969482422
137.42999267578125
137.40499877929688
137.38999938964844
137.42999267578125
137.47999572753906
137.47000122070312
137.52000427246094
137.5467071533203
137.47999572753906
137.55999755859375
137.58999633789062
137.5800018310547
137.55499267578125
137.5449981689453
137.52000427246094
137.5399932861328
137.55999755859375
137.55499267578125
137.52999877929688
137.6649932861328
137.7100067138672
137.75999450683594
137.7301025390625
137.8300018310547
137.8300018310547
137.75
137.81500244140625
137.7899932861328
137.7550048828125
137.77999877929688
137.72500610351562
137.77000427246094
137.77000427246094
137.75999450683594
137.7949981689453
137.82000732421875
137.82000732421875
137.80999755859375
137.85000610351562
137.8699951171875
137.80999755859375
137.80999755859375
137.86000061035156
137.8656005859375
137.86000061035156
137.89999389648438
137.92999267578125
137.9199981689453
137.94000244140625
138.00999450683594
138.0
138.00999450683594
138.1300048828125
138.14999389648438
138.10800170898438
138.0749969482422
138.11500549316406
138.09500122070312
138.52999877929688
138.5399932861328
138.6396026611328
138.57000732421875
138.52499389648438
138.5399932861328
138.6199951171875
138.59500122070312
138.5800018310547
138.6699981689453
138.6999969482422
138.60000610351562
138.70010375976562
138.72500610351562
138.6699981689453
138.66000366210938
138.6649932861328
138.63499450683594
138.66000366210938
138.66000366210938
138.59500122070312
138.58999633789062
138.6199951171875
138.60000610351562
138.55999755859375
138.58999633789062
138.47000122070312
138.47000122070312
138.42999267578125
138.3300018310547
138.4949951171875
138.5
138.5399932861328
138.55999755859375
138.51499938964844
138.55499267578125
138.5500030517578
138.40499877929688
138.5009002685547
138.42999267578125
138.28500366210938
138.39999389648438
138.33999633789062
138.33999633789062
138.4199981689453
138.34500122070312
138.30499267578125
138.22999572753906
138.15499877929688
138.1300048828125
138.11000061035156
138.1199951171875
138.0281982421875
137.94000244140625
137.9600067138672
137.98500061035156
137.99000549316406
137.99000549316406
138.0
138.02999877929688
138.05999755859375
138.10000610351562
138.0
138.02000427246094
138.02000427246094
137.98500061035156
137.97999572753906
137.93499755859375
137.9550018310547
137.88999938964844
137.9499969482422
137.95860290527344
137.94500732421875
137.97000122070312
138.0500030517578
138.0
138.06680297851562
138.0800018310547
138.07000732421875
138.0749969482422
138.00999450683594
138.05999755859375
138.16000366210938
138.1649932861328
138.19000244140625
138.25
138.2899932861328
138.3300018310547
138.30540466308594
138.3300018310547
138.35850524902344
138.40499877929688
138.33999633789062
138.25999450683594
138.27999877929688
138.27999877929688
138.22999572753906
138.11000061035156
138.07000732421875
138.05999755859375
138.10960388183594
138.0500030517578
138.05999755859375
138.10499572753906
138.13999938964844
138.15499877929688
138.1199951171875
138.10000610351562
137.77000427246094
137.74000549316406
137.80999755859375
137.8125
137.75999450683594
137.75
137.71009826660156
137.75999450683594
137.6199951171875
137.6300048828125
137.5749969482422
137.58999633789062
137.5800018310547
137.66000366210938
137.65960693359375
137.60000610351562
137.55999755859375
137.55999755859375
137.6999969482422
137.69000244140625
137.74000549316406
137.7449951171875
137.72999572753906
137.8699951171875
137.92999267578125
137.80999755859375
137.75
137.77999877929688
137.88999938964844
137.75999450683594
137.77999877929688
137.77999877929688
