49.33000183105469
49.369998931884766
49.39500045776367
49.340301513671875
49.505001068115234
49.61000061035156
49.58000183105469
49.619998931884766
49.64500045776367
49.584999084472656
49.61000061035156
49.53499984741211
49.439998626708984
49.349998474121094
49.3849983215332
49.349998474121094
49.279998779296875
49.26499938964844
49.30500030517578
49.320499420166016
49.26100158691406
49.28860092163086
49.310001373291016
49.26380157470703
49.25
49.209999084472656
49.189998626708984
49.147098541259766
49.15999984741211
49.18069839477539
49.244998931884766
49.342498779296875
49.334999084472656
49.29499816894531
49.32099914550781
49.279998779296875
49.209999084472656
49.185001373291016
49.15999984741211
49.16999816894531
49.2599983215332
49.130001068115234
49.090999603271484
49.19499969482422
49.224998474121094
49.34000015258789
49.34000015258789
49.3656005859375
49.37009811401367
49.29499816894531
49.209999084472656
49.25
49.245601654052734
49.185001373291016
49.14289855957031
49.161800384521484
49.17499923706055
49.154998779296875
49.14500045776367
49.22999954223633
49.224998474121094
49.17499923706055
49.15999984741211
49.145599365234375
49.1150016784668
49.16999816894531
49.125
49.11000061035156
49.189998626708984
49.20000076293945
49.16999816894531
49.1150016784668
49.06999969482422
49.064998626708984
49.064998626708984
49.04499816894531
49.095001220703125
49.1150016784668
49.10499954223633
49.10499954223633
49.11000061035156
49.1150016784668
49.119998931884766
49.185001373291016
49.20000076293945
49.13999938964844
49.099998474121094
49.10499954223633
49.10499954223633
49.124298095703125
49.119998931884766
49.07500076293945
49.08000183105469
49.10499954223633
49.10499954223633
49.099998474121094
49.1349983215332
49.14500045776367
49.17499923706055
49.185001373291016
49.19499969482422
49.220001220703125
49.20000076293945
49.16999816894531
49.185001373291016
49.18000030517578
49.165000915527344
49.189998626708984
49.19499969482422
49.165000915527344
49.165000915527344
49.14500045776367
49.189998626708984
49.17649841308594
49.150001525878906
49.17499923706055
49.15999984741211
49.19499969482422
49.17729949951172
49.20500183105469
49.16999816894531
49.16600036621094
49.17499923706055
49.185001373291016
49.154998779296875
49.18000030517578
49.14500045776367
49.17499923706055
49.165000915527344
49.14500045776367
49.109798431396484
49.125
49.1150016784668
49.10499954223633
49.084999084472656
49.04999923706055
48.9900016784668
48.98500061035156
48.974998474121094
49.029998779296875
48.970001220703125
48.935001373291016
48.915000915527344
48.875
48.83000183105469
48.875
48.89500045776367
48.845001220703125
48.834999084472656
48.87220001220703
48.8650016784668
48.86669921875
48.88990020751953
48.935001373291016
48.9900016784668
48.959999084472656
48.95000076293945
48.96500015258789
48.98500061035156
48.96500015258789
48.974998474121094
49.029998779296875
48.9900016784668
48.970001220703125
48.95000076293945
48.93000030517578
48.904998779296875
48.897499084472656
48.849998474121094
48.8650016784668
48.849998474121094
48.845001220703125
48.900001525878906
48.904998779296875
48.9015998840332
48.869998931884766
48.869998931884766
48.8650016784668
48.834999084472656
48.775001525878906
48.80500030517578
48.79499816894531
48.80500030517578
48.75339889526367
48.71500015258789
48.744998931884766
48.77000045776367
48.77000045776367
48.78499984741211
48.75
48.80500030517578
48.7599983215332
48.70009994506836
48.69499969482422
48.71500015258789
48.679901123046875
48.70000076293945
48.69499969482422
48.70500183105469
48.724998474121094
48.720001220703125
48.74769973754883
48.720001220703125
48.689998626708984
48.70370101928711
48.744998931884766
48.7156982421875
48.71609878540039
48.720001220703125
48.720001220703125
48.7599983215332
48.75
48.720001220703125
48.744998931884766
48.73500061035156
48.744998931884766
48.7400016784668
48.7328987121582
48.744998931884766
48.755001068115234
48.744998931884766
48.7599983215332
48.709999084472656
48.70130157470703
48.70500183105469
48.69179916381836
48.69499969482422
48.685001373291016
48.619998931884766
48.630001068115234
48.64500045776367
48.6349983215332
48.584999084472656
48.542999267578125
48.54499816894531
48.525001525878906
48.51499938964844
48.51499938964844
48.53969955444336
48.514400482177734
48.53499984741211
48.54499816894531
48.52989959716797
48.560001373291016
48.54999923706055
48.540000915527344
48.56999969482422
48.55500030517578
48.54499816894531
48.54999923706055
48.59000015258789
48.59000015258789
48.595001220703125
48.630001068115234
48.595001220703125
48.60499954223633
48.57500076293945
48.57500076293945
48.57500076293945
48.56999969482422
48.55500030517578
48.56999969482422
48.56999969482422
48.630001068115234
48.61000061035156
48.577301025390625
48.6150016784668
48.64500045776367
48.685001373291016
48.71500015258789
48.665000915527344
48.650001525878906
48.64500045776367
48.67499923706055
48.66389846801758
48.665000915527344
48.67499923706055
48.665000915527344
48.685001373291016
48.654998779296875
48.6349983215332
48.68000030517578
48.77000045776367
48.74480056762695
48.756500244140625
48.76969909667969
48.7599983215332
48.755001068115234
48.744998931884766
48.72999954223633
48.71500015258789
48.70000076293945
48.69499969482422
48.69499969482422
48.70000076293945
48.665000915527344
48.63999938964844
48.64500045776367
48.649898529052734
48.64690017700195
48.619998931884766
48.58660125732422
48.60499954223633
48.6150016784668
48.64500045776367
48.64500045776367
48.625
48.619998931884766
48.61000061035156
48.61000061035156
48.599998474121094
48.619998931884766
48.650001525878906
48.67499923706055
48.689998626708984
48.67499923706055
48.654998779296875
48.654998779296875
48.70000076293945
48.720001220703125
48.65999984741211
48.676300048828125
48.685001373291016
48.753700256347656
48.76499938964844
48.7599983215332
48.785400390625
48.78499984741211
48.779998779296875
48.72999954223633
48.71500015258789
48.755001068115234
48.779998779296875
48.769100189208984
48.775001525878906
48.80500030517578
48.81999969482422
48.84000015258789
48.834999084472656
48.85499954223633
48.85499954223633
48.85499954223633
48.834999084472656
48.834999084472656
48.82500076293945
48.845001220703125
48.810001373291016
48.814998626708984
48.80500030517578
48.81999969482422
48.869998931884766
48.849998474121094
48.79999923706055
48.776100158691406
48.7859001159668
48.78499984741211
48.79499816894531
48.82500076293945
48.834999084472656
48.80440139770508
48.80799865722656
48.85749816894531
48.837799072265625
48.834999084472656
48.849998474121094
48.84000015258789
48.8650016784668
48.849998474121094
48.82500076293945
48.834999084472656
48.834999084472656
48.834999084472656
48.82500076293945
48.79499816894531
48.78499984741211
48.7963981628418
48.80500030517578
48.7843017578125
48.79499816894531
48.79499816894531
48.78499984741211
48.814998626708984
48.814998626708984
48.79359817504883
48.790000915527344
48.809898376464844
48.81999969482422
48.79499816894531
48.810001373291016
48.82500076293945
48.80500030517578
48.80099868774414
48.79499816894531
48.79499816894531
48.80649948120117
48.79499816894531
48.810001373291016
48.78499984741211
48.77000045776367
48.78499984741211
48.79499816894531
48.79499816894531
48.78499984741211
48.785301208496094
48.7599983215332
48.76279830932617
48.770999908447266
48.76499938964844
48.7598991394043
48.73500061035156
48.744998931884766
48.73500061035156
48.69850158691406
48.665000915527344
48.682098388671875
48.65999984741211
48.654998779296875
48.65999984741211
48.63999938964844
48.67499923706055
48.67499923706055
48.65999984741211
48.64500045776367
48.65999984741211
48.650001525878906
48.63999938964844
48.619998931884766
48.625
48.60499954223633
48.59000015258789
48.58000183105469
48.58000183105469
48.60580062866211
48.630001068115234
48.6150016784668
48.6245002746582
48.6349983215332
48.6150016784668
48.60499954223633
48.60499954223633
48.61000061035156
48.61000061035156
48.630001068115234
48.650001525878906
48.6349983215332
48.685001373291016
48.665000915527344
48.67499923706055
48.69499969482422
48.689998626708984
48.654998779296875
48.654998779296875
48.66699981689453
48.6150016784668
48.650001525878906
48.64500045776367
48.65999984741211
48.625
48.665000915527344
48.66999816894531
48.63999938964844
48.63750076293945
48.61989974975586
48.63349914550781
48.64500045776367
48.69499969482422
48.69499969482422
48.70000076293945
48.71500015258789
48.755001068115234
48.76499938964844
48.71500015258789
48.724998474121094
48.724998474121094
48.724998474121094
48.75
48.73500061035156
48.755001068115234
48.775001525878906
48.810001373291016
48.790000915527344
48.775001525878906
48.775001525878906
48.755001068115234
48.73500061035156
48.72999954223633
48.69499969482422
48.67499923706055
48.69499969482422
48.654998779296875
48.64500045776367
48.665000915527344
48.665000915527344
48.654998779296875
48.650001525878906
48.650001525878906
48.540000915527344
48.54499816894531
48.60499954223633
48.61000061035156
48.595001220703125
48.584999084472656
48.55500030517578
48.57500076293945
48.5099983215332
48.5
48.46500015258789
48.45500183105469
48.48509979248047
48.505001068115234
48.53499984741211
48.432498931884766
48.415000915527344
48.415000915527344
48.404998779296875
48.38999938964844
48.38999938964844
48.375
48.279998779296875
48.39500045776367
48.42499923706055
48.400001525878906
48.380001068115234
48.36000061035156
48.380001068115234
48.2599983215332
48.279998779296875
48.279998779296875
