171.49380493164062
171.4600067138672
171.22999572753906
171.11000061035156
171.2899932861328
171.4499969482422
171.5399932861328
171.64999389648438
171.80499267578125
171.88999938964844
171.94000244140625
171.6199951171875
171.19500732421875
171.25
171.4499969482422
171.52000427246094
171.6374969482422
171.57000732421875
171.41000366210938
171.44439697265625
171.59500122070312
171.60000610351562
171.6999969482422
171.64999389648438
171.5800018310547
171.72999572753906
171.69500732421875
171.82000732421875
171.86000061035156
171.8249969482422
171.82000732421875
171.86000061035156
172.0
171.9949951171875
172.07000732421875
172.13999938964844
172.1699981689453
172.25999450683594
172.3300018310547
172.2899932861328
172.22999572753906
172.19500732421875
172.22999572753906
172.1199951171875
172.0695037841797
172.0399932861328
172.11000061035156
171.9698944091797
171.99000549316406
171.9600067138672
171.89999389648438
171.92999267578125
171.9600067138672
171.99000549316406
171.99000549316406
172.11000061035156
172.0399932861328
172.03329467773438
172.05999755859375
172.1699981689453
172.0
172.0500030517578
171.94000244140625
171.91000366210938
171.94000244140625
171.89999389648438
171.82000732421875
171.75999450683594
171.77000427246094
171.77999877929688
171.72000122070312
171.6999969482422
171.75999450683594
171.77499389648438
171.64999389648438
171.77000427246094
171.85000610351562
171.97000122070312
171.9199981689453
171.9199981689453
171.8800048828125
171.8300018310547
171.86000061035156
171.89999389648438
171.97999572753906
172.0
172.08799743652344
172.2899932861328
172.375
172.39999389648438
172.41000366210938
172.42999267578125
172.35000610351562
172.38999938964844
172.30999755859375
172.2949981689453
172.22999572753906
172.22999572753906
172.3699951171875
172.33999633789062
172.30999755859375
172.35000610351562
172.25999450683594
172.25
172.3699951171875
172.35000610351562
172.35000610351562
172.36000061035156
172.45989990234375
172.47000122070312
172.4250030517578
172.52000427246094
172.57000732421875
172.52999877929688
172.5500030517578
172.58999633789062
172.58990478515625
172.50999450683594
172.47999572753906
172.39500427246094
172.39999389648438
172.3699951171875
172.2303924560547
172.3000030517578
172.30499267578125
172.32000732421875
172.3000030517578
172.29949951171875
172.25999450683594
172.26829528808594
172.24000549316406
172.2899932861328
172.2550048828125
172.32000732421875
172.3699951171875
172.39999389648438
172.33999633789062
172.32000732421875
172.36000061035156
172.39500427246094
172.4499969482422
172.46499633789062
172.4199981689453
172.4600067138672
172.47000122070312
172.47999572753906
172.47999572753906
172.4499969482422
172.50999450683594
172.5666961669922
172.57000732421875
172.57000732421875
172.6300048828125
172.75999450683594
172.7899932861328
172.7100067138672
172.65499877929688
172.72000122070312
172.74000549316406
172.77000427246094
172.77000427246094
172.72999572753906
172.69000244140625
172.6649932861328
172.67999267578125
172.6999969482422
172.60499572753906
172.5749969482422
172.55999755859375
172.49000549316406
172.50999450683594
172.49000549316406
172.49000549316406
172.47000122070312
172.4600067138672
172.47000122070312
172.51499938964844
172.50999450683594
172.5
172.52999877929688
172.52000427246094
172.50999450683594
172.56500244140625
172.5500030517578
172.5749969482422
172.5449981689453
172.5449981689453
172.5399932861328
172.63499450683594
172.66000366210938
172.69000244140625
172.6999969482422
172.63999938964844
172.63999938964844
172.625
172.7100067138672
172.63999938964844
172.5399932861328
172.5800018310547
172.5800018310547
172.5500030517578
172.59210205078125
172.63999938964844
172.67999267578125
172.6999969482422
172.72999572753906
172.72999572753906
172.74000549316406
172.82000732421875
172.85000610351562
172.88999938964844
172.9250030517578
172.94500732421875
173.1300048828125
173.1750030517578
173.10000610351562
172.99200439453125
172.97999572753906
172.97000122070312
172.86000061035156
172.8397979736328
172.77999877929688
172.75999450683594
172.8105926513672
172.8699951171875
172.74000549316406
172.74000549316406
172.8000030517578
172.7899932861328
172.77000427246094
172.76699829101562
172.78500366210938
172.77000427246094
172.7100067138672
172.72999572753906
172.75
172.74000549316406
172.75999450683594
172.82000732421875
172.83509826660156
172.79319763183594
172.8300018310547
172.8800048828125
172.9499969482422
172.9499969482422
173.02999877929688
173.07000732421875
173.07000732421875
173.16000366210938
173.16000366210938
173.1999969482422
173.26499938964844
173.27999877929688
173.32000732421875
173.30999755859375
173.27000427246094
173.27330017089844
173.27999877929688
173.27000427246094
173.27000427246094
173.24000549316406
173.11000061035156
173.11000061035156
173.14999389648438
173.14999389648438
173.14500427246094
173.1699981689453
173.1999969482422
173.22000122070312
173.19000244140625
173.1699981689453
173.18499755859375
173.16940307617188
173.13999938964844
173.14999389648438
173.1300048828125
173.00999450683594
173.0500030517578
172.97999572753906
172.9499969482422
172.9199981689453
172.97000122070312
173.02999877929688
173.05999755859375
173.00999450683594
173.0399932861328
173.02999877929688
173.05999755859375
173.0625
173.0500030517578
173.00999450683594
172.99000549316406
173.02000427246094
173.00999450683594
173.00999450683594
172.97999572753906
172.91000366210938
172.9499969482422
172.91319274902344
172.86000061035156
172.8394012451172
172.8675994873047
172.88499450683594
172.92999267578125
172.93499755859375
172.97999572753906
173.00999450683594
173.05999755859375
173.06500244140625
173.1300048828125
173.10499572753906
173.05999755859375
173.05499267578125
173.0800018310547
173.16000366210938
173.13800048828125
173.10069274902344
173.14999389648438
173.14999389648438
173.15499877929688
173.11900329589844
173.1699981689453
173.1461944580078
173.1199951171875
173.1750030517578
173.2100067138672
173.21240234375
173.27000427246094
173.31500244140625
173.3000030517578
173.2200927734375
173.1699981689453
173.1649932861328
173.1199951171875
173.1300048828125
173.0800018310547
173.10000610351562
173.1403045654297
173.1300048828125
173.10000610351562
173.13999938964844
173.0500030517578
173.0399932861328
173.0334930419922
173.0500030517578
173.07000732421875
173.00999450683594
173.01100158691406
173.01100158691406
173.0800018310547
173.13999938964844
173.11500549316406
173.16000366210938
173.1699981689453
173.1947021484375
173.19000244140625
173.19000244140625
173.1699981689453
173.1699981689453
173.1199951171875
173.14999389648438
173.10629272460938
173.08999633789062
173.1282958984375
173.11000061035156
173.16000366210938
173.14999389648438
173.13999938964844
173.1761932373047
173.17999267578125
173.20030212402344
173.1999969482422
173.25999450683594
173.25999450683594
173.22000122070312
173.27499389648438
173.28500366210938
173.32000732421875
173.27999877929688
173.33999633789062
173.3249969482422
173.32470703125
173.38999938964844
173.4499969482422
173.42999267578125
173.3800048828125
173.4199981689453
173.36000061035156
173.3292999267578
173.47999572753906
173.47000122070312
173.49000549316406
173.5500030517578
173.5399932861328
173.61000061035156
173.57000732421875
173.58999633789062
173.58270263671875
173.52999877929688
173.5
173.4600067138672
173.4600067138672
173.4499969482422
173.4199981689453
173.4600067138672
173.43499755859375
173.4499969482422
173.42999267578125
173.3800048828125
173.38999938964844
173.35000610351562
173.32000732421875
173.27540588378906
173.25999450683594
173.2899932861328
173.25
173.17999267578125
173.1699981689453
172.9499969482422
173.0
172.97000122070312
172.97000122070312
172.9499969482422
172.84890747070312
172.85000610351562
172.8300018310547
172.82000732421875
172.80999755859375
172.69000244140625
172.74000549316406
172.66110229492188
172.6728973388672
172.72999572753906
172.69500732421875
172.63670349121094
172.5850067138672
172.60000610351562
172.6300048828125
172.66000366210938
172.7100067138672
172.66000366210938
172.60499572753906
172.60350036621094
172.58999633789062
172.57000732421875
172.6199951171875
172.61000061035156
172.58999633789062
172.568603515625
172.5590057373047
172.5500030517578
172.55499267578125
172.50999450683594
172.53500366210938
172.52000427246094
172.50999450683594
172.5
172.47999572753906
172.5399932861328
172.48500061035156
172.4600067138672
172.38999938964844
172.39999389648438
172.41000366210938
172.42999267578125
172.47000122070312
172.4600067138672
172.49000549316406
172.42999267578125
172.44679260253906
172.49000549316406
172.52000427246094
172.63999938964844
172.65499877929688
172.64999389648438
172.55999755859375
172.52000427246094
172.5500030517578
172.5740966796875
172.67999267578125
172.66000366210938
172.6490020751953
172.625
172.7100067138672
172.66000366210938
172.6699981689453
172.6199951171875
172.63890075683594
172.6999969482422
172.69000244140625
172.55499267578125
172.60000610351562
172.67999267578125
172.60499572753906
172.6999969482422
172.66000366210938
172.50999450683594
172.47999572753906
172.51080322265625
172.57000732421875
172.5500030517578
172.63999938964844
172.5659942626953
172.5399932861328
172.52999877929688
172.52000427246094
172.4550018310547
172.4600067138672
172.57000732421875
172.5399932861328
172.5399932861328
172.4600067138672
172.52000427246094
172.52000427246094
172.61390686035156
172.55999755859375
172.5800018310547
172.55999755859375
172.55999755859375
172.75999450683594
172.7899932861328
172.7100067138672
172.6199951171875
172.64999389648438
172.75999450683594
172.69000244140625
172.75999450683594
172.75999450683594
