149.05999755859375
149.24000549316406
148.91000366210938
148.83999633789062
148.86000061035156
149.1999969482422
149.07000732421875
149.23500061035156
149.50999450683594
149.27999877929688
149.52000427246094
149.42999267578125
149.81959533691406
149.85000610351562
149.71499633789062
149.6300048828125
149.42999267578125
149.41000366210938
149.44000244140625
149.3300018310547
149.24000549316406
149.20809936523438
149.27999877929688
149.3800048828125
149.32000732421875
149.27499389648438
149.27000427246094
149.10000610351562
149.2100067138672
149.0449981689453
149.25
149.49000549316406
149.60000610351562
149.5800018310547
149.47000122070312
149.35000610351562
149.3699951171875
149.3511962890625
149.4398956298828
149.57000732421875
149.80999755859375
149.69000244140625
149.7050018310547
149.82000732421875
149.77000427246094
149.86000061035156
150.1199951171875
150.1999969482422
150.3000030517578
150.2550048828125
150.17999267578125
150.37649536132812
150.2899932861328
150.2100067138672
150.2949981689453
150.27920532226562
150.33990478515625
150.41000366210938
150.5500030517578
150.65499877929688
150.89500427246094
150.69000244140625
150.74000549316406
150.67999267578125
150.58999633789062
150.72000122070312
150.64999389648438
150.70770263671875
150.66000366210938
150.69000244140625
150.7100067138672
150.52000427246094
150.52000427246094
150.5449981689453
150.5800018310547
150.50999450683594
150.69619750976562
150.8300018310547
150.75
150.88999938964844
150.88299560546875
150.75
150.6699981689453
150.6300048828125
150.6699981689453
150.7021942138672
150.64999389648438
150.75999450683594
150.77499389648438
150.90939331054688
150.7899932861328
150.85000610351562
150.83999633789062
150.8699951171875
150.8300018310547
150.77000427246094
150.6300048828125
150.52999877929688
150.63999938964844
150.75999450683594
150.6750030517578
150.6781005859375
150.8000030517578
150.86000061035156
150.97000122070312
150.99000549316406
151.00999450683594
151.02999877929688
151.07809448242188
150.94000244140625
150.99000549316406
150.94000244140625
150.99000549316406
151.0
150.92999267578125
151.02999877929688
150.9674072265625
150.9199981689453
150.94000244140625
150.99000549316406
151.00999450683594
151.01820373535156
151.01499938964844
151.0399932861328
150.97000122070312
151.00999450683594
151.0084991455078
151.089599609375
151.05999755859375
151.0399932861328
151.00999450683594
151.02000427246094
151.00999450683594
151.0
150.9949951171875
150.97999572753906
150.98500061035156
150.97999572753906
150.9600067138672
151.02000427246094
151.1300048828125
151.1999969482422
151.18499755859375
151.16000366210938
151.28199768066406
151.3800048828125
151.47999572753906
151.4799041748047
151.4801025390625
151.55499267578125
151.4821014404297
151.49000549316406
151.4600067138672
151.49000549316406
151.58999633789062
151.5399932861328
151.55499267578125
151.5449981689453
151.6020050048828
151.50929260253906
151.48500061035156
151.4949951171875
151.35499572753906
151.3800048828125
151.42999267578125
151.47000122070312
151.39999389648438
151.52000427246094
151.4499969482422
151.4499969482422
151.49000549316406
151.39089965820312
151.3699951171875
151.5
151.4600067138672
151.44000244140625
151.41000366210938
151.32000732421875
151.2100067138672
151.22000122070312
151.3300018310547
151.39999389648438
151.41000366210938
151.36000061035156
151.33999633789062
151.24000549316406
151.30149841308594
151.2899932861328
151.25999450683594
151.2899932861328
151.3000030517578
151.09010314941406
151.02999877929688
151.02999877929688
151.05999755859375
150.9550018310547
151.02920532226562
150.9199981689453
150.88999938964844
150.97279357910156
151.02999877929688
151.11000061035156
151.0850067138672
151.039794921875
151.1199951171875
151.10499572753906
151.1649932861328
151.11000061035156
151.13999938964844
151.10000610351562
151.14999389648438
151.1199951171875
151.0800018310547
151.16000366210938
151.14999389648438
151.12869262695312
151.1699981689453
151.13499450683594
151.14999389648438
151.08999633789062
151.06500244140625
151.0800018310547
150.77000427246094
150.85000610351562
150.89999389648438
150.8800048828125
150.85260009765625
150.8800048828125
150.75
150.72999572753906
150.82000732421875
150.89500427246094
150.86000061035156
150.72999572753906
150.72999572753906
150.7498016357422
150.74000549316406
150.63999938964844
150.69129943847656
150.5998992919922
150.5399932861328
150.52000427246094
150.52340698242188
150.66000366210938
150.65969848632812
150.6719970703125
150.5800018310547
150.5800018310547
150.58999633789062
150.60000610351562
150.57000732421875
150.60000610351562
150.52000427246094
150.52999877929688
150.55250549316406
150.52000427246094
150.4499969482422
150.38999938964844
150.38999938964844
150.38999938964844
150.3300018310547
150.27999877929688
150.25999450683594
150.38999938964844
150.40989685058594
150.33999633789062
150.36000061035156
150.3719940185547
150.3800048828125
150.40499877929688
150.38999938964844
150.3491973876953
150.3300018310547
150.4199981689453
150.41000366210938
150.47999572753906
150.46499633789062
150.44000244140625
150.47500610351562
150.48199462890625
150.42030334472656
150.5399932861328
150.52999877929688
150.55999755859375
150.5800018310547
150.5800018310547
150.58999633789062
150.4949951171875
150.48500061035156
150.47500610351562
150.48500061035156
150.4398956298828
150.4600067138672
150.4499969482422
150.38400268554688
150.30999755859375
150.27999877929688
150.15989685058594
150.16000366210938
150.0399932861328
150.02999877929688
149.99000549316406
149.97999572753906
149.97500610351562
150.01499938964844
150.0500030517578
150.0500030517578
150.0659942626953
150.05999755859375
150.08999633789062
150.05999755859375
150.0449981689453
150.05999755859375
150.07000732421875
150.1300048828125
150.05999755859375
150.05999755859375
150.02999877929688
150.02999877929688
150.0500030517578
150.0399932861328
150.0399932861328
150.0
149.80999755859375
149.86000061035156
149.84500122070312
149.80999755859375
149.85000610351562
149.82000732421875
149.81719970703125
149.72900390625
149.75
149.67999267578125
149.71820068359375
149.7100067138672
149.7664031982422
149.7899932861328
149.7989959716797
149.82640075683594
149.8800048828125
149.8800048828125
149.8800048828125
149.8699951171875
149.86000061035156
149.8300018310547
149.7899932861328
149.8000030517578
149.75
149.69000244140625
149.75999450683594
149.80999755859375
149.8251953125
149.7899932861328
149.74000549316406
149.72329711914062
149.72999572753906
149.7899932861328
149.77000427246094
149.8300018310547
149.7899932861328
149.7100067138672
149.74000549316406
149.66000366210938
149.67999267578125
149.67999267578125
149.66000366210938
149.7100067138672
149.71200561523438
149.74899291992188
149.73500061035156
149.6999969482422
149.69000244140625
149.69000244140625
149.6300048828125
149.6049041748047
149.63999938964844
149.67999267578125
149.64999389648438
149.60000610351562
149.6199951171875
149.57899475097656
149.57000732421875
149.61000061035156
149.60499572753906
149.57000732421875
149.6199951171875
149.63999938964844
149.60000610351562
149.65499877929688
149.63999938964844
149.5800018310547
149.5500030517578
149.59869384765625
149.55999755859375
149.5850067138672
149.5850067138672
149.55999755859375
149.52999877929688
149.47000122070312
149.47950744628906
149.47999572753906
149.44000244140625
149.45989990234375
149.4499969482422
149.42999267578125
149.40989685058594
149.40499877929688
149.39999389648438
149.38999938964844
149.29010009765625
149.2595977783203
149.25
149.16000366210938
149.05999755859375
149.02000427246094
148.9550018310547
148.94000244140625
148.9199981689453
149.02999877929688
149.07000732421875
149.05999755859375
148.99000549316406
148.85000610351562
148.77999877929688
148.77999877929688
148.7899932861328
148.82000732421875
148.8000030517578
148.69000244140625
148.7100067138672
148.72000122070312
148.72000122070312
148.77000427246094
148.75
148.77000427246094
148.75999450683594
148.75
148.72999572753906
148.75
148.7698974609375
148.7899932861328
148.80999755859375
148.83999633789062
148.85000610351562
148.8300018310547
148.85000610351562
148.7899932861328
148.78990173339844
148.8101043701172
148.82000732421875
148.77999877929688
148.80999755859375
148.88999938964844
148.77999877929688
148.82000732421875
148.6999969482422
148.77000427246094
148.74000549316406
148.7899932861328
148.7550048828125
148.6898956298828
148.72999572753906
148.7100067138672
148.74000549316406
148.7949981689453
148.8300018310547
148.8699951171875
148.8699951171875
148.82989501953125
148.8800048828125
148.9499969482422
148.9600067138672
149.0
149.0399932861328
149.00999450683594
148.97999572753906
148.97999572753906
148.97000122070312
148.97999572753906
149.1199951171875
149.0897979736328
149.0968017578125
149.12440490722656
149.2100067138672
149.19000244140625
149.14999389648438
149.0399932861328
148.9949951171875
148.9949951171875
148.88999938964844
148.92999267578125
148.99000549316406
148.98069763183594
148.92999267578125
148.8699951171875
148.8800048828125
148.77000427246094
148.75
148.8300018310547
148.85000610351562
148.88999938964844
148.9499969482422
148.89999389648438
148.88999938964844
148.69000244140625
148.77499389648438
148.67999267578125
148.60000610351562
148.66000366210938
148.6300048828125
148.6300048828125
148.44500732421875
148.33999633789062
148.33999633789062
148.52000427246094
148.4550018310547
148.4499969482422
148.4199981689453
148.4199981689453
148.67999267578125
148.75
148.64999389648438
148.5399932861328
148.6199951171875
148.72999572753906
148.5500030517578
148.72000122070312
148.72000122070312
