60.9375
60.90999984741211
60.83000183105469
60.79499816894531
60.77000045776367
60.755001068115234
60.77000045776367
60.755001068115234
60.84980010986328
60.810001373291016
60.79800033569336
60.71540069580078
60.59000015258789
60.68000030517578
60.654998779296875
60.7510986328125
60.779998779296875
60.77000045776367
60.720001220703125
60.750099182128906
60.790000915527344
60.790000915527344
60.83000183105469
60.810001373291016
60.790000915527344
60.790000915527344
60.775001525878906
60.80500030517578
60.82500076293945
60.834999084472656
60.83000183105469
60.89500045776367
60.91999816894531
60.95000076293945
60.93170166015625
60.97999954223633
60.9900016784668
60.98500061035156
61.025001525878906
61.040000915527344
61.0
61.025001525878906
61.029998779296875
61.0
61.0099983215332
60.994998931884766
61.040000915527344
61.03160095214844
61.01499938964844
60.95500183105469
60.939998626708984
60.972599029541016
61.0
61.0
60.97999954223633
61.05500030517578
61.04999923706055
61.06999969482422
61.099998474121094
61.130001068115234
61.10499954223633
61.10499954223633
61.099998474121094
61.11000061035156
61.084999084472656
61.064998626708984
61.119998931884766
61.1150016784668
61.130001068115234
61.15999984741211
61.150001525878906
61.174800872802734
61.15999984741211
61.14500045776367
61.099998474121094
61.13999938964844
61.099998474121094
61.150001525878906
61.125
61.13999938964844
61.1150016784668
61.154300689697266
61.154998779296875
61.13999938964844
61.20500183105469
61.22999954223633
61.2400016784668
61.255001068115234
61.255001068115234
61.255001068115234
61.2400016784668
61.22999954223633
61.19499969482422
61.209999084472656
61.20000076293945
61.21500015258789
61.220001220703125
61.21500015258789
61.255001068115234
61.26499938964844
61.29499816894531
61.35649871826172
61.35499954223633
61.369998931884766
61.40589904785156
61.435001373291016
61.46500015258789
61.474998474121094
61.4900016784668
61.5
61.4900016784668
61.525001525878906
61.470001220703125
61.43949890136719
61.404998779296875
61.39500045776367
61.404998779296875
61.41680145263672
61.39419937133789
61.380001068115234
61.400001525878906
61.375
61.349998474121094
61.345001220703125
61.35369873046875
61.41339874267578
61.419898986816406
61.43000030517578
61.37799835205078
61.380001068115234
61.39500045776367
61.3849983215332
61.3849983215332
61.400001525878906
61.415000915527344
61.415000915527344
61.369998931884766
61.375
61.400001525878906
61.40999984741211
61.45500183105469
61.46500015258789
61.482200622558594
61.529998779296875
61.53150177001953
61.55500030517578
61.560001373291016
61.57500076293945
61.584999084472656
61.564998626708984
61.47999954223633
61.47999954223633
61.45000076293945
61.439998626708984
61.47999954223633
61.474998474121094
61.45500183105469
61.45500183105469
61.494998931884766
61.525001525878906
61.540000915527344
61.54499816894531
61.54499816894531
61.557899475097656
61.564998626708984
61.56930160522461
61.56990051269531
61.595001220703125
61.57500076293945
61.564998626708984
61.59989929199219
61.599998474121094
61.61539840698242
61.625
61.63990020751953
61.6349983215332
61.6234016418457
61.584999084472656
61.599998474121094
61.595001220703125
61.60499954223633
61.625
61.625
61.63610076904297
61.63999938964844
61.685001373291016
61.69499969482422
61.70500183105469
61.71500015258789
61.70500183105469
61.724998474121094
61.724998474121094
61.73500061035156
61.744998931884766
61.76499938964844
61.71500015258789
61.68000030517578
61.665000915527344
61.654998779296875
61.654998779296875
61.61000061035156
61.665000915527344
61.66999816894531
61.67499923706055
61.685001373291016
61.689998626708984
61.68000030517578
61.685001373291016
61.67499923706055
61.62990188598633
61.63370132446289
61.63750076293945
61.63999938964844
61.61709976196289
61.64500045776367
61.6150016784668
61.595001220703125
61.584999084472656
61.58000183105469
61.5885009765625
61.57500076293945
61.599998474121094
61.595001220703125
61.61000061035156
61.60499954223633
61.56999969482422
61.595001220703125
61.59429931640625
61.57500076293945
61.57500076293945
61.584999084472656
61.599998474121094
61.63869857788086
61.599998474121094
61.595001220703125
61.595001220703125
61.599998474121094
61.57099914550781
61.57099914550781
61.54999923706055
61.53499984741211
61.540000915527344
61.5099983215332
61.560001373291016
61.595001220703125
61.6150016784668
61.60499954223633
61.6150016784668
61.6150016784668
61.625
61.650001525878906
61.65700149536133
61.63520050048828
61.64500045776367
61.625
61.60499954223633
61.60499954223633
61.60499954223633
61.60499954223633
61.60499954223633
61.61000061035156
61.56999969482422
61.55500030517578
61.599998474121094
61.599998474121094
61.60499954223633
61.65999984741211
61.66999816894531
61.68000030517578
61.685001373291016
61.70000076293945
61.69499969482422
61.68159866333008
61.69499969482422
61.71500015258789
61.71609878540039
61.69499969482422
61.689998626708984
61.69020080566406
61.685001373291016
61.68000030517578
61.65999984741211
61.67499923706055
61.66999816894531
61.63999938964844
61.6349983215332
61.625
61.60499954223633
61.61000061035156
61.650001525878906
61.6260986328125
61.61009979248047
61.6150016784668
61.619998931884766
61.63999938964844
61.6349983215332
61.605098724365234
61.599998474121094
61.584999084472656
61.584999084472656
61.57749938964844
61.57500076293945
61.59000015258789
61.61289978027344
61.630001068115234
61.6150016784668
61.63999938964844
61.654998779296875
61.63999938964844
61.665000915527344
61.625
61.6349983215332
61.64500045776367
61.619998931884766
61.65010070800781
61.650001525878906
61.6349983215332
61.625
61.630001068115234
61.64500045776367
61.64500045776367
61.654998779296875
61.654998779296875
61.600101470947266
61.60499954223633
61.595001220703125
61.599998474121094
61.619998931884766
61.6349983215332
61.619998931884766
61.595001220703125
61.57500076293945
61.59939956665039
61.61000061035156
61.619998931884766
61.61370086669922
61.6349983215332
61.6349983215332
61.63999938964844
61.64500045776367
61.654998779296875
61.622398376464844
61.61149978637695
61.602901458740234
61.599998474121094
61.595001220703125
61.58000183105469
61.58000183105469
61.57339859008789
61.595001220703125
61.619998931884766
61.630001068115234
61.6150016784668
61.64500045776367
61.654998779296875
61.66999816894531
61.689998626708984
61.654998779296875
61.654998779296875
61.64500045776367
61.6349983215332
61.64339828491211
61.6150016784668
61.61000061035156
61.61000061035156
61.61989974975586
61.625
61.619998931884766
61.650001525878906
61.650001525878906
61.665000915527344
61.665000915527344
61.67499923706055
61.654998779296875
61.641998291015625
61.6349983215332
61.64500045776367
61.6349983215332
61.625
61.630001068115234
61.60499954223633
61.6150016784668
61.6150016784668
61.6349983215332
61.625
61.62990188598633
61.6349983215332
61.590999603271484
61.625
61.6150016784668
61.60499954223633
61.609100341796875
61.62369918823242
61.625
61.630001068115234
61.6349983215332
61.6349983215332
61.63999938964844
61.63629913330078
61.636600494384766
61.6349983215332
61.6349983215332
61.63959884643555
61.6239013671875
61.635799407958984
61.625
61.63999938964844
61.6349983215332
61.6150016784668
61.584999084472656
61.57500076293945
61.5536994934082
61.525001525878906
61.525001525878906
61.53499984741211
61.5099983215332
61.5
61.494998931884766
61.43000030517578
61.46500015258789
61.474998474121094
61.46500015258789
61.46500015258789
61.44599914550781
61.439998626708984
61.41960144042969
61.42340087890625
61.415000915527344
61.38999938964844
61.404998779296875
61.39500045776367
61.404998779296875
61.42499923706055
61.41999816894531
61.42499923706055
61.439998626708984
61.42499923706055
61.41999816894531
61.435001373291016
61.45500183105469
61.42499923706055
61.43000030517578
61.415000915527344
61.43000030517578
61.43429946899414
61.45500183105469
61.44559860229492
61.45000076293945
61.439998626708984
61.44499969482422
61.43000030517578
61.42499923706055
61.43000030517578
61.410099029541016
61.42499923706055
61.400001525878906
61.39500045776367
61.375
61.39500045776367
61.380001068115234
61.369998931884766
61.3650016784668
61.36989974975586
61.375099182128906
61.39619827270508
61.44499969482422
61.44499969482422
61.459999084472656
61.459999084472656
61.474998474121094
61.5
61.480098724365234
61.52000045776367
61.517398834228516
61.505001068115234
61.474998474121094
61.459999084472656
61.45000076293945
61.459999084472656
61.48500061035156
61.470001220703125
61.45790100097656
61.44499969482422
61.474998474121094
61.459999084472656
61.45100021362305
61.45000076293945
61.44660186767578
61.46500015258789
61.44499969482422
61.470001220703125
61.48550033569336
61.54999923706055
61.54499816894531
61.55500030517578
61.56999969482422
61.56999969482422
61.63990020751953
61.61980056762695
61.61000061035156
61.61000061035156
61.609901428222656
61.60499954223633
61.625
61.595001220703125
61.57500076293945
61.59000015258789
61.59000015258789
61.599998474121094
61.595001220703125
61.57500076293945
61.51499938964844
61.505001068115234
61.505001068115234
61.55500030517578
61.55500030517578
61.564998626708984
61.54499816894531
61.53499984741211
61.654998779296875
61.665000915527344
61.64500045776367
61.60499954223633
61.57419967651367
61.599998474121094
61.584999084472656
61.61000061035156
61.61000061035156
