261.9200134277344
262.4700012207031
262.260009765625
262.17999267578125
262.2049865722656
262.2049865722656
262.1400146484375
261.7821044921875
261.9150085449219
261.8299865722656
261.80999755859375
261.739990234375
261.314697265625
261.314697265625
261.314697265625
261.6050109863281
261.7803039550781
262.010009765625
262.0050048828125
262.0050048828125
261.9549865722656
262.1600036621094
262.260009765625
262.2300109863281
261.9856872558594
262.05999755859375
261.82000732421875
261.614990234375
261.5400085449219
261.5400085449219
261.6600036621094
261.7225036621094
261.4150085449219
261.1700134277344
261.4150085449219
261.3500061035156
261.4599914550781
261.3500061035156
261.3500061035156
261.1199951171875
261.25
261.20001220703125
261.4599914550781
261.6499938964844
261.47479248046875
261.32000732421875
261.32000732421875
261.375
261.2200012207031
261.1199951171875
260.8999938964844
260.79998779296875
260.9800109863281
260.8900146484375
260.8999938964844
260.885009765625
261.0799865722656
261.010009765625
260.9700012207031
261.1700134277344
261.114990234375
261.0
260.9700012207031
260.91900634765625
260.91900634765625
261.07000732421875
260.8511962890625
260.9649963378906
261.2300109863281
261.2300109863281
261.25
261.2099914550781
261.0448913574219
261.1300048828125
261.05999755859375
261.04998779296875
261.1199951171875
261.343994140625
261.3929138183594
261.3800048828125
261.5899963378906
261.5299987792969
261.6050109863281
261.60211181640625
261.79998779296875
261.6600036621094
261.75
261.7008056640625
261.7699890136719
261.7699890136719
261.7650146484375
261.79998779296875
261.9700012207031
261.94000244140625
261.94000244140625
261.95001220703125
261.8800048828125
261.8800048828125
261.95001220703125
261.95001220703125
262.04998779296875
262.0400085449219
262.07501220703125
262.1199951171875
262.1199951171875
262.0849914550781
262.0849914550781
262.07000732421875
262.07000732421875
262.07000732421875
261.9800109863281
262.04998779296875
261.99139404296875
262.010009765625
261.79998779296875
261.8487854003906
261.82989501953125
261.7950134277344
261.69000244140625
261.635986328125
261.67999267578125
261.67999267578125
261.67999267578125
261.6600036621094
261.75
261.6700134277344
261.6449890136719
261.70001220703125
261.70001220703125
261.70001220703125
261.489990234375
261.45001220703125
261.5299987792969
261.5299987792969
261.6000061035156
261.6300048828125
261.3399963378906
261.3399963378906
261.3699951171875
261.3699951171875
261.7099914550781
261.7099914550781
261.7699890136719
261.7699890136719
261.6712951660156
261.75
261.82000732421875
261.79998779296875
261.80999755859375
261.8599853515625
261.80999755859375
261.80999755859375
261.8435974121094
261.8435974121094
262.1099853515625
262.1099853515625
261.8450012207031
261.79998779296875
261.80999755859375
261.80999755859375
261.8999938964844
261.9700012207031
261.9800109863281
261.9800109863281
262.0199890136719
261.8800048828125
261.8599853515625
261.8599853515625
261.6499938964844
261.6499938964844
261.6050109863281
261.6695861816406
261.69000244140625
261.69000244140625
261.8800048828125
261.8500061035156
261.8500061035156
261.6000061035156
261.6400146484375
261.6400146484375
261.6199951171875
261.6199951171875
261.6199951171875
261.54998779296875
261.30999755859375
261.30999755859375
261.2699890136719
261.3500061035156
261.2200012207031
261.3599853515625
261.3599853515625
261.2799987792969
261.239990234375
261.2590026855469
261.29998779296875
261.29998779296875
261.2099914550781
261.20001220703125
261.1835021972656
261.1835021972656
261.2200012207031
261.3460998535156
261.32000732421875
261.25
261.1600036621094
261.1650085449219
261.1700134277344
261.07000732421875
261.0299987792969
261.0299987792969
261.0400085449219
261.0400085449219
261.0
261.07000732421875
261.0799865722656
261.0799865722656
261.0799865722656
261.1087951660156
261.07830810546875
260.94000244140625
260.8599853515625
260.8999938964844
260.8399963378906
260.8599853515625
260.989990234375
261.0199890136719
261.0199890136719
261.114990234375
261.0105895996094
260.9913024902344
261.05999755859375
261.1400146484375
261.0799865722656
260.79998779296875
260.7799987792969
260.8009948730469
260.8009948730469
260.8009948730469
260.8900146484375
260.8599853515625
260.8800048828125
260.9200134277344
260.9200134277344
261.0799865722656
261.07000732421875
261.04071044921875
261.0899963378906
261.0899963378906
261.1300048828125
261.1300048828125
261.04998779296875
261.1824951171875
261.3550109863281
261.29998779296875
261.3590087890625
261.26080322265625
261.30999755859375
261.3999938964844
261.43499755859375
261.5150146484375
261.5
261.4100036621094
261.29998779296875
261.45001220703125
261.45001220703125
261.5450134277344
261.57000732421875
261.57000732421875
261.57000732421875
261.6000061035156
261.6000061035156
261.6099853515625
261.5400085449219
261.5400085449219
261.54998779296875
261.54998779296875
261.6400146484375
261.6199951171875
261.6199951171875
261.67999267578125
261.6700134277344
261.79998779296875
261.9200134277344
261.9320068359375
261.9100036621094
261.80999755859375
261.80999755859375
261.80999755859375
261.69000244140625
261.7300109863281
261.7099914550781
261.6449890136719
261.7099914550781
261.5799865722656
261.5799865722656
261.6300048828125
261.6000061035156
261.6000061035156
261.51800537109375
261.51800537109375
261.5450134277344
261.4164123535156
261.2900085449219
261.2699890136719
261.2699890136719
261.2699890136719
261.58599853515625
261.5888977050781
261.4800109863281
261.52850341796875
261.6099853515625
261.3999938964844
261.3700866699219
261.3800048828125
261.3800048828125
261.4750061035156
261.3299865722656
261.3900146484375
261.3599853515625
261.45001220703125
261.4100036621094
261.385009765625
261.3500061035156
260.92498779296875
260.9714050292969
260.9599914550781
260.989990234375
261.06201171875
261.0199890136719
261.05499267578125
260.9700012207031
260.9100036621094
261.0249938964844
260.9549865722656
261.0989074707031
261.0950012207031
261.19000244140625
261.19000244140625
261.135009765625
261.07000732421875
261.05999755859375
261.04998779296875
261.010009765625
261.010009765625
261.07000732421875
261.010009765625
261.1099853515625
261.0899963378906
261.0899963378906
261.2699890136719
261.3900146484375
261.32000732421875
261.3656005859375
261.4200134277344
261.44500732421875
261.44500732421875
261.510009765625
261.510009765625
261.4599914550781
261.4725036621094
261.6072998046875
261.5617980957031
261.6449890136719
261.54998779296875
261.54998779296875
261.6199951171875
261.69500732421875
261.70001220703125
261.760009765625
261.7774963378906
261.7774963378906
261.7774963378906
261.6499938964844
261.5799865722656
261.5799865722656
261.45001220703125
261.510009765625
261.44000244140625
261.4200134277344
261.4100036621094
261.3999938964844
261.3500061035156
261.4100036621094
261.4100036621094
261.4849853515625
261.4750061035156
261.4200134277344
261.42999267578125
261.7250061035156
261.760009765625
261.739990234375
261.739990234375
261.80999755859375
261.79998779296875
261.8450012207031
261.82000732421875
261.80999755859375
261.8699951171875
261.8299865722656
261.93499755859375
261.885009765625
261.9700012207031
261.92999267578125
261.8999938964844
261.93499755859375
261.8500061035156
261.8799133300781
261.79998779296875
261.7149963378906
261.614990234375
261.5799865722656
261.55499267578125
261.4599914550781
261.4100036621094
261.385009765625
261.2950134277344
261.31500244140625
261.32000732421875
261.2300109863281
261.2950134277344
261.3599853515625
261.3450012207031
261.239990234375
261.23199462890625
261.173095703125
261.1099853515625
261.1050109863281
261.04998779296875
261.04998779296875
260.9070129394531
260.8900146484375
260.8999938964844
260.8599853515625
260.8900146484375
260.8984069824219
260.92498779296875
260.8399963378906
260.9150085449219
260.9049987792969
260.9700012207031
260.9700012207031
260.93499755859375
260.94000244140625
260.8999938964844
260.94000244140625
261.0849914550781
261.04998779296875
261.04998779296875
261.05999755859375
261.05999755859375
260.9996032714844
260.93359375
261.07000732421875
260.8999938964844
260.885009765625
260.7650146484375
260.80938720703125
260.7900085449219
260.80999755859375
260.9049987792969
260.7900085449219
260.7799987792969
260.79998779296875
260.8500061035156
260.9200134277344
261.0791931152344
260.9800109863281
261.0150146484375
261.0899963378906
261.0450134277344
261.2699890136719
261.3399963378906
261.4100036621094
261.4010925292969
261.364990234375
261.3349914550781
261.239990234375
261.2200012207031
261.239990234375
261.3699951171875
261.44000244140625
261.29998779296875
261.2650146484375
261.4100036621094
261.3197937011719
261.3399963378906
261.2200012207031
261.25
261.2799987792969
261.17999267578125
261.17498779296875
261.2349853515625
261.375
261.3800048828125
261.3299865722656
261.31500244140625
260.5450134277344
260.57000732421875
260.5899963378906
260.67950439453125
260.57000732421875
260.5849914550781
260.5050048828125
260.5450134277344
260.2699890136719
260.3699951171875
260.3699951171875
260.3599853515625
260.5299987792969
260.4200134277344
260.3699951171875
260.239990234375
260.1099853515625
260.1099853515625
260.25
260.239990234375
260.3399963378906
260.2900085449219
260.2149963378906
260.6499938964844
260.7149963378906
260.510009765625
260.3900146484375
260.32501220703125
260.7099914550781
260.42999267578125
260.5299987792969
260.5299987792969
