165.5399932861328
165.38999938964844
165.125
164.97999572753906
165.13800048828125
165.43899536132812
165.42999267578125
166.0
166.02980041503906
166.11000061035156
166.1199951171875
165.77999877929688
165.66000366210938
165.5850067138672
165.86000061035156
165.92269897460938
165.85279846191406
165.5301055908203
165.27000427246094
165.22500610351562
165.0
164.97999572753906
165.0
164.97999572753906
164.6699981689453
164.77000427246094
164.80499267578125
164.89999389648438
164.92999267578125
164.8300018310547
164.6699981689453
164.99000549316406
164.91000366210938
164.97000122070312
164.63999938964844
164.7899932861328
164.72500610351562
164.78500366210938
164.86740112304688
164.92999267578125
164.8800048828125
164.75999450683594
164.83999633789062
164.83999633789062
164.88999938964844
164.94900512695312
165.14999389648438
165.18499755859375
165.13999938964844
165.0399932861328
165.2100067138672
165.14999389648438
165.1649932861328
165.15499877929688
165.02999877929688
165.0540008544922
165.16000366210938
165.0500030517578
165.1750030517578
165.05999755859375
165.18499755859375
165.0500030517578
165.07000732421875
165.17999267578125
165.0800018310547
164.89999389648438
164.922607421875
164.75999450683594
164.7550048828125
164.7100067138672
164.6510009765625
164.5500030517578
164.5500030517578
164.57000732421875
164.5800018310547
164.5500030517578
164.65879821777344
164.60000610351562
164.75
164.80999755859375
164.72000122070312
164.6385040283203
164.5500030517578
164.5872039794922
164.63999938964844
164.77920532226562
164.80499267578125
164.99000549316406
165.02999877929688
165.02000427246094
165.0800018310547
165.16000366210938
165.0500030517578
165.14500427246094
165.22500610351562
165.17100524902344
165.08059692382812
165.0800018310547
165.2550048828125
165.27999877929688
165.47999572753906
165.4199981689453
165.3699951171875
165.41000366210938
165.52499389648438
165.6649932861328
165.6999969482422
165.8699951171875
165.97000122070312
165.83999633789062
165.7100067138672
165.72000122070312
165.6300048828125
165.6699981689453
165.5050048828125
165.64500427246094
165.65499877929688
165.66000366210938
165.57000732421875
165.55999755859375
165.49000549316406
165.61500549316406
165.63499450683594
165.77999877929688
165.72999572753906
165.82000732421875
165.7899932861328
165.89500427246094
165.83999633789062
165.72999572753906
165.69000244140625
165.7100067138672
165.63499450683594
165.6199951171875
165.68499755859375
165.6300048828125
165.55999755859375
165.38999938964844
165.39430236816406
165.5050048828125
165.52000427246094
165.46499633789062
165.5399932861328
165.5399932861328
165.63999938964844
165.77000427246094
165.6699981689453
165.72000122070312
165.74000549316406
165.7100067138672
165.76499938964844
165.76499938964844
165.63330078125
165.72999572753906
165.8800048828125
165.8350067138672
165.75999450683594
165.75
165.89999389648438
165.8699951171875
165.82000732421875
165.80580139160156
165.75
165.67999267578125
165.7899932861328
165.9199981689453
165.85000610351562
166.0
165.8300018310547
165.89999389648438
166.0050048828125
165.9600067138672
165.9683074951172
166.010498046875
166.0449981689453
166.00999450683594
166.00999450683594
165.98179626464844
165.9600067138672
166.02999877929688
166.00999450683594
166.1199951171875
166.1300048828125
166.1649932861328
166.09500122070312
166.0800018310547
166.08999633789062
166.0399932861328
166.27630615234375
166.24000549316406
166.36000061035156
166.27000427246094
166.24000549316406
166.2100067138672
166.25999450683594
166.39500427246094
166.41000366210938
166.23500061035156
166.2100067138672
166.1199951171875
166.02999877929688
166.0500030517578
165.977294921875
166.0399932861328
166.0303955078125
166.03500366210938
166.00999450683594
166.125
166.07000732421875
166.1248016357422
166.08999633789062
166.05999755859375
165.9600067138672
166.0800018310547
166.125
166.09109497070312
166.13499450683594
166.02999877929688
165.95550537109375
165.97999572753906
165.97000122070312
165.85000610351562
165.77000427246094
165.75999450683594
165.81179809570312
165.78500366210938
165.7967071533203
165.83999633789062
165.72000122070312
165.8300018310547
165.7801055908203
165.8979949951172
165.88999938964844
165.5500030517578
165.6300048828125
165.59500122070312
165.59500122070312
165.59500122070312
165.72000122070312
165.72000122070312
165.68930053710938
165.64999389648438
165.67999267578125
165.71400451660156
165.69000244140625
165.69000244140625
165.6649932861328
165.6199951171875
165.6199951171875
165.69500732421875
165.69500732421875
165.69500732421875
165.66310119628906
165.61000061035156
165.67999267578125
165.67999267578125
165.67999267578125
165.67999267578125
165.55999755859375
165.64999389648438
165.64340209960938
165.5399932861328
165.63999938964844
165.66000366210938
165.74000549316406
165.80999755859375
165.86500549316406
165.88999938964844
165.9149932861328
165.89849853515625
165.9550018310547
165.9499969482422
165.9499969482422
165.92999267578125
165.94000244140625
165.98500061035156
166.02000427246094
166.0
166.05599975585938
166.00999450683594
165.9542999267578
166.08999633789062
166.08999633789062
166.1999969482422
166.2100067138672
166.05999755859375
166.09500122070312
166.0449981689453
165.97500610351562
165.97500610351562
166.0050048828125
166.02499389648438
166.1300048828125
166.16000366210938
166.16000366210938
166.16000366210938
166.16000366210938
166.14999389648438
166.1300048828125
166.02000427246094
165.9600067138672
165.9199981689453
165.83999633789062
165.87440490722656
165.97000122070312
165.94000244140625
165.97000122070312
166.0
165.92999267578125
165.92999267578125
165.9499969482422
165.89999389648438
165.9199981689453
165.9499969482422
165.97000122070312
165.97000122070312
165.97000122070312
165.8000030517578
165.82000732421875
165.89999389648438
165.83949279785156
165.85499572753906
165.83999633789062
165.69000244140625
165.6909942626953
165.6999969482422
165.6999969482422
165.73500061035156
165.75
165.75379943847656
165.75
165.6699981689453
165.58999633789062
165.58999633789062
165.5500030517578
165.52999877929688
165.52999877929688
165.5399932861328
165.5749969482422
165.52000427246094
165.5500030517578
165.52000427246094
165.52999877929688
165.5
165.52589416503906
165.53500366210938
165.5
165.5
165.47000122070312
165.51499938964844
165.66000366210938
165.61000061035156
165.6699981689453
165.64999389648438
165.6199951171875
165.68499755859375
165.75
165.72999572753906
165.72999572753906
165.69000244140625
165.75999450683594
165.77999877929688
165.6699981689453
165.6699981689453
165.6999969482422
165.61050415039062
165.69000244140625
165.69000244140625
165.6999969482422
165.63999938964844
165.63499450683594
165.5800018310547
165.61000061035156
165.59500122070312
165.52000427246094
165.5
165.5222930908203
165.5
165.52999877929688
165.52999877929688
165.50999450683594
165.52499389648438
165.5500030517578
165.5800018310547
165.55499267578125
165.57000732421875
165.58999633789062
165.50999450683594
165.47000122070312
165.6699981689453
165.63999938964844
165.63499450683594
165.63040161132812
165.5
165.6132049560547
165.59500122070312
165.58999633789062
165.5800018310547
165.5800018310547
165.5500030517578
165.5500030517578
165.5
165.5
165.5
165.5
165.4600067138672
165.4550018310547
165.4550018310547
165.47999572753906
165.4499969482422
165.44500732421875
165.468505859375
165.39999389648438
165.27999877929688
165.1826934814453
165.10000610351562
165.10000610351562
165.03500366210938
165.0399932861328
165.07000732421875
165.07000732421875
165.0800018310547
164.94129943847656
164.89500427246094
164.82000732421875
164.75
164.7449951171875
164.77000427246094
164.61000061035156
164.625
164.57000732421875
164.57000732421875
164.5850067138672
164.61000061035156
164.58999633789062
164.625
164.5800018310547
164.52000427246094
164.52999877929688
164.57949829101562
164.55499267578125
164.5850067138672
164.5850067138672
164.6699981689453
164.7550048828125
164.8699951171875
164.7899932861328
164.83999633789062
164.78500366210938
164.85000610351562
164.74000549316406
164.78500366210938
164.85499572753906
164.74000549316406
164.75
164.5399932861328
164.56500244140625
164.5449981689453
164.56500244140625
164.5399932861328
164.50070190429688
164.44000244140625
164.44000244140625
164.48500061035156
164.5800018310547
164.69000244140625
164.77000427246094
164.77000427246094
164.6649932861328
164.7100067138672
164.75999450683594
164.76499938964844
164.77999877929688
164.97000122070312
164.91000366210938
164.91000366210938
164.8300018310547
164.86830139160156
164.875
164.9600067138672
164.94000244140625
164.8719940185547
164.8800048828125
164.9199981689453
164.8800048828125
164.83169555664062
164.8000030517578
164.7899932861328
164.82009887695312
164.75
164.66119384765625
164.75010681152344
164.8800048828125
164.8800048828125
164.77999877929688
164.77000427246094
164.5
164.5
164.5749969482422
164.63999938964844
164.55650329589844
164.5800018310547
164.5
164.5
164.34500122070312
164.3699951171875
164.3000030517578
164.27999877929688
164.38999938964844
164.30499267578125
164.35000610351562
164.16000366210938
164.14999389648438
164.14999389648438
164.3350067138672
164.24000549316406
164.27999877929688
164.24000549316406
164.25
164.41000366210938
164.42999267578125
164.3000030517578
164.2449951171875
164.2050018310547
164.3800048828125
164.24000549316406
164.5
164.5
