79.7699966430664
79.9000015258789
80.08000183105469
80.18000030517578
80.3499984741211
80.5250015258789
80.43000030517578
80.50499725341797
80.55000305175781
80.75
80.75
80.62239837646484
80.54000091552734
80.63999938964844
80.52999877929688
80.30999755859375
80.4800033569336
80.45500183105469
80.41000366210938
80.51499938964844
80.55000305175781
80.5
80.86000061035156
80.76470184326172
80.88999938964844
81.12999725341797
81.2699966430664
80.93000030517578
80.94000244140625
80.80999755859375
80.9000015258789
81.010498046875
81.27999877929688
81.30000305175781
81.33000183105469
81.58000183105469
81.5199966430664
81.33999633789062
81.4749984741211
81.5199966430664
81.43000030517578
81.36000061035156
81.1500015258789
81.1500015258789
80.95999908447266
80.81999969482422
80.69499969482422
80.55000305175781
80.62000274658203
80.58000183105469
80.55000305175781
80.5
80.48999786376953
80.48999786376953
80.44000244140625
80.41000366210938
80.27999877929688
80.18499755859375
80.11000061035156
80.2300033569336
80.30000305175781
80.43000030517578
80.51000213623047
80.19999694824219
80.19499969482422
80.15499877929688
80.08999633789062
80.01000213623047
80.0199966430664
80.0
79.9800033569336
79.9906997680664
80.05000305175781
80.06999969482422
80.06999969482422
80.18499755859375
80.23999786376953
80.33000183105469
80.2300033569336
80.22000122070312
80.2300033569336
80.18000030517578
80.08000183105469
80.06999969482422
80.04000091552734
80.04000091552734
80.14330291748047
80.31999969482422
80.28500366210938
80.29000091552734
80.26000213623047
80.16999816894531
80.16999816894531
80.20999908447266
80.0999984741211
80.11720275878906
80.01000213623047
80.01000213623047
80.15499877929688
80.2300033569336
80.30000305175781
80.22000122070312
80.21499633789062
80.20449829101562
80.22000122070312
80.22000122070312
80.13999938964844
80.16500091552734
80.12000274658203
80.0999984741211
80.05999755859375
80.05999755859375
80.13500213623047
80.08000183105469
80.08000183105469
80.08999633789062
80.08000183105469
80.05999755859375
80.02999877929688
79.97000122070312
80.0
80.02989959716797
79.98999786376953
80.06999969482422
80.0999984741211
80.10890197753906
80.06999969482422
80.04000091552734
80.056396484375
80.05000305175781
79.98500061035156
80.02999877929688
79.97000122070312
80.0250015258789
80.07499694824219
80.05000305175781
79.9800033569336
79.98999786376953
79.93000030517578
79.92500305175781
79.9800033569336
79.95490264892578
79.91999816894531
79.8499984741211
79.81999969482422
79.7699966430664
79.80000305175781
79.83999633789062
79.81999969482422
79.7750015258789
79.70999908447266
79.69999694824219
79.66500091552734
79.63500213623047
79.625
79.56999969482422
79.55740356445312
79.57499694824219
79.53500366210938
79.5250015258789
79.51210021972656
79.48989868164062
79.49120330810547
79.5
79.5
79.58999633789062
79.58000183105469
79.64830017089844
79.58499908447266
79.54499816894531
79.64009857177734
79.69999694824219
79.65989685058594
79.66000366210938
79.6500015258789
79.625
79.55000305175781
79.55999755859375
79.54000091552734
79.5199966430664
79.38999938964844
79.418701171875
79.56500244140625
79.48500061035156
79.45999908447266
79.55000305175781
79.51000213623047
79.48999786376953
79.48999786376953
79.41000366210938
79.45999908447266
79.4800033569336
79.4000015258789
79.47000122070312
79.44999694824219
79.41999816894531
79.43499755859375
79.38999938964844
79.3582992553711
79.30490112304688
79.29499816894531
79.25499725341797
79.29000091552734
79.38999938964844
79.37000274658203
79.31700134277344
79.36000061035156
79.41999816894531
79.47660064697266
79.41000366210938
79.43499755859375
79.47000122070312
79.41999816894531
79.45500183105469
79.47370147705078
79.41000366210938
79.38999938964844
79.41000366210938
79.41999816894531
79.4000015258789
79.41000366210938
79.51000213623047
79.5
79.48999786376953
79.5999984741211
79.5353012084961
79.49520111083984
79.53500366210938
79.5199966430664
79.48999786376953
79.48999786376953
79.49919891357422
79.49199676513672
79.40499877929688
79.4800033569336
79.48600006103516
79.5
79.44000244140625
79.49500274658203
79.4800033569336
79.5
79.46499633789062
79.48500061035156
79.48500061035156
79.46499633789062
79.42500305175781
79.42500305175781
79.46499633789062
79.41999816894531
79.38999938964844
79.3949966430664
79.44999694824219
79.43499755859375
79.44000244140625
79.45999908447266
79.41999816894531
79.4000015258789
79.41999816894531
79.41000366210938
79.41000366210938
79.38999938964844
79.37999725341797
79.3499984741211
79.42500305175781
79.41999816894531
79.44999694824219
79.3499984741211
79.4000015258789
79.44000244140625
79.44999694824219
79.47000122070312
79.4800033569336
79.4800033569336
79.4800033569336
79.47830200195312
79.4749984741211
79.45999908447266
79.48500061035156
79.48400115966797
79.5
79.5
79.33000183105469
79.31999969482422
79.31999969482422
79.33000183105469
79.33000183105469
79.30000305175781
79.30000305175781
79.29000091552734
79.30000305175781
79.28669738769531
79.28500366210938
79.30000305175781
79.30000305175781
79.30000305175781
79.30999755859375
79.36499786376953
79.30999755859375
79.30500030517578
79.31999969482422
79.30010223388672
79.3499984741211
79.3499984741211
79.36499786376953
79.3550033569336
79.33000183105469
79.30000305175781
79.3499984741211
79.33999633789062
79.3499984741211
79.33999633789062
79.34719848632812
79.33999633789062
79.30000305175781
79.30999755859375
79.29229736328125
79.27999877929688
79.25
79.20999908447266
79.26000213623047
79.27999877929688
79.2699966430664
79.2699966430664
79.17140197753906
79.20999908447266
79.19090270996094
79.19000244140625
79.22000122070312
79.22000122070312
79.23999786376953
79.20999908447266
79.19000244140625
79.19000244140625
79.16000366210938
79.20999908447266
79.19999694824219
79.18499755859375
79.17500305175781
79.12999725341797
79.125
79.12000274658203
79.12999725341797
79.18499755859375
79.2166976928711
79.2300033569336
79.19999694824219
79.22000122070312
79.21990203857422
79.20999908447266
79.22000122070312
79.18499755859375
79.1449966430664
79.125
79.12999725341797
79.12999725341797
79.0999984741211
79.12999725341797
79.0979995727539
79.09500122070312
79.09500122070312
79.09609985351562
79.09010314941406
79.07499694824219
79.08999633789062
79.16000366210938
79.15899658203125
79.15670013427734
79.16000366210938
79.19000244140625
79.19999694824219
79.18000030517578
79.20500183105469
79.19000244140625
79.18000030517578
79.17459869384766
79.19999694824219
79.1968994140625
79.20999908447266
79.21499633789062
79.29000091552734
79.26000213623047
79.30000305175781
79.29499816894531
79.29350280761719
79.27999877929688
79.2300033569336
79.25
79.19999694824219
79.29000091552734
79.25499725341797
79.23500061035156
79.23999786376953
79.25499725341797
79.29000091552734
79.29499816894531
79.29499816894531
79.29499816894531
79.29499816894531
79.2750015258789
79.28500366210938
79.25499725341797
79.23500061035156
79.23799896240234
79.25
79.24500274658203
79.23999786376953
79.25
79.22750091552734
79.22000122070312
79.22750091552734
79.20999908447266
79.20500183105469
79.15390014648438
79.16000366210938
79.16000366210938
79.13999938964844
79.06999969482422
79.05500030517578
78.95999908447266
78.93000030517578
78.81999969482422
78.76000213623047
78.72470092773438
78.66500091552734
78.66999816894531
78.7125015258789
78.83000183105469
78.86499786376953
78.83000183105469
78.87000274658203
78.86399841308594
78.80000305175781
78.86000061035156
78.83000183105469
78.81999969482422
78.79000091552734
78.75
78.81500244140625
78.83999633789062
78.81999969482422
78.80999755859375
78.79000091552734
78.80000305175781
78.83000183105469
78.77999877929688
78.79000091552734
78.80999755859375
78.8292007446289
78.80999755859375
78.7699966430664
78.7249984741211
78.73999786376953
78.7300033569336
78.73780059814453
78.74600219726562
78.68000030517578
78.68000030517578
78.67500305175781
78.68499755859375
78.69499969482422
78.65499877929688
78.63999938964844
78.63999938964844
78.65499877929688
78.67500305175781
78.68000030517578
78.66500091552734
78.63999938964844
78.63999938964844
78.6500015258789
78.6449966430664
78.6449966430664
78.6500015258789
78.6500015258789
78.57499694824219
78.57499694824219
78.54000091552734
78.48999786376953
78.49500274658203
78.49500274658203
78.5
78.44999694824219
78.44999694824219
78.44819641113281
78.44000244140625
78.43499755859375
78.43499755859375
78.41500091552734
78.43000030517578
78.4999008178711
78.44000244140625
78.5270004272461
78.6500015258789
78.66000366210938
78.87000274658203
78.9800033569336
79.02749633789062
79.04000091552734
79.08999633789062
79.05000305175781
79.06500244140625
79.08999633789062
79.04000091552734
79.08999633789062
79.0999984741211
79.02999877929688
79.02999877929688
79.05000305175781
79.04000091552734
79.0
79.00499725341797
78.98999786376953
79.01000213623047
79.01000213623047
79.01000213623047
79.01000213623047
79.01000213623047
79.01000213623047
79.05500030517578
79.07250213623047
79.11000061035156
78.95999908447266
79.0
79.00499725341797
79.01000213623047
79.01000213623047
79.00499725341797
79.00499725341797
