309.6499938964844
309.9800109863281
310.0719909667969
309.760009765625
310.17999267578125
310.3500061035156
310.5849914550781
310.5899963378906
310.05999755859375
310.0899963378906
310.1099853515625
309.7300109863281
309.2349853515625
309.05999755859375
308.43701171875
308.6199951171875
308.20001220703125
308.45001220703125
308.30999755859375
308.5400085449219
308.2799987792969
308.2799987792969
308.510009765625
308.3500061035156
308.1099853515625
308.1300048828125
308.04998779296875
307.8900146484375
307.8337097167969
307.7799987792969
308.2200927734375
308.6900939941406
308.6300048828125
308.7699890136719
308.79998779296875
308.8525085449219
309.1650085449219
309.1499938964844
309.0600891113281
308.8699951171875
309.57000732421875
309.260009765625
309.3299865722656
309.6549987792969
309.70001220703125
309.9599914550781
309.989990234375
309.7152099609375
309.8800048828125
309.385009765625
309.0469970703125
309.44000244140625
309.7300109863281
309.67999267578125
309.5199890136719
309.7749938964844
310.19000244140625
309.7200012207031
310.42999267578125
310.82501220703125
310.7200012207031
310.82000732421875
310.57000732421875
310.8299865722656
310.239990234375
310.5400085449219
310.1600036621094
310.0899963378906
311.20001220703125
310.93829345703125
310.6700134277344
310.8500061035156
310.8949890136719
310.6715087890625
310.5
310.5350036621094
310.4800109863281
310.3699951171875
310.4800109863281
310.70001220703125
310.7644958496094
310.3800048828125
310.3450012207031
310.80169677734375
311.1199951171875
310.4800109863281
310.3612976074219
309.92999267578125
309.9200134277344
309.8949890136719
310.05999755859375
309.8399963378906
309.8399963378906
310.20001220703125
310.44000244140625
310.19500732421875
310.3800048828125
310.2699890136719
310.1099853515625
310.2001037597656
309.9700012207031
309.8949890136719
309.8500061035156
309.7998962402344
309.6199951171875
309.5450134277344
309.4295959472656
309.1509094238281
309.05999755859375
308.8399963378906
308.9200134277344
308.8301086425781
308.898193359375
308.7301025390625
308.5799865722656
308.69000244140625
308.6099853515625
308.89300537109375
308.9800109863281
308.89801025390625
308.7300109863281
308.82989501953125
308.8599853515625
308.95001220703125
308.8349914550781
308.92999267578125
309.0138854980469
309.0400085449219
309.1000061035156
308.82000732421875
308.9849853515625
309.4399108886719
309.2449951171875
308.9176025390625
309.0
308.9800109863281
308.5199890136719
308.67498779296875
308.7936096191406
309.0018005371094
309.010009765625
309.0799865722656
308.9150085449219
309.0899963378906
309.0
309.1700134277344
309.1499938964844
308.8299865722656
308.68499755859375
308.91180419921875
308.82000732421875
308.8500061035156
308.82000732421875
309.0
309.42999267578125
309.3949890136719
309.2900085449219
309.07000732421875
309.2099914550781
309.17999267578125
309.2200012207031
309.2799987792969
309.135009765625
309.20001220703125
309.0849914550781
309.0885925292969
309.0799865722656
308.9043884277344
308.510009765625
308.489990234375
308.25
308.07000732421875
308.0751037597656
308.239990234375
308.5899963378906
308.5199890136719
308.55999755859375
308.3800048828125
307.9198913574219
307.95001220703125
308.06500244140625
308.0249938964844
308.0150146484375
307.7699890136719
307.6700134277344
307.5282897949219
307.706787109375
307.56500244140625
307.55999755859375
307.8299865722656
308.0299987792969
307.8900146484375
307.8349914550781
307.8500061035156
308.1094970703125
307.9700012207031
307.9800109863281
307.9110107421875
307.9599914550781
308.2300109863281
308.239990234375
308.2950134277344
308.2699890136719
308.05999755859375
308.32000732421875
308.49481201171875
308.3800048828125
308.17999267578125
308.20001220703125
308.2799987792969
308.385009765625
308.260009765625
308.25
308.3500061035156
308.42999267578125
308.6734924316406
308.6600036621094
308.5
308.4378967285156
308.18499755859375
308.2200012207031
308.44000244140625
308.125
308.0899963378906
308.3299865722656
308.1099853515625
307.8999938964844
307.9307861328125
307.7102966308594
307.94500732421875
307.5899963378906
307.2799987792969
306.80999755859375
306.82000732421875
306.7799987792969
306.70001220703125
306.6199951171875
306.489990234375
306.4200134277344
306.277587890625
306.7699890136719
306.5
306.4649963378906
306.4200134277344
306.30999755859375
306.30999755859375
306.6000061035156
306.67999267578125
306.79998779296875
306.7799987792969
306.7300109863281
306.75
307.1184997558594
307.05999755859375
307.07000732421875
307.0743103027344
306.79998779296875
306.67999267578125
306.6400146484375
306.60009765625
306.4599914550781
306.4200134277344
306.68499755859375
307.1000061035156
306.739990234375
306.6700134277344
306.6499938964844
306.6400146484375
306.8096923828125
306.9700012207031
306.8599853515625
306.7284851074219
306.7149963378906
306.885009765625
306.8800048828125
307.0799865722656
307.080810546875
307.1600036621094
307.3299865722656
307.05999755859375
306.8599853515625
306.8800048828125
307.4599914550781
307.55999755859375
307.44000244140625
307.7300109863281
307.3699951171875
307.4200134277344
307.3299865722656
307.3599853515625
307.1300048828125
306.9750061035156
306.9996032714844
307.1099853515625
307.05999755859375
306.8599853515625
306.5751037597656
306.6499938964844
306.55499267578125
306.6400146484375
306.55999755859375
306.2099914550781
306.3160095214844
306.2799987792969
306.42999267578125
306.4700012207031
306.3999938964844
306.42999267578125
306.3699951171875
306.6099853515625
306.30999755859375
306.4700012207031
306.3900146484375
306.3599853515625
306.4100036621094
306.28131103515625
306.1099853515625
306.239990234375
306.510009765625
306.4700012207031
306.2799987792969
306.260009765625
306.3299865722656
306.239990234375
306.2799987792969
306.31500244140625
306.6099853515625
306.4649963378906
306.31500244140625
306.1300048828125
306.0799865722656
306.04998779296875
306.0199890136719
306.05999755859375
306.1499938964844
306.30999755859375
306.5
306.5050048828125
306.7099914550781
306.42999267578125
306.3599853515625
306.2900085449219
306.1499938964844
306.1300048828125
306.1449890136719
306.2099914550781
306.1099853515625
306.1000061035156
305.96160888671875
306.0199890136719
306.45001220703125
306.20001220703125
305.6600036621094
305.54998779296875
305.5899963378906
305.66009521484375
305.739990234375
305.82989501953125
305.8299865722656
305.5899963378906
305.6300048828125
305.82000732421875
305.7099914550781
305.6300048828125
305.8299865722656
305.82000732421875
305.92498779296875
305.85430908203125
305.8800048828125
305.82000732421875
305.8450012207031
305.760009765625
305.7598876953125
305.4949951171875
305.43499755859375
305.3185119628906
305.5400085449219
305.3349914550781
305.3299865722656
305.489990234375
305.489990234375
305.5400085449219
305.5799865722656
305.4682922363281
305.4700012207031
305.4100036621094
305.5
305.1600036621094
305.2300109863281
305.239990234375
305.0299987792969
304.97900390625
305.1499938964844
305.1061096191406
305.3299865722656
305.2699890136719
305.260009765625
305.2715148925781
305.114990234375
305.1499938964844
305.2699890136719
305.2261962890625
304.98419189453125
304.8714904785156
304.92498779296875
304.8599853515625
304.8999938964844
304.7900085449219
304.6000061035156
304.6499938964844
304.6650085449219
304.69000244140625
304.6600036621094
304.5799865722656
304.67999267578125
304.4100036621094
304.45001220703125
304.44000244140625
303.760009765625
303.92999267578125
303.8399963378906
303.4800109863281
303.4700012207031
303.54058837890625
303.4700012207031
303.42999267578125
303.2950134277344
303.0400085449219
303.06500244140625
302.9800109863281
302.8299865722656
302.9800109863281
303.1258850097656
303.2900085449219
303.2499084472656
303.04998779296875
303.2850036621094
303.3800048828125
303.3106994628906
303.4800109863281
303.5292053222656
303.45001220703125
303.5347900390625
303.4100036621094
303.54998779296875
303.6600036621094
303.70001220703125
303.760009765625
303.7478942871094
303.82000732421875
303.8590087890625
303.75
304.0
303.6496887207031
303.5849914550781
303.75
303.739990234375
303.5299987792969
304.04998779296875
304.1499938964844
303.67999267578125
303.67999267578125
303.7200012207031
303.7099914550781
303.7300109863281
304.0
303.8699951171875
303.9800109863281
303.760009765625
304.0150146484375
304.3887939453125
304.19000244140625
304.3349914550781
304.3450012207031
304.260009765625
304.19000244140625
304.0050048828125
304.31500244140625
304.24810791015625
304.66009521484375
304.4800109863281
304.3399963378906
304.2099914550781
304.25
304.1600036621094
304.06988525390625
303.7699890136719
303.8599853515625
304.2099914550781
304.0400085449219
303.9949951171875
304.1400146484375
304.2699890136719
304.0
303.7250061035156
303.7699890136719
302.7799987792969
303.010009765625
303.06988525390625
303.010009765625
302.8800048828125
302.7749938964844
302.71978759765625
302.9100036621094
302.3799133300781
302.30999755859375
302.1199951171875
302.1000061035156
302.25
302.1700134277344
302.0889892578125
301.45001220703125
301.25
301.2720031738281
301.0400085449219
300.8999938964844
301.1400146484375
301.17999267578125
300.8301086425781
301.6400146484375
302.07000732421875
301.70001220703125
301.489990234375
301.4150085449219
301.9800109863281
301.0799865722656
301.25
301.25
