148.0
148.0
147.99000549316406
148.0449981689453
148.0800018310547
148.22999572753906
148.0319061279297
148.01499938964844
148.06930541992188
147.8300018310547
148.0
147.89999389648438
147.47000122070312
147.57000732421875
147.6300048828125
147.60499572753906
147.47000122070312
147.41000366210938
147.21499633789062
147.22000122070312
146.94000244140625
147.07000732421875
147.05999755859375
147.0800018310547
146.94000244140625
147.02000427246094
146.89999389648438
146.88400268554688
147.0399932861328
147.0
147.02999877929688
147.10499572753906
147.0850067138672
147.0500030517578
146.97000122070312
146.91000366210938
147.0800018310547
147.03500366210938
147.1999969482422
147.1199951171875
147.3699951171875
147.47500610351562
147.5850067138672
147.71499633789062
147.74000549316406
147.76499938964844
147.7100067138672
147.6300048828125
147.52999877929688
147.1300048828125
147.13999938964844
147.27499389648438
147.40499877929688
147.4199981689453
147.26499938964844
147.4149932861328
147.4600067138672
147.44000244140625
147.6699981689453
147.77999877929688
147.80999755859375
147.8699951171875
147.91000366210938
147.86500549316406
147.8300018310547
147.83999633789062
147.81700134277344
147.97999572753906
148.33999633789062
148.27000427246094
148.17999267578125
148.1699981689453
148.2100067138672
148.27000427246094
148.1999969482422
148.1199951171875
148.13999938964844
148.0800018310547
148.08009338378906
147.97999572753906
147.8800048828125
147.85000610351562
147.75999450683594
147.8699951171875
148.18499755859375
148.13999938964844
148.0500030517578
148.11000061035156
148.19000244140625
148.22999572753906
148.1999969482422
147.97000122070312
147.97500610351562
148.1199951171875
148.11000061035156
148.08999633789062
148.19000244140625
148.2100067138672
148.4149932861328
148.38999938964844
148.32000732421875
148.3000030517578
148.28500366210938
148.24000549316406
148.25999450683594
148.27999877929688
148.2550048828125
148.27999877929688
148.25
148.25
148.27000427246094
148.3000030517578
148.33999633789062
148.24510192871094
148.22999572753906
148.2449951171875
148.30999755859375
148.22500610351562
148.30999755859375
148.22999572753906
148.06109619140625
148.17999267578125
148.25999450683594
148.30999755859375
148.24000549316406
148.2050018310547
148.22000122070312
148.17999267578125
148.3000030517578
148.1300048828125
148.0399932861328
147.9600067138672
147.88499450683594
147.85499572753906
147.97999572753906
148.0500030517578
147.97000122070312
147.89999389648438
148.11500549316406
148.08999633789062
148.0399932861328
148.0749969482422
148.0800018310547
148.2100067138672
148.1300048828125
148.1750030517578
148.27000427246094
148.19000244140625
148.13999938964844
148.2100067138672
148.22500610351562
148.22500610351562
148.25
148.31500244140625
148.33999633789062
148.27529907226562
148.27999877929688
148.21499633789062
148.28500366210938
148.30999755859375
148.26499938964844
148.36500549316406
148.3249969482422
148.32000732421875
148.30999755859375
148.27999877929688
148.1999969482422
148.25999450683594
148.13499450683594
148.08999633789062
148.1300048828125
148.1199951171875
148.08999633789062
148.19500732421875
148.1699981689453
148.09500122070312
147.9600067138672
147.94000244140625
147.83999633789062
147.89999389648438
147.94000244140625
147.88499450683594
147.9499969482422
147.85000610351562
147.85560607910156
147.7899932861328
147.7100067138672
147.77000427246094
147.77000427246094
147.78160095214844
147.8000030517578
147.8000030517578
147.75999450683594
147.77000427246094
147.83999633789062
147.72500610351562
147.80999755859375
147.64999389648438
147.7449951171875
147.80999755859375
147.82000732421875
147.89999389648438
147.8699951171875
147.77000427246094
147.7949981689453
147.75999450683594
147.85000610351562
147.73500061035156
147.72000122070312
147.6699981689453
147.74000549316406
147.6199951171875
147.6199951171875
147.69000244140625
147.6699981689453
147.6699981689453
147.6999969482422
147.61000061035156
147.5800018310547
147.50999450683594
147.5500030517578
147.5399932861328
147.52999877929688
147.5399932861328
147.64309692382812
147.61000061035156
147.6300048828125
147.5850067138672
147.52999877929688
147.5500030517578
147.6199951171875
147.5749969482422
147.5
147.47999572753906
147.52000427246094
147.5050048828125
147.52000427246094
147.52000427246094
147.61500549316406
147.5050048828125
147.55999755859375
147.5800018310547
147.66000366210938
147.6699981689453
147.72000122070312
147.66000366210938
147.80999755859375
147.80999755859375
147.86000061035156
147.8699951171875
147.85000610351562
147.8699951171875
147.82000732421875
147.86000061035156
147.89999389648438
147.8800048828125
147.85000610351562
147.8800048828125
147.8800048828125
147.82000732421875
147.75
147.69000244140625
147.65089416503906
147.6999969482422
147.8300018310547
147.74000549316406
147.8000030517578
147.8000030517578
147.87240600585938
147.89999389648438
147.80999755859375
147.82000732421875
147.80499267578125
147.77000427246094
147.7100067138672
147.72000122070312
147.7100067138672
147.6699981689453
147.67999267578125
147.6479949951172
147.44000244140625
147.64999389648438
147.72999572753906
147.7050018310547
147.7100067138672
147.6959991455078
147.63999938964844
147.63499450683594
147.6199951171875
147.61000061035156
147.6199951171875
147.5449981689453
147.5800018310547
147.5800018310547
147.58999633789062
147.55499267578125
147.52000427246094
147.5399932861328
147.47000122070312
147.52499389648438
147.52499389648438
147.42999267578125
147.42999267578125
147.44000244140625
147.5500030517578
147.5500030517578
147.52259826660156
147.5428009033203
147.5
147.55999755859375
147.44000244140625
147.44000244140625
147.4600067138672
147.5050048828125
147.5500030517578
147.5
147.47999572753906
147.5
147.52499389648438
147.52999877929688
147.3800048828125
147.4250030517578
147.38999938964844
147.3699951171875
147.38999938964844
147.38999938964844
147.47000122070312
147.52999877929688
147.5399932861328
147.5
147.5
147.52000427246094
147.5399932861328
147.5500030517578
147.52000427246094
147.52000427246094
147.61000061035156
147.65499877929688
147.6199951171875
147.60000610351562
147.61000061035156
147.58999633789062
147.60899353027344
147.52999877929688
147.5399932861328
147.5399932861328
147.52999877929688
147.52999877929688
147.4499969482422
147.5050048828125
147.69000244140625
147.60000610351562
147.63870239257812
147.63499450683594
147.63499450683594
147.64999389648438
147.60699462890625
147.63999938964844
147.64999389648438
147.63079833984375
147.6300048828125
147.69500732421875
147.63999938964844
147.61000061035156
147.6300048828125
147.66000366210938
147.64999389648438
147.6699981689453
147.6999969482422
147.69500732421875
147.66029357910156
147.64959716796875
147.67999267578125
147.58360290527344
147.5579071044922
147.57310485839844
147.5800018310547
147.57000732421875
147.47000122070312
147.5399932861328
147.5399932861328
147.57000732421875
147.6199951171875
147.59500122070312
147.60000610351562
147.6750030517578
147.74000549316406
147.64999389648438
147.74000549316406
147.74000549316406
147.7100067138672
147.72000122070312
147.8300018310547
147.8300018310547
147.72000122070312
147.7100067138672
147.6699981689453
147.58999633789062
147.6199951171875
147.6750030517578
147.65499877929688
147.6300048828125
147.6300048828125
147.60499572753906
147.63999938964844
147.63999938964844
147.63999938964844
147.63999938964844
147.55999755859375
147.5
147.49000549316406
147.5449981689453
147.51499938964844
147.5500030517578
147.57000732421875
147.5
147.53500366210938
147.54200744628906
147.52999877929688
147.5850067138672
147.6300048828125
147.50999450683594
147.42999267578125
147.3350067138672
147.201904296875
147.11500549316406
147.06500244140625
147.0399932861328
146.94000244140625
146.9683074951172
146.88999938964844
146.89500427246094
147.03050231933594
147.02000427246094
146.96859741210938
147.02999877929688
146.97000122070312
146.9600067138672
146.92999267578125
146.93690490722656
146.94000244140625
146.9600067138672
146.98500061035156
146.97000122070312
147.0
147.0175018310547
147.00999450683594
146.99000549316406
146.98500061035156
147.02000427246094
146.92999267578125
146.889892578125
146.94700622558594
146.79440307617188
146.80999755859375
146.6199951171875
146.6699981689453
146.66000366210938
146.74000549316406
146.7899932861328
146.67999267578125
146.6300048828125
146.5800018310547
146.60000610351562
146.67010498046875
146.73789978027344
146.6678009033203
146.6699981689453
146.64990234375
146.69000244140625
146.70179748535156
146.64999389648438
146.75
146.77999877929688
146.77999877929688
146.7949981689453
146.69000244140625
146.72999572753906
146.69000244140625
146.80999755859375
146.72999572753906
146.66000366210938
146.60000610351562
146.5399932861328
146.52000427246094
146.4600067138672
146.39999389648438
146.4279022216797
146.5
146.4499969482422
146.47000122070312
146.49000549316406
146.5
146.3800048828125
146.3300018310547
146.30999755859375
145.80999755859375
145.83999633789062
145.91000366210938
145.9199981689453
145.77499389648438
145.72000122070312
145.70350646972656
145.6999969482422
145.4499969482422
145.50999450683594
145.33999633789062
145.302001953125
145.28500366210938
145.25999450683594
145.24000549316406
145.07000732421875
145.02000427246094
145.02000427246094
145.1300048828125
145.07000732421875
145.1199951171875
145.10000610351562
145.04750061035156
145.25999450683594
145.3800048828125
145.19000244140625
145.05999755859375
145.08999633789062
145.1999969482422
145.07000732421875
145.30999755859375
145.30999755859375
