162.32000732421875
162.14999389648438
162.00999450683594
162.24000549316406
162.11570739746094
162.0399932861328
162.22000122070312
162.0749969482422
162.11500549316406
162.3300018310547
162.22999572753906
161.99000549316406
161.75
161.94000244140625
162.00999450683594
162.1300048828125
162.02999877929688
162.0749969482422
161.9499969482422
161.9600067138672
161.89500427246094
161.94000244140625
162.0399932861328
161.89999389648438
161.77999877929688
162.0
161.82000732421875
162.10000610351562
162.18499755859375
162.1300048828125
162.1300048828125
162.1199951171875
162.09500122070312
162.1699981689453
162.0800018310547
162.19500732421875
162.5
162.61000061035156
162.8300018310547
162.61500549316406
162.4600067138672
162.33970642089844
162.49000549316406
162.3699951171875
162.48330688476562
162.39999389648438
162.3699951171875
162.2899932861328
162.1199951171875
162.02999877929688
162.11500549316406
162.07000732421875
162.1699981689453
162.14500427246094
162.13999938964844
162.16000366210938
162.2899932861328
162.3520050048828
162.3699951171875
162.39999389648438
162.39999389648438
162.3300018310547
162.30999755859375
162.25
162.2050018310547
162.10000610351562
162.14999389648438
162.10000610351562
162.2100067138672
162.24000549316406
162.2899932861328
162.24000549316406
162.32000732421875
162.36000061035156
162.25
162.3300018310547
162.35000610351562
162.5
162.5399932861328
162.5384063720703
162.52000427246094
162.4499969482422
162.47999572753906
162.50999450683594
162.57000732421875
162.61000061035156
162.75999450683594
162.8000030517578
162.75999450683594
162.82000732421875
162.80999755859375
162.8699951171875
162.82000732421875
162.9499969482422
162.89999389648438
162.89999389648438
162.9499969482422
162.86000061035156
162.97000122070312
162.92999267578125
162.94000244140625
162.9199981689453
162.85000610351562
162.875
162.9600067138672
163.02000427246094
162.9600067138672
163.0
163.0399932861328
163.1300048828125
163.14999389648438
163.21499633789062
163.1999969482422
163.23500061035156
163.2100067138672
163.17999267578125
163.25
163.11000061035156
163.02999877929688
162.8699951171875
163.0
162.99000549316406
162.9199981689453
162.81320190429688
162.8000030517578
162.83999633789062
162.8000030517578
162.80430603027344
162.77000427246094
162.82000732421875
162.8300018310547
162.8000030517578
162.7667999267578
162.80999755859375
162.8300018310547
162.8800048828125
162.86000061035156
162.83999633789062
162.88999938964844
162.97000122070312
163.0
163.02000427246094
163.0792999267578
163.07000732421875
163.1300048828125
163.101806640625
163.02000427246094
163.0500030517578
163.13999938964844
163.11000061035156
163.00999450683594
163.00999450683594
162.99000549316406
162.89999389648438
162.91000366210938
162.89999389648438
162.83999633789062
162.85000610351562
162.80740356445312
162.85499572753906
162.88999938964844
162.8300018310547
162.80999755859375
162.8800048828125
162.91000366210938
162.96400451660156
163.00059509277344
163.00999450683594
162.96009826660156
162.93499755859375
163.02999877929688
162.97999572753906
162.94500732421875
162.97000122070312
162.89999389648438
162.8446044921875
162.89999389648438
162.94500732421875
163.02999877929688
163.07000732421875
163.0749969482422
163.0800018310547
163.1999969482422
163.27000427246094
163.1199951171875
163.1699981689453
163.17999267578125
163.1199951171875
163.1199951171875
163.13999938964844
163.1300048828125
163.11000061035156
163.25
163.24000549316406
163.33999633789062
163.4199981689453
163.3800048828125
163.4499969482422
163.40919494628906
163.4199981689453
163.37339782714844
163.5800018310547
163.5399932861328
163.63999938964844
163.6300048828125
163.60110473632812
163.52999877929688
163.6999969482422
163.59500122070312
163.55999755859375
163.64100646972656
163.6199951171875
163.66000366210938
163.6699981689453
163.6999969482422
163.64999389648438
163.64999389648438
163.6199951171875
163.6300048828125
163.5500030517578
163.6199951171875
163.57000732421875
163.69000244140625
163.75
163.66000366210938
163.52000427246094
163.57000732421875
163.60000610351562
163.5449981689453
163.5500030517578
163.6199951171875
163.6300048828125
163.5749969482422
163.4250030517578
163.39999389648438
163.47000122070312
163.58999633789062
163.5
163.61000061035156
163.6300048828125
163.6999969482422
163.72999572753906
163.67999267578125
163.75
163.75999450683594
163.75
163.75999450683594
163.83999633789062
163.8300018310547
163.85000610351562
163.85000610351562
163.8249969482422
163.7899932861328
163.83999633789062
163.8300018310547
163.8000030517578
163.8000030517578
163.8300018310547
163.85000610351562
163.85000610351562
163.8800048828125
163.75999450683594
163.72500610351562
163.80999755859375
163.85499572753906
163.8699951171875
164.1199951171875
164.14999389648438
164.17999267578125
164.1999969482422
164.11000061035156
164.02000427246094
164.02999877929688
163.97659301757812
163.9499969482422
164.0500030517578
163.97000122070312
163.9600067138672
164.02000427246094
163.97999572753906
163.9600067138672
164.07000732421875
164.10000610351562
164.0500030517578
164.02000427246094
164.04750061035156
164.08999633789062
164.05999755859375
164.11900329589844
164.1300048828125
164.10000610351562
164.11000061035156
164.1199951171875
164.17999267578125
164.22000122070312
164.03500366210938
164.00999450683594
164.16000366210938
164.02000427246094
164.0
163.8800048828125
163.87139892578125
163.9199981689453
164.0050048828125
163.98500061035156
163.99000549316406
164.02000427246094
164.1199951171875
164.14999389648438
164.24000549316406
164.25
164.13999938964844
164.1999969482422
164.15499877929688
164.24000549316406
164.27000427246094
164.25999450683594
164.19000244140625
164.30999755859375
164.25999450683594
164.18629455566406
164.2899932861328
164.21319580078125
164.1300048828125
164.2899932861328
164.4199981689453
164.39999389648438
164.3699951171875
164.38999938964844
164.3800048828125
164.43499755859375
164.39999389648438
164.3300018310547
164.41000366210938
164.4199981689453
164.36000061035156
164.42999267578125
164.42999267578125
164.4499969482422
164.4499969482422
164.41000366210938
164.41000366210938
164.38999938964844
164.42999267578125
164.3800048828125
164.4600067138672
164.36000061035156
164.44000244140625
164.47000122070312
164.4499969482422
164.52999877929688
164.52499389648438
164.6199951171875
164.66000366210938
164.77000427246094
164.8800048828125
164.82000732421875
164.72000122070312
164.7449951171875
164.70809936523438
164.72999572753906
164.77999877929688
164.8000030517578
164.77999877929688
164.72500610351562
164.75999450683594
164.72000122070312
164.75999450683594
164.78500366210938
164.875
164.88999938964844
164.88999938964844
164.8699951171875
164.92999267578125
164.83999633789062
164.875
164.92999267578125
164.9001007080078
164.93499755859375
164.8616943359375
164.88499450683594
164.9199981689453
164.89999389648438
164.9250030517578
164.92999267578125
164.9499969482422
164.94500732421875
164.85000610351562
164.66000366210938
164.61000061035156
164.6199951171875
164.64500427246094
164.69000244140625
164.7100067138672
164.72999572753906
164.7100067138672
164.7550048828125
164.71009826660156
164.6699981689453
164.6699981689453
164.64999389648438
164.67999267578125
164.6699981689453
164.63999938964844
164.67999267578125
164.63999938964844
164.7100067138672
164.6699981689453
164.6300048828125
164.5399932861328
164.5500030517578
164.47000122070312
164.3813018798828
164.40640258789062
164.47000122070312
164.42999267578125
164.32000732421875
164.3350067138672
164.25
164.3800048828125
164.32000732421875
164.3300018310547
164.27999877929688
164.1999969482422
164.13499450683594
164.13999938964844
164.21499633789062
164.1999969482422
164.1199951171875
164.17999267578125
164.16000366210938
164.17999267578125
164.19000244140625
164.17999267578125
164.22000122070312
164.22999572753906
164.16000366210938
164.14939880371094
164.13999938964844
164.1457061767578
164.07000732421875
164.0500030517578
164.0449981689453
163.97999572753906
163.92999267578125
164.0800018310547
164.0800018310547
164.02499389648438
163.97000122070312
163.9866943359375
164.0
163.97999572753906
163.97999572753906
164.0500030517578
164.0500030517578
164.05999755859375
164.0500030517578
163.98500061035156
164.0500030517578
164.02000427246094
163.97000122070312
163.94000244140625
164.0
164.02000427246094
164.06610107421875
164.0800018310547
164.08999633789062
164.10000610351562
164.0800018310547
164.1300048828125
164.19000244140625
164.19000244140625
164.30999755859375
164.32000732421875
164.3000030517578
164.22999572753906
164.1199951171875
164.11000061035156
164.15499877929688
164.17999267578125
164.2100067138672
164.18739318847656
164.16000366210938
164.22000122070312
164.2100067138672
164.17010498046875
164.19000244140625
164.13999938964844
164.15499877929688
164.08999633789062
164.0800018310547
164.09500122070312
164.16000366210938
164.13499450683594
164.1999969482422
164.24000549316406
164.14999389648438
164.22000122070312
164.33999633789062
164.33999633789062
164.42999267578125
164.4600067138672
164.42149353027344
164.39999389648438
164.2346954345703
164.25
164.27499389648438
164.27540588378906
164.2899932861328
164.2899932861328
164.2100067138672
164.10499572753906
164.05999755859375
164.05999755859375
164.11000061035156
164.11000061035156
164.1699981689453
164.11000061035156
164.1300048828125
164.27000427246094
164.33999633789062
164.22000122070312
164.14999389648438
164.1300048828125
164.17999267578125
164.09500122070312
164.1300048828125
164.1300048828125
