172.83999633789062
172.72000122070312
172.5399932861328
172.7449951171875
172.19000244140625
172.55999755859375
172.49400329589844
172.375
172.6199951171875
172.6199951171875
172.77000427246094
172.5247039794922
172.38999938964844
172.6300048828125
172.41000366210938
172.52499389648438
172.40499877929688
172.49000549316406
172.4499969482422
172.47000122070312
172.47000122070312
172.7899932861328
172.92999267578125
172.90499877929688
172.72999572753906
172.6199951171875
172.55999755859375
172.5863037109375
172.5863037109375
172.19000244140625
172.3800048828125
172.47000122070312
172.47000122070312
172.47000122070312
172.3000946044922
172.30999755859375
172.2550048828125
172.55499267578125
172.3699951171875
172.25
172.58399963378906
172.49000549316406
172.5050048828125
172.42999267578125
172.42999267578125
172.41000366210938
172.72999572753906
172.76780700683594
173.02999877929688
173.0050048828125
172.7100067138672
172.7100067138672
172.63999938964844
172.63999938964844
172.4499969482422
172.60000610351562
172.58999633789062
172.64999389648438
172.8000030517578
172.875
172.8699951171875
172.72999572753906
172.6439971923828
172.8300018310547
172.77000427246094
172.71499633789062
172.66000366210938
172.50999450683594
172.60000610351562
172.4499969482422
172.55499267578125
172.5850067138672
172.4949951171875
172.6300048828125
172.5749969482422
172.64999389648438
172.7550048828125
172.7550048828125
172.9499969482422
172.9499969482422
173.17999267578125
173.04469299316406
173.04469299316406
172.9600067138672
172.9600067138672
173.02999877929688
172.8800048828125
173.1199951171875
173.16000366210938
173.25999450683594
173.24000549316406
173.3000030517578
173.4949951171875
173.4199981689453
173.3699951171875
173.25999450683594
173.16000366210938
173.16000366210938
173.1999969482422
173.25999450683594
173.47999572753906
173.36000061035156
173.38999938964844
173.38999938964844
173.15220642089844
173.15220642089844
173.3300018310547
173.33999633789062
173.38999938964844
173.25
173.19000244140625
173.0800018310547
173.1199951171875
173.1199951171875
173.19000244140625
173.32919311523438
173.32919311523438
173.3000030517578
173.27999877929688
173.24000549316406
173.3009033203125
173.3009033203125
173.2617950439453
173.2617950439453
173.08999633789062
173.2100067138672
173.2100067138672
173.13999938964844
173.13999938964844
173.00999450683594
173.02999877929688
173.09500122070312
173.09500122070312
173.05999755859375
173.05999755859375
173.0749969482422
173.0749969482422
172.97999572753906
172.9644012451172
172.8249969482422
172.89999389648438
172.97999572753906
172.97500610351562
172.9550018310547
173.0800018310547
173.0800018310547
173.1199951171875
173.13999938964844
173.22999572753906
173.19000244140625
173.27000427246094
173.27000427246094
173.0800018310547
172.97999572753906
172.97999572753906
172.8699951171875
172.8000030517578
172.8000030517578
172.72500610351562
172.89999389648438
172.7100067138672
172.68499755859375
172.64500427246094
172.61000061035156
172.72999572753906
172.74000549316406
172.59500122070312
172.59500122070312
172.72999572753906
172.69000244140625
172.83990478515625
172.83990478515625
172.8800048828125
172.9499969482422
173.0800018310547
173.0399932861328
173.0399932861328
173.02999877929688
173.05999755859375
173.05999755859375
173.11000061035156
173.11000061035156
173.2100067138672
173.2100067138672
173.05999755859375
173.06500244140625
173.06500244140625
172.89999389648438
172.82000732421875
172.82000732421875
172.82000732421875
172.6999969482422
172.85000610351562
172.85000610351562
172.85000610351562
172.77999877929688
172.83999633789062
172.6999969482422
172.76840209960938
172.6300048828125
172.6199951171875
172.6199951171875
172.6300048828125
172.6300048828125
172.6300048828125
172.58999633789062
172.61000061035156
172.61000061035156
172.61000061035156
172.64999389648438
172.8350067138672
172.8350067138672
172.77999877929688
172.77999877929688
172.77999877929688
172.77999877929688
172.82859802246094
172.88999938964844
172.85000610351562
172.7949981689453
172.79710388183594
172.8699951171875
172.67999267578125
172.74000549316406
172.81849670410156
172.72999572753906
172.72999572753906
172.72999572753906
172.6999969482422
172.85000610351562
172.8719940185547
172.88499450683594
172.85000610351562
172.72000122070312
172.72000122070312
172.6699981689453
172.65499877929688
172.52000427246094
172.52000427246094
172.75
172.5850067138672
172.5850067138672
172.5850067138672
172.5850067138672
172.6300048828125
172.6999969482422
172.5399932861328
172.53500366210938
172.53500366210938
172.50999450683594
172.59500122070312
172.63999938964844
172.50999450683594
172.50999450683594
172.50999450683594
172.5449981689453
172.5449981689453
172.4149932861328
172.4149932861328
172.4149932861328
172.3800048828125
172.375
172.3000030517578
172.47500610351562
172.49000549316406
172.4499969482422
172.4499969482422
172.4499969482422
172.52999877929688
172.5399932861328
172.5399932861328
172.5675048828125
172.5675048828125
172.49000549316406
172.47000122070312
172.47000122070312
172.47000122070312
172.50999450683594
172.41000366210938
172.50999450683594
172.39999389648438
172.625
172.6999969482422
172.6300048828125
172.6199951171875
172.6199951171875
172.65499877929688
172.70419311523438
172.70419311523438
172.70419311523438
172.72999572753906
172.77000427246094
172.74000549316406
172.74000549316406
172.82000732421875
172.82000732421875
172.74000549316406
172.7949981689453
172.7100067138672
172.7100067138672
172.60000610351562
172.55999755859375
172.4600067138672
172.4600067138672
172.58999633789062
172.5800018310547
172.5800018310547
172.6699981689453
172.67999267578125
172.67999267578125
172.66000366210938
172.66000366210938
172.60499572753906
172.625
172.6699981689453
172.67999267578125
172.75
172.75
172.6300048828125
172.6300048828125
172.72000122070312
172.75
172.75
172.41000366210938
172.57000732421875
172.57000732421875
172.58999633789062
172.52000427246094
172.65330505371094
172.60000610351562
172.5
172.50999450683594
172.44500732421875
172.44500732421875
172.47999572753906
172.57000732421875
172.65870666503906
172.6199951171875
172.6699981689453
172.6699981689453
172.66000366210938
172.66000366210938
172.6999969482422
172.72999572753906
172.63999938964844
172.6300048828125
172.53250122070312
172.53250122070312
172.51499938964844
172.5800018310547
172.61000061035156
172.61000061035156
172.72000122070312
172.66000366210938
172.8076934814453
172.69000244140625
172.74000549316406
172.72999572753906
172.72999572753906
172.6999969482422
172.6999969482422
172.75999450683594
172.7100067138672
172.67999267578125
172.66000366210938
172.66000366210938
172.72000122070312
172.67999267578125
172.67999267578125
172.7899932861328
172.77000427246094
172.77000427246094
172.85000610351562
172.83999633789062
172.8000030517578
172.7899932861328
172.7899932861328
172.77999877929688
172.74000549316406
172.74000549316406
172.72000122070312
172.6999969482422
172.77000427246094
172.75999450683594
172.72000122070312
172.75
172.75
172.55999755859375
172.77999877929688
172.74000549316406
172.74000549316406
172.77000427246094
172.85000610351562
172.8300018310547
172.91000366210938
172.89999389648438
172.92999267578125
172.92999267578125
172.92999267578125
172.92999267578125
172.85000610351562
172.82000732421875
172.88999938964844
172.93499755859375
172.93499755859375
172.93499755859375
173.02999877929688
173.02999877929688
173.10000610351562
172.9600067138672
172.7899932861328
172.74000549316406
172.67999267578125
172.67999267578125
172.67999267578125
172.5800018310547
172.5
172.52000427246094
172.5800018310547
172.56500244140625
172.72999572753906
172.66000366210938
172.66000366210938
172.52999877929688
172.49000549316406
172.5
172.47000122070312
172.4600067138672
172.39500427246094
172.4250030517578
172.39999389648438
172.39999389648438
172.5
172.47999572753906
172.38999938964844
172.4499969482422
172.4499969482422
172.44000244140625
172.58999633789062
172.5800018310547
172.63999938964844
172.6699981689453
172.6649932861328
172.6300048828125
172.64500427246094
172.64500427246094
172.73500061035156
172.77000427246094
172.64999389648438
172.64999389648438
172.64999389648438
172.56500244140625
172.67999267578125
172.57000732421875
172.5500030517578
172.38999938964844
172.41000366210938
172.4199981689453
172.4199981689453
172.35000610351562
172.35000610351562
172.2949981689453
172.3000030517578
172.35000610351562
172.42999267578125
172.4600067138672
172.5399932861328
172.47999572753906
172.46249389648438
172.39999389648438
172.47000122070312
172.49000549316406
172.5800018310547
172.66000366210938
172.7100067138672
172.64999389648438
172.6300048828125
172.64999389648438
172.5800018310547
172.64999389648438
172.6363067626953
172.58999633789062
172.59500122070312
172.66000366210938
172.67999267578125
172.67999267578125
172.58999633789062
172.60000610351562
172.61000061035156
172.55999755859375
172.5229034423828
172.63499450683594
172.6199951171875
172.6699981689453
172.6300048828125
172.6199951171875
172.19000244140625
172.22000122070312
172.27000427246094
172.2899932861328
172.2100067138672
172.25999450683594
172.2449951171875
172.27999877929688
172.0800018310547
172.13999938964844
172.0800018310547
172.02999877929688
172.07000732421875
172.1199951171875
172.09500122070312
171.91000366210938
171.80859375
171.80859375
171.97999572753906
172.0
172.11000061035156
172.1300048828125
172.0800018310547
172.27000427246094
172.25
172.1699981689453
172.1199951171875
172.0800018310547
172.24000549316406
171.94000244140625
172.0399932861328
172.0399932861328
