490.7149963378906
490.4849853515625
490.7200012207031
490.0
488.739990234375
487.5899963378906
487.0400085449219
486.7699890136719
488.8900146484375
487.6600036621094
487.364990234375
487.5788879394531
485.4599914550781
484.9800109863281
485.3699951171875
484.614990234375
484.6199951171875
484.32501220703125
484.489990234375
484.57000732421875
484.32000732421875
485.0199890136719
486.0
487.0
486.3900146484375
486.010009765625
485.6514892578125
484.8500061035156
485.04998779296875
485.19500732421875
485.2200012207031
485.3999938964844
485.4549865722656
485.4700012207031
485.7658996582031
486.8399963378906
486.4700012207031
487.29998779296875
487.95001220703125
488.0799865722656
487.9599914550781
488.1400146484375
488.45001220703125
488.2099914550781
487.5895080566406
486.67999267578125
485.6000061035156
485.7049865722656
486.29998779296875
485.7200012207031
485.42999267578125
485.3999938964844
485.5127868652344
485.5127868652344
485.06048583984375
485.6099853515625
485.2300109863281
485.010009765625
485.8900146484375
485.8299865722656
485.6524963378906
485.8900146484375
485.9599914550781
485.6400146484375
485.5150146484375
485.99420166015625
485.2950134277344
485.989990234375
486.05999755859375
485.79998779296875
485.8771057128906
485.04998779296875
485.6300048828125
485.3500061035156
485.4100036621094
485.5199890136719
485.7300109863281
485.9800109863281
485.6600036621094
485.8714904785156
485.7799987792969
485.8500061035156
486.07501220703125
486.6400146484375
486.989990234375
486.45989990234375
486.45001220703125
486.5299987792969
486.7200012207031
487.0
487.9599914550781
487.7799987792969
488.1099853515625
488.3870849609375
487.4292907714844
487.56500244140625
487.17999267578125
487.17999267578125
487.4649963378906
487.739990234375
487.70001220703125
487.4700012207031
487.30999755859375
487.2149963378906
487.3299865722656
487.5299987792969
487.239990234375
487.55999755859375
487.2799987792969
487.55999755859375
487.3999938964844
487.0899963378906
487.6650085449219
487.70001220703125
488.0
488.1000061035156
487.7936096191406
487.5899963378906
487.2200012207031
487.1099853515625
487.3299865722656
487.20001220703125
487.2300109863281
487.25
487.0400085449219
487.2699890136719
487.3505859375
487.4800109863281
487.4100036621094
486.864990234375
486.8500061035156
487.010009765625
487.0899963378906
487.260009765625
487.260009765625
487.1431884765625
486.9599914550781
486.8299865722656
486.70001220703125
486.7900085449219
486.7099914550781
486.5950012207031
486.6300048828125
486.5299987792969
486.2699890136719
486.3699951171875
486.260009765625
485.9200134277344
485.989990234375
485.95001220703125
485.9100036621094
485.9100036621094
485.4800109863281
485.9649963378906
486.0199890136719
486.1600036621094
485.8500061035156
485.6499938964844
485.635009765625
485.5199890136719
485.510009765625
485.57000732421875
485.44000244140625
485.7900085449219
486.05499267578125
486.2650146484375
485.8699951171875
485.95001220703125
485.29998779296875
485.0799865722656
485.6199951171875
485.7250061035156
485.81439208984375
486.0899963378906
485.8948974609375
485.55999755859375
485.6300048828125
485.8110046386719
485.6400146484375
485.739990234375
486.05999755859375
486.2799987792969
485.6499938964844
485.5
485.4700012207031
485.5799865722656
485.7300109863281
485.45001220703125
485.6549987792969
485.5199890136719
485.07000732421875
485.0274963378906
485.1000061035156
485.510009765625
485.3900146484375
485.44000244140625
485.4750061035156
485.260009765625
485.510009765625
485.57000732421875
485.7900085449219
486.07000732421875
486.06829833984375
486.17999267578125
486.3999938964844
486.7099914550781
486.67999267578125
486.32000732421875
486.4049987792969
486.19000244140625
486.4800109863281
486.3800048828125
486.07000732421875
486.20001220703125
486.20001220703125
486.42999267578125
486.2900085449219
486.1499938964844
486.29998779296875
486.2250061035156
486.1636962890625
486.1300048828125
486.0849914550781
486.239990234375
486.2799987792969
486.1300048828125
486.0303955078125
486.3399963378906
486.239990234375
486.3699951171875
486.7900085449219
486.4800109863281
486.4599914550781
486.5400085449219
486.1099853515625
485.9049987792969
485.6099853515625
485.6400146484375
485.8299865722656
485.885009765625
486.1600036621094
486.07000732421875
486.2099914550781
486.17999267578125
486.1400146484375
486.2200012207031
486.3299865722656
486.30999755859375
486.30999755859375
486.5
486.4800109863281
487.19000244140625
487.23699951171875
487.4200134277344
487.489990234375
487.260009765625
487.1300048828125
487.0400085449219
487.29998779296875
487.239990234375
487.1199951171875
486.6499938964844
486.82000732421875
487.4200134277344
487.114990234375
487.1449890136719
487.1000061035156
487.2724914550781
487.31500244140625
487.2099914550781
487.1499938964844
487.04998779296875
486.989990234375
486.7799987792969
487.1099853515625
487.2300109863281
487.1000061035156
487.2900085449219
487.31500244140625
487.25
487.17498779296875
487.3599853515625
487.3699951171875
487.9700012207031
487.9700012207031
488.0
488.1700134277344
488.32000732421875
488.3500061035156
488.4700012207031
488.0299987792969
487.9949951171875
488.2300109863281
488.05499267578125
487.989990234375
487.95001220703125
487.8900146484375
487.6600036621094
487.635009765625
487.67498779296875
486.9599914550781
486.9700012207031
486.7950134277344
486.989990234375
486.81500244140625
486.9200134277344
486.7449951171875
487.04998779296875
487.07000732421875
486.8677062988281
486.760009765625
487.04998779296875
487.1050109863281
487.0899963378906
486.94000244140625
487.1099853515625
487.1000061035156
487.2900085449219
487.3599853515625
487.54998779296875
487.0299987792969
487.1650085449219
487.2200012207031
486.79998779296875
486.9150085449219
486.94000244140625
486.989990234375
486.94000244140625
487.1300048828125
487.0799865722656
487.0400085449219
487.1700134277344
487.07000732421875
487.19000244140625
487.2699890136719
487.3599853515625
487.3699951171875
487.5076904296875
487.42999267578125
487.3800048828125
487.4599914550781
487.45001220703125
487.510009765625
487.5249938964844
487.5199890136719
487.6050109863281
487.20001220703125
487.2300109863281
487.17999267578125
487.0
487.1300048828125
486.92999267578125
487.489990234375
487.2650146484375
487.3399963378906
487.4100036621094
487.95001220703125
487.8299865722656
487.70001220703125
487.8599853515625
487.760009765625
487.9700012207031
487.82000732421875
487.9200134277344
487.9800109863281
488.05499267578125
488.25
488.07501220703125
488.32501220703125
488.7699890136719
488.69000244140625
488.32501220703125
488.739990234375
488.43499755859375
488.19000244140625
487.9200134277344
487.9200134277344
487.9800109863281
487.830810546875
488.0400085449219
488.4849853515625
488.32000732421875
488.4100036621094
488.1099853515625
488.1400146484375
487.9949951171875
488.739990234375
488.29998779296875
488.80499267578125
488.8399963378906
488.7749938964844
488.6499938964844
488.5643005371094
488.5400085449219
488.6199951171875
488.5199890136719
488.5
488.44000244140625
488.1300048828125
488.2950134277344
488.20001220703125
488.2300109863281
488.2200012207031
488.1650085449219
488.1199951171875
488.4800109863281
488.3900146484375
488.32818603515625
488.1700134277344
488.19000244140625
488.1700134277344
488.2213134765625
488.1400146484375
488.2699890136719
488.3500061035156
488.1099853515625
487.9800109863281
487.9700012207031
487.8599853515625
488.0
487.9674987792969
488.1499938964844
487.8900146484375
487.9200134277344
487.8800048828125
487.80499267578125
487.7699890136719
487.8349914550781
487.6050109863281
487.510009765625
487.5
487.5899963378906
487.8399963378906
487.92999267578125
487.8324890136719
488.1600036621094
487.69000244140625
487.79998779296875
487.8424987792969
487.9200134277344
487.7850036621094
487.9100036621094
488.3500061035156
488.17999267578125
488.32000732421875
488.51251220703125
488.30999755859375
488.3800048828125
488.3399963378906
488.29998779296875
488.25
488.16009521484375
488.40771484375
488.0
487.92999267578125
487.6724853515625
487.7659912109375
487.6600036621094
487.760009765625
487.55999755859375
487.5400085449219
487.70001220703125
487.5899963378906
487.6499938964844
487.82000732421875
487.79998779296875
487.9278869628906
487.885009765625
487.9075012207031
487.93499755859375
488.30499267578125
488.5299987792969
489.010009765625
488.82000732421875
488.5199890136719
488.3949890136719
488.2900085449219
488.44000244140625
488.4949951171875
488.9599914550781
488.8800048828125
488.8900146484375
488.9700012207031
489.17999267578125
489.1499938964844
489.0799865722656
488.9549865722656
489.0400085449219
489.4100036621094
489.06500244140625
489.010009765625
489.1300048828125
489.2200012207031
489.0299987792969
489.1700134277344
489.2449951171875
488.8599853515625
488.885009765625
488.9949951171875
489.17999267578125
489.135009765625
489.2099914550781
488.7099914550781
488.8800048828125
488.6700134277344
488.760009765625
488.5101013183594
488.44000244140625
488.6700134277344
488.7200012207031
488.79998779296875
488.25
488.1700134277344
488.1700134277344
488.80499267578125
488.8800048828125
488.9750061035156
488.875
488.8699951171875
489.3800048828125
489.7724914550781
489.5799865722656
489.1600036621094
489.05999755859375
489.2565002441406
488.375
488.7900085449219
488.7900085449219
