232.69000244140625
232.6699981689453
232.67999267578125
232.10000610351562
232.41000366210938
232.6649932861328
232.64500427246094
232.4199981689453
232.62759399414062
232.66529846191406
232.50999450683594
232.05999755859375
232.58999633789062
232.10000610351562
232.25
232.22999572753906
231.72000122070312
231.77000427246094
231.22999572753906
231.2899932861328
230.72999572753906
231.1699981689453
231.3300018310547
231.3000030517578
231.36000061035156
231.3699951171875
231.3000030517578
231.25999450683594
231.33999633789062
231.3800048828125
231.66000366210938
231.22999572753906
231.42999267578125
231.2899932861328
230.88999938964844
231.0
231.44000244140625
231.67999267578125
231.76220703125
231.32000732421875
231.57000732421875
231.11500549316406
231.05499267578125
231.1300048828125
230.9499969482422
231.07000732421875
231.22999572753906
231.0399932861328
231.3000030517578
231.1300048828125
230.78199768066406
230.8800048828125
231.22000122070312
231.1999969482422
231.25999450683594
231.4199981689453
231.2899932861328
230.6300048828125
231.2100067138672
231.52000427246094
231.57000732421875
231.57000732421875
231.6199951171875
231.61000061035156
231.39999389648438
231.9499969482422
232.46499633789062
232.42999267578125
232.72000122070312
232.5
232.3699951171875
232.0399932861328
231.99000549316406
231.66690063476562
231.5
231.5050048828125
231.75999450683594
231.91000366210938
231.8300018310547
231.710205078125
231.7899932861328
231.7899932861328
231.89999389648438
232.00999450683594
232.0449981689453
231.92999267578125
231.69000244140625
231.6199951171875
231.5
231.6999969482422
231.77049255371094
231.8800048828125
231.86000061035156
231.94000244140625
231.9600067138672
231.89999389648438
231.99000549316406
231.9499969482422
232.03810119628906
232.19000244140625
232.0399932861328
232.19000244140625
232.21499633789062
232.02000427246094
232.00999450683594
231.8699951171875
231.94500732421875
232.03750610351562
231.9300994873047
231.80999755859375
231.85000610351562
231.59500122070312
231.75999450683594
231.76499938964844
231.75
231.77000427246094
231.77000427246094
231.71499633789062
231.60000610351562
231.63999938964844
231.55499267578125
231.89999389648438
232.106201171875
232.02000427246094
232.0
231.92999267578125
232.0399932861328
232.36000061035156
232.47999572753906
232.39999389648438
232.32000732421875
232.42999267578125
232.24000549316406
232.24000549316406
232.3300018310547
232.0500030517578
232.16000366210938
232.1300048828125
232.11000061035156
232.3249969482422
232.40499877929688
232.5449981689453
232.30999755859375
232.4716033935547
232.5305938720703
232.5449981689453
232.4600067138672
232.389892578125
232.36000061035156
232.39500427246094
232.33999633789062
232.35000610351562
232.38999938964844
232.5
232.59500122070312
232.55999755859375
232.375
232.55999755859375
232.61000061035156
232.3699951171875
232.4499969482422
232.58999633789062
232.55999755859375
232.5749969482422
232.67999267578125
232.60000610351562
232.84500122070312
232.89500427246094
232.6300048828125
232.7899932861328
232.7899932861328
232.69500732421875
232.74879455566406
232.68499755859375
232.6999969482422
232.66000366210938
232.6300048828125
232.20399475097656
232.0399932861328
232.02000427246094
231.7100067138672
231.6999969482422
232.0
232.02000427246094
231.9499969482422
231.93499755859375
232.0399932861328
232.0800018310547
232.08999633789062
232.00999450683594
232.0
231.74000549316406
231.85000610351562
231.8000030517578
231.94000244140625
231.64999389648438
231.77999877929688
231.77000427246094
231.8800048828125
232.05999755859375
231.95449829101562
231.92999267578125
232.02999877929688
232.24000549316406
232.34669494628906
232.3699951171875
232.3800048828125
232.4199981689453
232.32000732421875
232.22500610351562
232.22500610351562
232.3300018310547
232.125
232.24000549316406
232.25999450683594
232.22000122070312
232.1699981689453
232.00999450683594
231.72369384765625
231.7050018310547
231.55999755859375
231.69000244140625
231.63999938964844
231.63999938964844
231.80999755859375
231.88999938964844
231.94940185546875
231.76499938964844
231.69000244140625
231.5
231.2899932861328
231.39999389648438
231.3300018310547
231.28500366210938
231.3699951171875
231.40499877929688
231.4250030517578
231.46499633789062
231.55999755859375
231.52999877929688
231.5749969482422
231.52499389648438
231.60000610351562
231.75999450683594
231.74000549316406
231.7899932861328
231.8300018310547
231.80999755859375
231.8699951171875
231.89999389648438
231.85000610351562
231.84500122070312
231.9199981689453
231.90499877929688
231.8800048828125
231.9499969482422
231.88729858398438
231.90499877929688
231.91000366210938
231.9199981689453
231.9600067138672
231.89999389648438
231.94000244140625
232.0
231.6750030517578
231.4499969482422
231.51499938964844
231.5800018310547
231.69000244140625
231.75999450683594
231.6649932861328
231.85000610351562
231.8000030517578
231.8699951171875
231.8000030517578
231.875
231.9499969482422
231.82000732421875
231.8300018310547
231.9250030517578
231.55499267578125
231.91000366210938
232.21499633789062
232.27499389648438
232.22999572753906
232.05499267578125
232.07000732421875
232.0
231.99000549316406
231.96499633789062
231.91000366210938
231.9199981689453
231.97999572753906
231.9600067138672
232.01499938964844
231.9600067138672
232.0399932861328
231.9665069580078
231.86000061035156
231.75
231.77000427246094
231.7050018310547
231.75
231.8000030517578
231.93499755859375
231.99000549316406
231.875
231.7899932861328
231.66000366210938
231.60000610351562
231.50999450683594
231.55999755859375
231.47500610351562
231.4499969482422
231.35000610351562
231.4600067138672
231.3800048828125
231.44500732421875
231.46609497070312
231.39500427246094
231.24000549316406
231.32000732421875
231.05999755859375
230.92999267578125
230.99000549316406
231.0
231.0850067138672
231.11000061035156
231.01499938964844
230.9600067138672
230.97000122070312
230.94009399414062
230.9550018310547
230.94000244140625
231.0800018310547
231.1649932861328
231.22999572753906
231.2100067138672
231.3408966064453
231.27000427246094
231.3000030517578
231.39999389648438
231.3350067138672
231.25
231.27499389648438
231.2949981689453
231.3300018310547
231.3350067138672
231.3000030517578
231.33689880371094
231.47500610351562
231.3699951171875
231.5500030517578
231.6199951171875
231.72999572753906
231.63999938964844
231.67999267578125
231.69000244140625
231.6999969482422
231.71499633789062
231.76499938964844
231.7550048828125
231.6649932861328
231.77499389648438
231.80999755859375
231.80470275878906
231.85499572753906
231.86000061035156
231.77999877929688
231.8300018310547
231.80999755859375
231.8206024169922
231.7449951171875
231.72999572753906
231.77000427246094
231.7050018310547
231.72000122070312
231.75
231.6199951171875
231.66250610351562
231.63999938964844
231.6719970703125
231.5850067138672
231.6300048828125
231.63250732421875
231.6300048828125
231.73500061035156
231.72000122070312
231.11000061035156
231.24000549316406
231.06500244140625
231.14999389648438
231.3800048828125
231.52499389648438
231.375
231.52999877929688
231.6300048828125
231.5749969482422
231.56500244140625
231.74000549316406
231.6699981689453
231.7100067138672
231.75010681152344
231.75
231.6999969482422
231.67999267578125
231.58999633789062
231.61000061035156
231.5500030517578
231.6300048828125
231.5500030517578
231.55999755859375
231.41000366210938
231.3800048828125
231.39999389648438
231.31500244140625
231.42999267578125
231.44000244140625
231.09500122070312
231.3000030517578
231.28500366210938
231.02999877929688
230.9550018310547
231.0399932861328
231.13999938964844
231.11000061035156
231.11500549316406
231.125
231.08999633789062
231.07000732421875
230.94000244140625
231.00999450683594
231.08999633789062
231.19000244140625
231.1699981689453
231.18499755859375
231.02000427246094
231.02000427246094
231.01809692382812
231.0
231.0500030517578
231.00999450683594
231.0800018310547
231.05499267578125
231.17999267578125
231.2050018310547
231.24659729003906
231.1999969482422
231.2050018310547
231.17999267578125
231.1199951171875
231.1999969482422
231.16000366210938
231.10000610351562
231.1199951171875
231.1699981689453
231.07000732421875
231.04229736328125
231.14999389648438
231.1300048828125
230.92999267578125
230.88499450683594
230.73500061035156
230.6999969482422
230.81179809570312
230.93499755859375
230.92999267578125
230.91000366210938
230.85000610351562
230.98500061035156
231.1999969482422
231.1649932861328
231.14669799804688
231.1300048828125
231.2147979736328
231.125
231.01499938964844
231.1103057861328
231.12989807128906
231.3000030517578
231.25999450683594
231.22000122070312
231.14999389648438
231.22000122070312
231.11000061035156
231.0800018310547
230.99000549316406
230.94000244140625
231.08999633789062
230.9199981689453
230.91000366210938
231.02999877929688
231.10000610351562
231.02499389648438
231.02999877929688
231.02000427246094
230.88999938964844
231.13999938964844
231.2550048828125
231.19000244140625
231.1300048828125
231.02499389648438
231.02000427246094
231.10000610351562
230.8300018310547
230.97000122070312
230.94000244140625
230.88999938964844
230.99000549316406
230.9499969482422
231.02999877929688
231.11000061035156
231.0800018310547
231.0800018310547
231.03500366210938
230.99000549316406
231.2100067138672
231.11000061035156
231.07000732421875
231.61000061035156
231.8000030517578
231.4499969482422
231.27000427246094
231.17999267578125
231.57000732421875
231.27999877929688
231.52000427246094
231.52000427246094
