54.099998474121094
54.130001068115234
54.03499984741211
54.02859878540039
53.94499969482422
53.959999084472656
53.97999954223633
53.900001525878906
53.935001373291016
53.994998931884766
53.97999954223633
53.904998779296875
53.814998626708984
53.845001220703125
53.845001220703125
53.85499954223633
53.8849983215332
53.849998474121094
53.83000183105469
53.84000015258789
53.93000030517578
53.93000030517578
53.95500183105469
53.91999816894531
53.8849983215332
53.85499954223633
53.904998779296875
53.845001220703125
53.85499954223633
53.869998931884766
53.8567008972168
53.95000076293945
53.935001373291016
53.932701110839844
53.93000030517578
53.967201232910156
54.02439880371094
54.05500030517578
54.07500076293945
54.0
53.994998931884766
53.95000076293945
53.94499969482422
53.919898986816406
53.9119987487793
53.92499923706055
53.95000076293945
53.939998626708984
53.935001373291016
53.96500015258789
54.005001068115234
54.03499984741211
54.025001525878906
54.025001525878906
53.994998931884766
53.96500015258789
53.96500015258789
54.005001068115234
54.04499816894531
54.07500076293945
54.08729934692383
54.04499816894531
53.98720169067383
53.970001220703125
53.935001373291016
53.86000061035156
53.869998931884766
53.845001220703125
53.83000183105469
53.845001220703125
53.875
53.83000183105469
53.81999969482422
53.83660125732422
53.84370040893555
53.8849983215332
53.93000030517578
53.935001373291016
53.915000915527344
53.93000030517578
53.95289993286133
53.90999984741211
53.907501220703125
53.90999984741211
53.869998931884766
53.88650131225586
53.904998779296875
53.95000076293945
53.95000076293945
53.97999954223633
53.96500015258789
53.994998931884766
53.972999572753906
53.994998931884766
53.994998931884766
53.994998931884766
53.98500061035156
53.970001220703125
53.994998931884766
54.03499984741211
54.05500030517578
54.04999923706055
54.025001525878906
54.010799407958984
54.04499816894531
54.095001220703125
54.095001220703125
54.10499954223633
54.1150016784668
54.125
54.09000015258789
54.1150016784668
54.099998474121094
54.09270095825195
54.095001220703125
54.109901428222656
54.10499954223633
54.10499954223633
54.084999084472656
54.0702018737793
54.04999923706055
54.05500030517578
54.022499084472656
54.0099983215332
54.040000915527344
54.040000915527344
54.025001525878906
54.0099983215332
54.0
53.97999954223633
53.959999084472656
54.0
53.994998931884766
53.97999954223633
53.97999954223633
53.9900016784668
53.970001220703125
53.976600646972656
53.98500061035156
53.986698150634766
54.0099983215332
54.03499984741211
54.05500030517578
54.036399841308594
54.03499984741211
54.06999969482422
54.03499984741211
54.05500030517578
54.084999084472656
54.08829879760742
54.10499954223633
54.095001220703125
54.064998626708984
54.064998626708984
54.06999969482422
54.029998779296875
54.025001525878906
54.025001525878906
54.03300094604492
54.03499984741211
54.06999969482422
54.05500030517578
54.03499984741211
54.01089859008789
54.01499938964844
54.025001525878906
54.025001525878906
54.04499816894531
54.040000915527344
54.040000915527344
54.095001220703125
54.079898834228516
54.09560012817383
54.09000015258789
54.10499954223633
54.09000015258789
54.09000015258789
54.07500076293945
54.064998626708984
54.04499816894531
54.06779861450195
54.06999969482422
54.060001373291016
54.01499938964844
53.992000579833984
53.98360061645508
53.96500015258789
53.95000076293945
53.9474983215332
53.974998474121094
53.94499969482422
53.92499923706055
53.93550109863281
53.97249984741211
53.95500183105469
53.945499420166016
53.94499969482422
53.95000076293945
53.94499969482422
53.89500045776367
53.869998931884766
53.88999938964844
53.86000061035156
53.88999938964844
53.89500045776367
53.904998779296875
53.904998779296875
53.92499923706055
53.92499923706055
53.92369842529297
53.93199920654297
53.95000076293945
53.95500183105469
53.95500183105469
53.970001220703125
53.93989944458008
53.95000076293945
53.935001373291016
53.915000915527344
53.915000915527344
53.91999816894531
53.90299987792969
53.88999938964844
53.905601501464844
53.904998779296875
53.88999938964844
53.904998779296875
53.900001525878906
53.900001525878906
53.88999938964844
53.90999984741211
53.935001373291016
53.915000915527344
53.8849983215332
53.89500045776367
53.8849983215332
53.880001068115234
53.880001068115234
53.904998779296875
53.904998779296875
53.875
53.875
53.8849983215332
53.8849983215332
53.8849983215332
53.89500045776367
53.90999984741211
53.91999816894531
53.904998779296875
53.904998779296875
53.904998779296875
53.915000915527344
53.88999938964844
53.904998779296875
53.89500045776367
53.8921012878418
53.89500045776367
53.89500045776367
53.94499969482422
53.94499969482422
53.89500045776367
53.8650016784668
53.845001220703125
53.875
53.875
53.875
53.849998474121094
53.875
53.875
53.8650016784668
53.8849983215332
53.8650016784668
53.85499954223633
53.858001708984375
53.85499954223633
53.85369873046875
53.85499954223633
53.85499954223633
53.86000061035156
53.85499954223633
53.8306999206543
53.80500030517578
53.79999923706055
53.79499816894531
53.80009841918945
53.775001525878906
53.78499984741211
53.77009963989258
53.78630065917969
53.78499984741211
53.78499984741211
53.79999923706055
53.80500030517578
53.803001403808594
53.803001403808594
53.82500076293945
53.83000183105469
53.81990051269531
53.810001373291016
53.80500030517578
53.80500030517578
53.80289840698242
53.814998626708984
53.81999969482422
53.81679916381836
53.810001373291016
53.790000915527344
53.79280090332031
53.77989959716797
53.779998779296875
53.76499938964844
53.7599983215332
53.775001525878906
53.779998779296875
53.779998779296875
53.78580093383789
53.78499984741211
53.790000915527344
53.79999923706055
53.80699920654297
53.810001373291016
53.810001373291016
53.810001373291016
53.775001525878906
53.79499816894531
53.790000915527344
53.790000915527344
53.802101135253906
53.82339859008789
53.839900970458984
53.81209945678711
53.814998626708984
53.810001373291016
53.80500030517578
53.82929992675781
53.834999084472656
53.814998626708984
53.82500076293945
53.832698822021484
53.83100128173828
53.85150146484375
53.8650016784668
53.875
53.87990188598633
53.8650016784668
53.8650016784668
53.8650016784668
53.8650016784668
53.8650016784668
53.89500045776367
53.904998779296875
53.88199996948242
53.84000015258789
53.834999084472656
53.84000015258789
53.836299896240234
53.8650016784668
53.849998474121094
53.85499954223633
53.84000015258789
53.86989974975586
53.86000061035156
53.834999084472656
53.834999084472656
53.82389831542969
53.81999969482422
53.82469940185547
53.82500076293945
53.834999084472656
53.858001708984375
53.85060119628906
53.855899810791016
53.8572998046875
53.89500045776367
53.869998931884766
53.875
53.88999938964844
53.904998779296875
53.900001525878906
53.904998779296875
53.8849983215332
53.875
53.8849983215332
53.89500045776367
53.885799407958984
53.899898529052734
53.90999984741211
53.89500045776367
53.935001373291016
53.935001373291016
53.96500015258789
53.939998626708984
53.939998626708984
53.92499923706055
53.935001373291016
53.935001373291016
53.95500183105469
53.94369888305664
53.94499969482422
53.94499969482422
53.91999816894531
53.904998779296875
53.92499923706055
53.90999984741211
53.90999984741211
53.90999984741211
53.90999984741211
53.902801513671875
53.900001525878906
53.875
53.86000061035156
53.85559844970703
53.81999969482422
53.82680130004883
53.810001373291016
53.810001373291016
53.8129997253418
53.814998626708984
53.80099868774414
53.834999084472656
53.849998474121094
53.834999084472656
53.814998626708984
53.80500030517578
53.79499816894531
53.779998779296875
53.810001373291016
53.792999267578125
53.75559997558594
53.795501708984375
53.80500030517578
53.779998779296875
53.810001373291016
53.77000045776367
53.78499984741211
53.79999923706055
53.79499816894531
53.79499816894531
53.779998779296875
53.78260040283203
53.78499984741211
53.790000915527344
53.79499816894531
53.79499816894531
53.79999923706055
53.828399658203125
53.81999969482422
53.82500076293945
53.81999969482422
53.81999969482422
53.78499984741211
53.790000915527344
53.755001068115234
53.7599983215332
53.755001068115234
53.744998931884766
53.744998931884766
53.724998474121094
53.733299255371094
53.724998474121094
53.709999084472656
53.72840118408203
53.73500061035156
53.7400016784668
53.7401008605957
53.755001068115234
53.77000045776367
53.779998779296875
53.775001525878906
53.775001525878906
53.777198791503906
53.810001373291016
53.82500076293945
53.82500076293945
53.810001373291016
53.79499816894531
53.775001525878906
53.7765007019043
53.775001525878906
53.80500030517578
53.79499816894531
53.797000885009766
53.814998626708984
53.79499816894531
53.79290008544922
53.79499816894531
53.775001525878906
53.76499938964844
53.76499938964844
53.76499938964844
53.76499938964844
53.790000915527344
53.79499816894531
53.79499816894531
53.79499816894531
53.79499816894531
53.720001220703125
53.73500061035156
53.749000549316406
53.755001068115234
53.755001068115234
53.77000045776367
53.76499938964844
53.7599983215332
53.724998474121094
53.73500061035156
53.744998931884766
53.73500061035156
53.744998931884766
53.744998931884766
53.744998931884766
53.72999954223633
53.724998474121094
53.724998474121094
53.75
53.744998931884766
53.73500061035156
53.744998931884766
53.7400016784668
53.79999923706055
53.814998626708984
53.80500030517578
53.790000915527344
53.78499984741211
53.80500030517578
53.775001525878906
53.79999923706055
53.79999923706055
