50.2599983215332
50.2400016784668
50.189998626708984
50.125
50.12080001831055
50.158199310302734
50.220001220703125
50.150001525878906
50.28609848022461
50.290000915527344
50.29999923706055
50.189998626708984
50.150001525878906
50.16999816894531
50.290000915527344
50.2599983215332
50.25
50.2599983215332
50.220001220703125
50.290000915527344
50.189998626708984
50.25
50.25
50.220001220703125
50.21500015258789
50.22999954223633
50.19499969482422
50.14070129394531
50.20000076293945
50.209999084472656
50.209999084472656
50.290000915527344
50.33000183105469
50.279998779296875
50.30659866333008
50.29999923706055
50.23500061035156
50.22999954223633
50.22999954223633
50.150001525878906
50.189998626708984
50.13999938964844
50.119998931884766
50.111000061035156
50.12120056152344
50.11000061035156
50.099998474121094
50.06999969482422
50.084999084472656
50.060001373291016
50.02000045776367
50.040000915527344
49.97999954223633
50.0
49.94350051879883
49.959999084472656
49.939998626708984
49.93000030517578
49.95000076293945
49.97999954223633
49.97999954223633
49.959999084472656
49.939998626708984
49.939998626708984
49.93000030517578
49.959999084472656
49.959999084472656
50.0099983215332
50.060001373291016
50.0
50.060001373291016
50.01499938964844
49.9900016784668
50.02000045776367
49.939998626708984
49.97999954223633
49.9900016784668
50.040000915527344
50.0099983215332
50.040000915527344
50.03499984741211
50.05500030517578
50.06999969482422
50.09299850463867
50.13999938964844
50.18000030517578
50.16999816894531
50.244998931884766
50.22999954223633
50.21440124511719
50.17169952392578
50.185001373291016
50.17499923706055
50.185001373291016
50.13999938964844
50.15010070800781
50.150001525878906
50.119998931884766
50.119998931884766
50.189998626708984
50.189998626708984
50.18000030517578
50.189998626708984
50.189998626708984
50.18000030517578
50.19329833984375
50.185001373291016
50.23500061035156
50.27000045776367
50.290000915527344
50.2400016784668
50.220001220703125
50.22999954223633
50.18899917602539
50.165000915527344
50.20000076293945
50.22850036621094
50.25
50.209999084472656
50.220001220703125
50.20000076293945
50.185001373291016
50.150001525878906
50.150001525878906
50.18000030517578
50.22999954223633
50.20000076293945
50.18000030517578
50.20000076293945
50.15999984741211
50.165000915527344
50.189998626708984
50.209999084472656
50.20000076293945
50.20000076293945
50.16999816894531
50.13999938964844
50.125
50.130001068115234
50.130001068115234
50.13999938964844
50.14189910888672
50.119998931884766
50.118900299072266
50.13999938964844
50.15999984741211
50.18000030517578
50.150001525878906
50.16999816894531
50.130001068115234
50.13999938964844
50.130001068115234
50.11000061035156
50.130001068115234
50.150001525878906
50.11000061035156
50.086299896240234
50.10499954223633
50.11109924316406
50.109901428222656
50.099998474121094
50.11000061035156
50.099998474121094
50.11000061035156
50.07500076293945
50.07500076293945
50.040000915527344
50.029998779296875
50.0
49.974998474121094
49.9900016784668
49.97999954223633
49.97999954223633
50.04949951171875
50.06999969482422
50.06999969482422
50.08000183105469
50.060001373291016
50.1150016784668
50.09000015258789
50.150001525878906
50.165000915527344
50.16999816894531
50.15999984741211
50.150001525878906
50.13999938964844
50.15999984741211
50.11000061035156
50.13999938964844
50.119998931884766
50.13999938964844
50.125
50.10499954223633
50.099998474121094
50.07500076293945
50.04199981689453
50.060001373291016
50.02000045776367
50.029998779296875
49.959999084472656
49.98500061035156
49.974998474121094
49.96500015258789
49.93000030517578
49.939998626708984
49.929901123046875
49.93000030517578
49.939998626708984
49.95000076293945
49.97999954223633
50.0099983215332
50.0099983215332
50.02000045776367
50.029998779296875
50.050498962402344
50.05500030517578
50.040000915527344
50.029998779296875
49.970001220703125
49.95000076293945
49.95000076293945
49.939998626708984
49.91999816894531
49.900001525878906
49.904998779296875
49.8849983215332
49.89500045776367
49.88999938964844
49.869998931884766
49.88999938964844
49.93000030517578
49.91999816894531
49.88999938964844
49.84000015258789
49.849998474121094
49.8849983215332
49.869998931884766
49.85749816894531
49.89500045776367
49.869998931884766
49.849998474121094
49.875
49.880001068115234
49.89500045776367
49.900001525878906
49.88999938964844
49.880001068115234
49.900001525878906
49.904998779296875
49.904998779296875
49.89500045776367
49.88999938964844
49.900001525878906
49.900001525878906
49.900001525878906
49.900001525878906
49.904998779296875
49.90999984741211
49.91999816894531
49.91999816894531
49.93000030517578
49.88999938964844
49.880001068115234
49.95000076293945
49.939998626708984
49.91999816894531
49.935001373291016
49.97999954223633
49.98500061035156
50.0
50.01860046386719
50.005001068115234
50.0
50.0
49.97999954223633
49.970001220703125
49.959999084472656
49.970001220703125
49.994998931884766
49.9900016784668
49.970001220703125
50.04499816894531
50.099998474121094
50.07500076293945
50.064998626708984
50.025001525878906
50.039398193359375
50.03499984741211
50.049598693847656
50.029998779296875
50.029998779296875
50.040000915527344
50.040000915527344
50.040000915527344
50.040000915527344
50.029701232910156
50.0099983215332
50.0
49.97999954223633
49.96500015258789
49.93000030517578
49.935001373291016
49.90999984741211
49.88999938964844
49.935001373291016
49.915000915527344
49.91999816894531
49.93000030517578
49.90999984741211
49.90999984741211
49.90999984741211
49.880001068115234
49.86000061035156
49.869998931884766
49.889198303222656
49.878501892089844
49.84709930419922
49.83000183105469
49.86000061035156
49.880001068115234
49.849998474121094
49.86000061035156
49.83000183105469
49.814998626708984
49.82500076293945
49.814998626708984
49.810001373291016
49.810001373291016
49.817501068115234
49.810001373291016
49.79499816894531
49.790000915527344
49.790000915527344
49.807701110839844
49.79999923706055
49.810001373291016
49.819400787353516
49.810001373291016
49.80730056762695
49.790000915527344
49.810001373291016
49.790000915527344
49.779998779296875
49.79169845581055
49.77000045776367
49.810001373291016
49.8135986328125
49.8135986328125
49.77799987792969
49.79999923706055
49.84000015258789
49.853599548339844
49.7599983215332
49.76499938964844
49.744998931884766
49.7599983215332
49.77000045776367
49.779998779296875
49.794898986816406
49.79759979248047
49.82500076293945
49.810001373291016
49.790000915527344
49.81999969482422
49.790000915527344
49.79999923706055
49.810001373291016
49.81370162963867
49.80500030517578
49.845001220703125
49.88999938964844
49.8849983215332
49.900001525878906
49.900001525878906
49.88999938964844
49.86330032348633
49.86000061035156
49.84000015258789
49.834999084472656
49.84000015258789
49.83000183105469
49.849998474121094
49.90810012817383
49.915000915527344
49.939998626708984
49.935001373291016
49.95000076293945
49.88999938964844
49.880001068115234
49.88999938964844
49.8849983215332
49.880001068115234
49.880001068115234
49.85499954223633
49.869998931884766
49.849998474121094
49.84000015258789
49.81999969482422
49.810001373291016
49.839900970458984
49.86000061035156
49.88999938964844
49.900001525878906
49.93000030517578
49.900001525878906
49.8849983215332
49.869998931884766
49.849998474121094
49.845001220703125
49.81999969482422
49.81999969482422
49.849998474121094
49.81999969482422
49.79800033569336
49.81999969482422
49.79999923706055
49.79570007324219
49.79999923706055
49.775001525878906
49.79499816894531
49.790000915527344
49.779998779296875
49.77000045776367
49.72999954223633
49.72919845581055
49.70000076293945
49.720001220703125
49.709999084472656
49.685001373291016
49.65999984741211
49.63999938964844
49.64500045776367
49.650001525878906
49.65999984741211
49.619998931884766
49.63999938964844
49.630001068115234
49.63999938964844
49.63999938964844
49.63999938964844
49.6349983215332
49.630001068115234
49.650001525878906
49.665000915527344
49.685001373291016
49.689998626708984
49.689998626708984
49.66999816894531
49.689998626708984
49.69499969482422
49.67900085449219
49.68000030517578
49.68000030517578
49.650001525878906
49.65999984741211
49.6349983215332
49.66999816894531
49.63130187988281
49.63999938964844
49.63999938964844
49.61000061035156
49.60499954223633
49.599998474121094
49.619998931884766
49.625
49.63999938964844
49.619998931884766
49.619998931884766
49.599998474121094
49.6150016784668
49.63999938964844
49.630001068115234
49.66999816894531
49.709999084472656
49.709999084472656
49.720001220703125
49.724998474121094
49.70000076293945
49.709999084472656
49.72999954223633
49.71500015258789
49.689998626708984
49.709999084472656
49.744998931884766
49.73500061035156
49.720001220703125
49.709999084472656
49.709999084472656
49.72999954223633
49.70800018310547
49.67499923706055
49.69499969482422
49.70000076293945
49.689998626708984
49.685001373291016
49.689998626708984
49.560001373291016
49.579898834228516
49.560001373291016
49.55500030517578
49.564998626708984
49.57500076293945
49.579898834228516
49.58000183105469
49.52000045776367
49.52000045776367
49.51499938964844
49.51499938964844
49.52000045776367
49.53499984741211
49.53499984741211
49.5275993347168
49.48500061035156
49.48500061035156
49.4900016784668
49.459999084472656
49.45650100708008
49.42499923706055
49.400001525878906
49.55220031738281
49.560001373291016
49.505001068115234
49.46500015258789
49.5099983215332
49.53499984741211
49.439998626708984
49.5
49.5
