140.3800048828125
140.3000030517578
140.27999877929688
140.35499572753906
140.4250030517578
140.3489990234375
140.47999572753906
140.32000732421875
140.31410217285156
140.36000061035156
140.375
140.22999572753906
139.7899932861328
139.82000732421875
140.07000732421875
140.16000366210938
140.31590270996094
140.22000122070312
140.11000061035156
140.1999969482422
140.2100067138672
140.16619873046875
140.19000244140625
140.1300048828125
140.0800018310547
140.2100067138672
140.08999633789062
140.0500030517578
140.0500030517578
140.00999450683594
140.0500030517578
140.06500244140625
139.9600067138672
139.9499969482422
140.0500030517578
140.1699981689453
140.35000610351562
140.31500244140625
140.33999633789062
140.28829956054688
140.1699981689453
140.14999389648438
140.14999389648438
140.14999389648438
140.1699981689453
140.14999389648438
140.17999267578125
140.15969848632812
140.152099609375
140.0800018310547
140.0467987060547
140.18980407714844
140.15089416503906
140.17999267578125
140.1199951171875
140.09109497070312
140.10000610351562
140.1132049560547
140.1999969482422
140.17999267578125
140.16000366210938
140.1199951171875
140.08999633789062
140.0699005126953
140.06500244140625
140.02999877929688
140.00999450683594
139.94000244140625
140.0399932861328
139.96499633789062
139.99000549316406
140.0
140.0
140.02999877929688
139.92999267578125
139.92999267578125
139.9550018310547
140.0800018310547
140.15109252929688
140.27000427246094
140.23179626464844
140.11990356445312
140.15499877929688
140.17999267578125
140.21009826660156
140.2899932861328
140.30999755859375
140.38999938964844
140.4550018310547
140.4499969482422
140.43499755859375
140.47999572753906
140.47030639648438
140.55149841308594
140.58999633789062
140.6199951171875
140.66000366210938
140.6649932861328
140.7100067138672
140.74000549316406
140.77999877929688
140.8000030517578
140.86000061035156
140.86000061035156
140.92999267578125
141.0399932861328
141.00999450683594
141.0399932861328
141.0800018310547
141.08999633789062
141.10000610351562
141.1199951171875
141.06500244140625
140.92999267578125
140.98500061035156
141.05999755859375
141.01499938964844
141.0800018310547
141.05999755859375
141.0012969970703
141.01499938964844
141.0500030517578
141.02499389648438
141.0399932861328
141.0
141.14999389648438
141.13499450683594
141.18499755859375
141.19000244140625
141.14999389648438
141.14999389648438
141.16000366210938
141.17999267578125
141.25
141.27999877929688
141.33999633789062
141.16000366210938
141.13499450683594
141.22500610351562
141.14500427246094
141.16009521484375
141.17999267578125
141.15499877929688
141.16879272460938
141.2100067138672
141.1999969482422
141.1300048828125
141.13999938964844
141.14500427246094
141.17999267578125
141.17999267578125
141.17999267578125
141.22000122070312
141.26499938964844
141.22999572753906
141.16000366210938
141.0500030517578
141.0399932861328
141.01499938964844
141.00999450683594
140.99000549316406
141.0
140.97000122070312
140.90260314941406
140.89120483398438
140.89999389648438
140.91000366210938
140.91000366210938
140.8249969482422
140.82000732421875
140.86500549316406
140.8699951171875
140.81500244140625
140.83779907226562
140.83999633789062
141.08999633789062
141.10000610351562
141.07000732421875
141.0500030517578
141.05999755859375
141.10499572753906
141.11000061035156
141.11000061035156
141.07000732421875
141.0500030517578
141.1699981689453
141.14999389648438
141.1300048828125
141.1199951171875
141.15029907226562
141.19500732421875
141.2100067138672
141.1699981689453
141.1199951171875
141.11000061035156
141.13999938964844
141.1199951171875
141.0500030517578
141.01499938964844
141.02659606933594
141.00999450683594
141.0500030517578
141.02499389648438
141.07000732421875
141.1199951171875
141.0500030517578
141.02999877929688
141.0449981689453
140.9949951171875
141.03500366210938
141.08999633789062
141.10499572753906
141.08999633789062
141.0670928955078
141.1300048828125
141.10000610351562
141.05999755859375
141.02000427246094
141.0399932861328
141.05999755859375
141.03990173339844
141.02999877929688
140.99000549316406
140.97999572753906
141.0399932861328
141.02999877929688
141.0500030517578
141.05999755859375
141.0399932861328
141.0500030517578
141.0850067138672
141.0800018310547
141.02000427246094
140.94000244140625
140.91000366210938
140.97000122070312
140.97000122070312
140.99000549316406
141.0500030517578
141.05999755859375
141.1300048828125
141.13999938964844
141.19000244140625
141.25
141.19000244140625
141.22999572753906
141.22999572753906
141.27999877929688
141.32000732421875
141.33999633789062
141.38999938964844
141.41000366210938
141.43499755859375
141.43499755859375
141.4149932861328
141.39999389648438
141.37229919433594
141.3000030517578
141.3699951171875
141.3699951171875
141.42999267578125
141.3343963623047
141.3699951171875
141.42999267578125
141.39999389648438
141.4199981689453
141.47999572753906
141.57000732421875
141.5800018310547
141.66119384765625
141.6750030517578
141.6649932861328
141.61500549316406
141.68499755859375
141.6699981689453
141.6750030517578
141.66329956054688
141.64999389648438
141.63999938964844
141.60499572753906
141.55999755859375
141.52999877929688
141.60000610351562
141.57000732421875
141.58999633789062
141.59219360351562
141.60000610351562
141.64999389648438
141.5800018310547
141.61500549316406
141.6300048828125
141.6999969482422
141.7429962158203
141.72000122070312
141.75999450683594
141.74000549316406
141.66000366210938
141.6199951171875
141.5500030517578
141.5625
141.47999572753906
141.4600067138672
141.4600067138672
141.49000549316406
141.50999450683594
141.52999877929688
141.52000427246094
141.58999633789062
141.60000610351562
141.55999755859375
141.47999572753906
141.5399932861328
141.4600067138672
141.4600067138672
141.52000427246094
141.44500732421875
141.44000244140625
141.4550018310547
141.52000427246094
141.54800415039062
141.5050048828125
141.49000549316406
141.52000427246094
141.5399932861328
141.5500030517578
141.52999877929688
141.59500122070312
141.6699981689453
141.64999389648438
141.64999389648438
141.61000061035156
141.63499450683594
141.66000366210938
141.66310119628906
141.66000366210938
141.60000610351562
141.65499877929688
141.6300048828125
141.64999389648438
141.61990356445312
141.5800018310547
141.58999633789062
141.5399932861328
141.55999755859375
141.55999755859375
141.58180236816406
141.52999877929688
141.49000549316406
141.5
141.5399932861328
141.64999389648438
141.6300048828125
141.63589477539062
141.625
141.639892578125
141.69549560546875
141.6999969482422
141.6999969482422
141.69000244140625
141.7550048828125
141.75999450683594
141.80999755859375
141.73399353027344
141.73980712890625
141.7071990966797
141.7200927734375
141.74000549316406
141.77999877929688
141.82000732421875
141.91000366210938
141.93499755859375
141.94000244140625
141.9499969482422
141.97000122070312
141.9600067138672
141.93499755859375
141.97000122070312
141.94000244140625
141.90499877929688
141.8699951171875
141.83990478515625
141.88999938964844
141.8800048828125
141.88999938964844
141.8800048828125
141.85499572753906
141.91000366210938
141.79420471191406
141.9561004638672
141.9600067138672
141.9600067138672
141.9199981689453
141.9199981689453
141.8000030517578
141.7899932861328
141.8000030517578
141.7899932861328
141.7819061279297
141.77999877929688
141.8249969482422
141.85000610351562
141.8800048828125
141.8699951171875
141.86000061035156
141.86000061035156
141.83999633789062
141.85560607910156
141.8415985107422
141.82000732421875
141.7550048828125
141.74009704589844
141.75
141.65499877929688
141.61000061035156
141.60000610351562
141.58990478515625
141.58999633789062
141.60000610351562
141.39999389648438
141.48660278320312
141.47000122070312
141.44500732421875
141.3300018310547
141.36000061035156
141.32000732421875
141.3000030517578
141.32000732421875
141.27499389648438
141.18499755859375
141.2100067138672
141.1999969482422
141.13999938964844
141.22999572753906
141.1999969482422
141.1999969482422
141.1699981689453
141.17999267578125
141.1697998046875
141.19000244140625
141.16000366210938
141.1699981689453
141.1999969482422
141.19000244140625
141.19000244140625
141.16000366210938
141.2899932861328
141.2949981689453
141.25999450683594
141.2550048828125
141.27000427246094
141.25
141.25999450683594
141.2899932861328
141.22999572753906
141.22000122070312
141.1699981689453
141.16000366210938
141.07000732421875
141.1300048828125
141.1300048828125
141.07000732421875
141.05999755859375
141.0800018310547
141.1199951171875
141.13999938964844
141.22000122070312
141.22000122070312
141.19500732421875
141.17999267578125
141.25
141.3350067138672
141.3699951171875
141.46409606933594
141.5
141.47000122070312
141.4499969482422
141.3699951171875
141.41000366210938
141.44000244140625
141.5050048828125
141.5399932861328
141.55999755859375
141.57000732421875
141.61500549316406
141.6300048828125
141.61000061035156
141.57000732421875
141.5399932861328
141.47000122070312
141.42149353027344
141.4199981689453
141.4149932861328
141.4499969482422
141.4199981689453
141.38670349121094
141.36000061035156
141.11000061035156
141.2100067138672
141.24229431152344
141.30999755859375
141.27999877929688
141.27999877929688
141.22999572753906
141.1999969482422
141.05999755859375
141.0500030517578
140.98500061035156
140.99000549316406
141.00999450683594
140.99000549316406
140.97000122070312
140.89999389648438
140.80999755859375
140.81500244140625
140.83999633789062
140.80999755859375
140.86000061035156
140.83999633789062
140.77999877929688
140.97000122070312
141.03500366210938
140.9149932861328
140.83999633789062
140.83999633789062
140.92999267578125
140.86619567871094
140.91000366210938
140.91000366210938
